0.000000e+00
6.786203e-02
1.333840e-01
1.997249e-01
2.686820e-01
4.652789e-01
5.225210e-01
5.904870e-01
6.624939e-01
7.227020e-01
7.914279e-01
8.649969e-01
9.225409e-01
9.905140e-01
1.065014e+00
1.122678e+00
1.191072e+00
1.262484e+00
1.330083e+00
1.390882e+00
1.464998e+00
1.522496e+00
1.590898e+00
1.662487e+00
1.722669e+00
1.791283e+00
1.862461e+00
1.922659e+00
1.990991e+00
2.062375e+00
2.122517e+00
2.190280e+00
2.262529e+00
2.322657e+00
2.390112e+00
2.465123e+00
2.522675e+00
2.614684e+00
2.686940e+00
2.731742e+00
2.862448e+00
2.922674e+00
2.990473e+00
3.064381e+00
3.122535e+00
3.190178e+00
3.264377e+00
3.390341e+00
3.462468e+00
3.522659e+00
3.590316e+00
3.722534e+00
3.790434e+00
3.922527e+00
3.990471e+00
4.122662e+00
4.190318e+00
4.322530e+00
4.390204e+00
4.462720e+00
4.522667e+00
4.590322e+00
4.662467e+00
4.722681e+00
4.790441e+00
4.864852e+00
4.922507e+00
4.989716e+00
5.064360e+00
5.122653e+00
5.189722e+00
5.262390e+00
5.322511e+00
5.398733e+00
5.464631e+00
5.522523e+00
5.590328e+00
5.663077e+00
5.723302e+00
5.790547e+00
5.862466e+00
5.923183e+00
5.989722e+00
6.062433e+00
6.123150e+00
6.190270e+00
6.264508e+00
6.323308e+00
6.390501e+00
6.464577e+00
6.523178e+00
6.589578e+00
6.662512e+00
6.723173e+00
6.790554e+00
6.862650e+00
6.923360e+00
6.989849e+00
7.062330e+00
7.123148e+00
7.190117e+00
7.262463e+00
7.323302e+00
7.390300e+00
7.467105e+00
7.523308e+00
7.590167e+00
7.664466e+00
7.723169e+00
7.790381e+00
7.886924e+00
7.941291e+00
8.013691e+00
8.124420e+00
8.190140e+00
8.262327e+00
8.323150e+00
8.390140e+00
8.464211e+00
8.523234e+00
8.590468e+00
8.667021e+00
8.723135e+00
8.790364e+00
8.862353e+00
8.922518e+00
8.990412e+00
9.122580e+00
9.190265e+00
9.265163e+00
9.322466e+00
9.389549e+00
9.468513e+00
9.522434e+00
9.590507e+00
9.662667e+00
9.722618e+00
9.790537e+00
9.922445e+00
9.989646e+00
1.012259e+01
1.018972e+01
1.032260e+01
1.039059e+01
1.052263e+01
1.059009e+01
1.072257e+01
1.079049e+01
1.086338e+01
1.092258e+01
1.099023e+01
1.106297e+01
1.112246e+01
1.118955e+01
1.126321e+01
1.132256e+01
1.139024e+01
1.147546e+01
1.152262e+01
1.159009e+01
1.166304e+01
1.172242e+01
1.179052e+01
1.186324e+01
1.192254e+01
1.198981e+01
1.206496e+01
1.212242e+01
1.219009e+01
1.226496e+01
1.232242e+01
1.239025e+01
1.246527e+01
1.252254e+01
1.259023e+01
1.266486e+01
1.272240e+01
1.279033e+01
1.286489e+01
1.292240e+01
1.299036e+01
1.306500e+01
1.313135e+01
1.320916e+01
1.327641e+01
1.340294e+01
1.346594e+01
1.352300e+01
1.358969e+01
1.366500e+01
1.372255e+01
1.379034e+01
1.386482e+01
1.392232e+01
1.398961e+01
1.406502e+01
1.412243e+01
1.418964e+01
1.426236e+01
1.432246e+01
1.438950e+01
1.446250e+01
1.452235e+01
1.458949e+01
1.466428e+01
1.472245e+01
1.479048e+01
1.486235e+01
1.492232e+01
1.499067e+01
1.506873e+01
1.512232e+01
1.519098e+01
1.526431e+01
1.532248e+01
1.539035e+01
1.546225e+01
1.559077e+01
1.566461e+01
1.572233e+01
1.579125e+01
1.586252e+01
1.592246e+01
1.599041e+01
1.606417e+01
1.612218e+01
1.619072e+01
1.626430e+01
1.632217e+01
1.639030e+01
1.646439e+01
1.652233e+01
1.659027e+01
1.672218e+01
1.679032e+01
1.692231e+01
1.699032e+01
1.712233e+01
1.718947e+01
1.732217e+01
1.739003e+01
1.752231e+01
1.759038e+01
1.772217e+01
1.779028e+01
1.786454e+01
1.792218e+01
1.799264e+01
1.806510e+01
1.812232e+01
1.819018e+01
1.826456e+01
1.832217e+01
1.839040e+01
1.848927e+01
1.860772e+01
1.868579e+01
1.872232e+01
1.879043e+01
1.886219e+01
1.892216e+01
1.899013e+01
1.906490e+01
1.912215e+01
1.918957e+01
1.926400e+01
1.932229e+01
1.938961e+01
1.946431e+01
1.952284e+01
1.960149e+01
1.966235e+01
1.972296e+01
1.979050e+01
1.986259e+01
1.992295e+01
1.999024e+01
2.006764e+01
2.012282e+01
2.019016e+01
2.026228e+01
2.032299e+01
2.039039e+01
2.046233e+01
2.052318e+01
2.058967e+01
2.066291e+01
2.072282e+01
2.079050e+01
2.086429e+01
2.092296e+01
2.099240e+01
2.106425e+01
2.112277e+01
2.118968e+01
2.126424e+01
2.132280e+01
2.138980e+01
2.146234e+01
2.152292e+01
2.158981e+01
2.166234e+01
2.172275e+01
2.179049e+01
2.186267e+01
2.192273e+01
2.199051e+01
2.206259e+01
2.212290e+01
2.219040e+01
2.226414e+01
2.232275e+01
2.239021e+01
2.246241e+01
2.252274e+01
2.259037e+01
2.266244e+01
2.272309e+01
2.279062e+01
2.286216e+01
2.292211e+01
2.298973e+01
2.306226e+01
2.312225e+01
2.319035e+01
2.326238e+01
2.332227e+01
2.339020e+01
2.346219e+01
2.352209e+01
2.358966e+01
2.367092e+01
2.373360e+01
2.380381e+01
2.388204e+01
2.393405e+01
2.400180e+01
2.406269e+01
2.412211e+01
2.418902e+01
2.426295e+01
2.432224e+01
2.438915e+01
2.446556e+01
2.452210e+01
2.458900e+01
2.466581e+01
2.472208e+01
2.478914e+01
2.486277e+01
2.492223e+01
2.498926e+01
2.507015e+01
2.512209e+01
2.518900e+01
2.526271e+01
2.532208e+01
2.538913e+01
2.546267e+01
2.552223e+01
2.558912e+01
2.566563e+01
2.572207e+01
2.578899e+01
2.586770e+01
2.592224e+01
2.598923e+01
2.606219e+01
2.612223e+01
2.618914e+01
2.626258e+01
2.632206e+01
2.638934e+01
2.646325e+01
2.652220e+01
2.658929e+01
2.666282e+01
2.672225e+01
2.678898e+01
2.686312e+01
2.692207e+01
2.698909e+01
2.712219e+01
2.718914e+01
2.726274e+01
2.732206e+01
2.738898e+01
2.746367e+01
2.752206e+01
2.758922e+01
2.766360e+01
2.778910e+01
2.786631e+01
2.792206e+01
2.798911e+01
2.806554e+01
2.812205e+01
2.818915e+01
2.826803e+01
2.832221e+01
2.838912e+01
2.846543e+01
2.852205e+01
2.858899e+01
2.866541e+01
2.872205e+01
2.878932e+01
2.886522e+01
2.892218e+01
2.898925e+01
2.908061e+01
2.913257e+01
2.920182e+01
2.932220e+01
2.938913e+01
2.952220e+01
2.958897e+01
2.966482e+01
2.978916e+01
2.992217e+01
2.998925e+01
3.012219e+01
3.018896e+01
3.032205e+01
3.038899e+01
3.052216e+01
3.058913e+01
3.066978e+01
3.072226e+01
3.078897e+01
3.086284e+01
3.092202e+01
3.098924e+01
3.112214e+01
3.118910e+01
3.126272e+01
3.132203e+01
3.138894e+01
3.146258e+01
3.152203e+01
3.158909e+01
3.166449e+01
3.172236e+01
3.179849e+01
3.186482e+01
3.192202e+01
3.198907e+01
3.206280e+01
3.212203e+01
3.218976e+01
3.226292e+01
3.232217e+01
3.238975e+01
3.246248e+01
3.252201e+01
3.258962e+01
3.266559e+01
3.272215e+01
3.278971e+01
3.286454e+01
3.292215e+01
3.298974e+01
3.306270e+01
3.312201e+01
3.318961e+01
3.326510e+01
3.332216e+01
3.338976e+01
3.346463e+01
3.352201e+01
3.358958e+01
3.366287e+01
3.372201e+01
3.378975e+01
3.386500e+01
3.392215e+01
3.398984e+01
3.406280e+01
3.412199e+01
3.418957e+01
3.427753e+01
3.440622e+01
3.446421e+01
3.453529e+01
3.458972e+01
3.466485e+01
3.472200e+01
3.478892e+01
3.486275e+01
3.492199e+01
3.498918e+01
3.506929e+01
3.512214e+01
3.518905e+01
3.526519e+01
3.532196e+01
3.538891e+01
3.546475e+01
3.552211e+01
3.558905e+01
3.566769e+01
3.572212e+01
3.578888e+01
3.586645e+01
3.592196e+01
3.598902e+01
3.606554e+01
3.612211e+01
3.618904e+01
3.626451e+01
3.632197e+01
3.638888e+01
3.652197e+01
3.658890e+01
3.672211e+01
3.678902e+01
3.692196e+01
3.698902e+01
3.712197e+01
3.718906e+01
3.732212e+01
3.738904e+01
3.746458e+01
3.752196e+01
3.758889e+01
3.766461e+01
3.772250e+01
3.778917e+01
3.787829e+01
3.792277e+01
3.798901e+01
3.806772e+01
3.812259e+01
3.818888e+01
3.826539e+01
3.832278e+01
3.838902e+01
3.846466e+01
3.852273e+01
3.858887e+01
3.866456e+01
3.872258e+01
3.878901e+01
3.886527e+01
3.892273e+01
3.898911e+01
3.906453e+01
3.912270e+01
3.918885e+01
3.926783e+01
3.932257e+01
3.938887e+01
3.946485e+01
3.952273e+01
3.959290e+01
3.968516e+01
3.979267e+01
3.986544e+01
3.992191e+01
3.998915e+01
4.006780e+01
4.012205e+01
4.018900e+01
4.026620e+01
4.032192e+01
4.038886e+01
4.046593e+01
4.052192e+01
4.058900e+01
4.067014e+01
4.072218e+01
4.078901e+01
4.086594e+01
4.092191e+01
4.098901e+01
4.106539e+01
4.112205e+01
4.118906e+01
4.126523e+01
4.132208e+01
4.138901e+01
4.146514e+01
4.152190e+01
4.158892e+01
4.166536e+01
4.172205e+01
4.178906e+01
4.186538e+01
4.198903e+01
4.206558e+01
4.212191e+01
4.218893e+01
4.226528e+01
4.232205e+01
4.238939e+01
4.246609e+01
4.252206e+01
4.258890e+01
4.266605e+01
4.272189e+01
4.278893e+01
4.292222e+01
4.298912e+01
4.312189e+01
4.318887e+01
4.332191e+01
4.338905e+01
4.352203e+01
4.358902e+01
4.372189e+01
4.378887e+01
4.386568e+01
4.392188e+01
4.398921e+01
4.406603e+01
4.412204e+01
4.418907e+01
4.426767e+01
4.432190e+01
4.438888e+01
4.446577e+01
4.452188e+01
4.458909e+01
4.466595e+01
4.472203e+01
4.478900e+01
4.487418e+01
4.494421e+01
4.501276e+01
4.508530e+01
4.514001e+01
4.518902e+01
4.526665e+01
4.532204e+01
4.538887e+01
4.546836e+01
4.552187e+01
4.558888e+01
4.566591e+01
4.572199e+01
4.578898e+01
4.586611e+01
4.592192e+01
4.600103e+01
4.606594e+01
4.612197e+01
4.618887e+01
4.626550e+01
4.632220e+01
4.638899e+01
4.646507e+01
4.652209e+01
4.658887e+01
4.666789e+01
4.672208e+01
4.678918e+01
4.686524e+01
4.692222e+01
4.698913e+01
4.706774e+01
4.712207e+01
4.718886e+01
4.726571e+01
4.732223e+01
4.738898e+01
4.746517e+01
4.752219e+01
4.758900e+01
4.766432e+01
4.772207e+01
4.778951e+01
4.786793e+01
4.792221e+01
4.798976e+01
4.806557e+01
4.812221e+01
4.818952e+01
4.826506e+01
4.832210e+01
4.838952e+01
4.846572e+01
4.852220e+01
4.858969e+01
4.866524e+01
4.872219e+01
4.878952e+01
4.886515e+01
4.892204e+01
4.898981e+01
4.906564e+01
4.912219e+01
4.918967e+01
4.926589e+01
4.932217e+01
4.938950e+01
4.946587e+01
4.952203e+01
4.958965e+01
4.972218e+01
4.978966e+01
4.992206e+01
4.998979e+01
5.012206e+01
5.020098e+01
5.027485e+01
5.033238e+01
5.039944e+01
5.052205e+01
5.058944e+01
5.072205e+01
5.078972e+01
5.086522e+01
5.092236e+01
5.098909e+01
5.106576e+01
5.112205e+01
5.118881e+01
5.126529e+01
5.132297e+01
5.138895e+01
5.146526e+01
5.152219e+01
5.158881e+01
5.166507e+01
5.172204e+01
5.178881e+01
5.186503e+01
5.192235e+01
5.198902e+01
5.206572e+01
5.212206e+01
5.218875e+01
5.226587e+01
5.232282e+01
5.238874e+01
5.246518e+01
5.252218e+01
5.258890e+01
5.266556e+01
5.272203e+01
5.278874e+01
5.286595e+01
5.292203e+01
5.298898e+01
5.306932e+01
5.312218e+01
5.318888e+01
5.326600e+01
5.332279e+01
5.338852e+01
5.345566e+01
