0.000000e+00
6.734514e-02
1.334200e-01
2.001400e-01
2.671340e-01
3.332732e-01
4.002340e-01
4.672191e-01
5.332839e-01
6.000080e-01
6.673620e-01
7.334230e-01
7.999840e-01
8.672271e-01
9.334171e-01
1.000021e+00
1.067229e+00
1.133283e+00
1.200137e+00
1.267324e+00
1.333372e+00
1.400388e+00
1.467208e+00
1.533267e+00
1.599977e+00
1.667213e+00
1.733443e+00
1.800099e+00
1.867328e+00
1.933255e+00
1.999979e+00
2.067183e+00
2.133248e+00
2.199982e+00
2.267124e+00
2.334077e+00
2.400101e+00
2.467193e+00
2.537800e+00
2.599966e+00
2.673218e+00
2.734055e+00
2.800019e+00
2.867349e+00
2.934369e+00
2.999964e+00
3.067189e+00
3.134012e+00
3.199991e+00
3.267114e+00
3.334004e+00
3.400311e+00
3.467303e+00
3.534136e+00
3.599961e+00
3.667186e+00
3.734023e+00
3.799955e+00
3.867442e+00
3.934026e+00
4.000141e+00
4.067320e+00
4.133207e+00
4.199953e+00
4.267106e+00
4.333226e+00
4.399952e+00
4.467167e+00
4.533403e+00
4.600075e+00
4.667329e+00
4.733221e+00
4.799951e+00
4.867170e+00
4.933218e+00
4.999956e+00
5.067331e+00
5.133341e+00
5.200086e+00
5.267140e+00
5.333212e+00
5.399961e+00
5.467174e+00
5.533243e+00
5.599956e+00
5.667348e+00
5.733367e+00
5.799935e+00
5.867169e+00
5.933217e+00
5.999955e+00
6.067163e+00
6.133212e+00
6.200068e+00
6.267227e+00
6.333358e+00
6.399933e+00
6.467153e+00
6.533212e+00
6.599944e+00
6.667126e+00
6.733223e+00
6.800050e+00
6.867273e+00
6.933379e+00
7.000202e+00
7.067132e+00
7.133209e+00
7.199934e+00
7.267146e+00
7.333203e+00
7.400057e+00
7.467270e+00
7.537345e+00
7.599930e+00
7.667767e+00
7.733218e+00
7.799993e+00
7.880527e+00
7.933318e+00
8.000086e+00
8.067734e+00
8.133194e+00
8.199934e+00
8.267698e+00
8.333195e+00
8.399927e+00
8.467361e+00
8.533340e+00
8.600096e+00
8.667114e+00
8.733199e+00
8.799925e+00
8.867114e+00
8.933174e+00
9.000302e+00
9.067221e+00
9.133311e+00
9.199914e+00
9.276775e+00
9.333191e+00
9.399908e+00
9.467122e+00
9.533205e+00
9.600071e+00
9.667219e+00
9.733174e+00
9.799906e+00
9.867111e+00
9.933169e+00
9.999981e+00
1.006714e+01
1.013333e+01
1.020005e+01
1.026718e+01
1.033317e+01
1.039989e+01
1.046712e+01
1.053317e+01
1.059990e+01
1.066709e+01
1.073333e+01
1.080006e+01
1.086712e+01
1.093332e+01
1.099989e+01
1.106709e+01
1.113316e+01
1.119990e+01
1.126721e+01
1.133332e+01
1.139988e+01
1.146710e+01
1.153317e+01
1.159989e+01
1.166710e+01
1.173315e+01
1.180003e+01
1.186720e+01
1.193330e+01
1.200004e+01
1.206711e+01
1.213316e+01
1.220054e+01
1.226708e+01
1.233317e+01
1.240068e+01
1.246721e+01
1.253316e+01
1.260054e+01
1.266710e+01
1.273313e+01
1.280049e+01
1.286708e+01
1.293330e+01
1.300068e+01
1.307660e+01
1.313316e+01
1.320051e+01
1.326706e+01
1.333316e+01
1.340051e+01
1.346723e+01
1.353327e+01
1.360063e+01
1.366706e+01
1.373314e+01
1.380050e+01
1.386706e+01
1.393311e+01
1.399989e+01
1.406745e+01
1.413326e+01
1.419985e+01
1.426704e+01
1.433313e+01
1.439985e+01
1.446707e+01
1.453314e+01
1.459998e+01
