0.000000e+00
6.614017e-02
1.327271e-01
2.009141e-01
2.730250e-01
3.327150e-01
3.994660e-01
4.660840e-01
5.327382e-01
5.994830e-01
6.661301e-01
7.328691e-01
8.001060e-01
8.690331e-01
9.327240e-01
9.998250e-01
1.066356e+00
1.132735e+00
1.199473e+00
1.266602e+00
1.333625e+00
1.399610e+00
1.466352e+00
1.532713e+00
1.599472e+00
1.666747e+00
1.732729e+00
1.799453e+00
1.866489e+00
1.932868e+00
1.999468e+00
2.066351e+00
2.132724e+00
2.199458e+00
2.266350e+00
2.332674e+00
2.399453e+00
2.466502e+00
2.532857e+00
2.599462e+00
2.666338e+00
2.732716e+00
2.799640e+00
2.866360e+00
2.932690e+00
2.999598e+00
3.066489e+00
3.132870e+00
3.199458e+00
3.266519e+00
3.333351e+00
3.399448e+00
3.466336e+00
3.532702e+00
3.599550e+00
3.669435e+00
3.732894e+00
3.799642e+00
3.866333e+00
4.033056e+00
4.099927e+00
4.167188e+00
4.233186e+00
4.299798e+00
4.366671e+00
4.433025e+00
4.499783e+00
4.566680e+00
4.633046e+00
4.699899e+00
4.766811e+00
4.833029e+00
4.900049e+00
4.966677e+00
5.033029e+00
5.099770e+00
5.166664e+00
5.233176e+00
5.299908e+00
5.370010e+00
5.432994e+00
5.566700e+00
5.633768e+00
5.699771e+00
5.766686e+00
5.834843e+00
5.966795e+00
6.033777e+00
6.099757e+00
6.166659e+00
6.233774e+00
6.299767e+00
6.366814e+00
6.433908e+00
6.566673e+00
6.633779e+00
6.699752e+00
6.767423e+00
6.833968e+00
6.899774e+00
6.966787e+00
7.033889e+00
7.099770e+00
7.166653e+00
7.233774e+00
7.299766e+00
7.366659e+00
7.433773e+00
7.499897e+00
7.566777e+00
7.633227e+00
7.699762e+00
7.766651e+00
7.832999e+00
7.899759e+00
7.966645e+00
8.032995e+00
8.099855e+00
8.166786e+00
8.232986e+00
8.299742e+00
8.366642e+00
8.432992e+00
8.499740e+00
8.566650e+00
8.633178e+00
8.699854e+00
8.766776e+00
8.832978e+00
8.899781e+00
8.966637e+00
9.032988e+00
9.099722e+00
9.166616e+00
9.233131e+00
9.299895e+00
9.366722e+00
9.432972e+00
9.499728e+00
9.566621e+00
9.632991e+00
9.699728e+00
9.766760e+00
9.833120e+00
9.900018e+00
9.967952e+00
1.003298e+01
1.009973e+01
1.016696e+01
1.023298e+01
1.029986e+01
1.036740e+01
1.043312e+01
1.049974e+01
1.056797e+01
1.063297e+01
1.069977e+01
1.077337e+01
1.083296e+01
1.089985e+01
1.096683e+01
1.103297e+01
1.109971e+01
1.116660e+01
1.123298e+01
1.129973e+01
1.136660e+01
1.143312e+01
1.149986e+01
1.156660e+01
1.163296e+01
1.169972e+01
1.176659e+01
1.183297e+01
1.189972e+01
1.196661e+01
1.203310e+01
1.210081e+01
1.216679e+01
1.223295e+01
1.229971e+01
1.236654e+01
1.243295e+01
1.256655e+01
1.263329e+01
1.276638e+01
1.283314e+01
1.296635e+01
1.303315e+01
1.316649e+01
1.323328e+01
1.329972e+01
1.336635e+01
1.343316e+01
1.349971e+01
1.356634e+01
1.363317e+01
1.369984e+01
1.376651e+01
1.383336e+01
1.389992e+01
1.396635e+01
1.403317e+01
1.409970e+01
1.416635e+01
1.423333e+01
1.429982e+01
1.436650e+01
1.443314e+01
1.449968e+01
1.456634e+01
1.463316e+01
1.469969e+01
1.477654e+01
1.483327e+01
1.490017e+01
1.496649e+01
1.503315e+01
1.510004e+01
1.516633e+01
1.523314e+01
1.529966e+01
1.536633e+01
1.543328e+01
1.549980e+01
1.556635e+01
1.563314e+01
1.569966e+01
1.576901e+01
1.584185e+01
1.590309e+01
1.597702e+01
1.603333e+01
1.609980e+01
1.616645e+01
1.623314e+01
1.629965e+01
1.636633e+01
1.643313e+01
1.649965e+01
1.656660e+01
1.663328e+01
1.669967e+01
1.676631e+01
1.683316e+01
1.689965e+01
1.696632e+01
1.703312e+01
1.709978e+01
1.717005e+01
1.723314e+01
1.729966e+01
1.736643e+01
1.743312e+01
1.749963e+01
1.756631e+01
1.763329e+01
1.769977e+01
1.776660e+01
1.783312e+01
1.789966e+01
1.796631e+01
1.803313e+01
1.809962e+01
1.816812e+01
1.823327e+01
1.829976e+01
1.836644e+01
1.843310e+01
1.849965e+01
1.856631e+01
1.863311e+01
1.869963e+01
1.877642e+01
1.883327e+01
1.889980e+01
1.896629e+01
1.903312e+01
1.909962e+01
1.916630e+01
1.923310e+01
1.929962e+01
1.936645e+01
1.943325e+01
1.956626e+01
1.963328e+01
1.969962e+01
1.976628e+01
1.983383e+01
1.990006e+01
1.996643e+01
2.003329e+01
2.009964e+01
2.016629e+01
2.023306e+01
2.029961e+01
2.036628e+01
2.043306e+01
2.049973e+01
2.056646e+01
2.063306e+01
2.069964e+01
2.077022e+01
2.084419e+01
2.089983e+01
2.096652e+01
2.104612e+01
2.109978e+01
2.117777e+01
2.123301e+01
2.129961e+01
2.136650e+01
2.143298e+01
2.149964e+01
2.156654e+01
2.163322e+01
2.169974e+01
2.176708e+01
2.183297e+01
2.189961e+01
2.196711e+01
2.203300e+01
2.209962e+01
2.216742e+01
2.223311e+01
2.229961e+01
2.236711e+01
2.243299e+01
2.249960e+01
2.256658e+01
2.263298e+01
2.269977e+01
2.276664e+01
2.283313e+01
2.289964e+01
2.296650e+01
2.303284e+01
2.309959e+01
2.316647e+01
2.323283e+01
2.329974e+01
2.336663e+01
2.343283e+01
2.349962e+01
2.356647e+01
2.363284e+01
2.369959e+01
2.376685e+01
2.383299e+01
2.389973e+01
2.396648e+01
2.403283e+01
2.409959e+01
2.416648e+01
2.423285e+01
2.429959e+01
2.436662e+01
2.443298e+01
2.449973e+01
2.456661e+01
2.463283e+01
2.469960e+01
2.476648e+01
2.483284e+01
2.490664e+01
2.496663e+01
2.503296e+01
2.509975e+01
2.516646e+01
2.523283e+01
2.529960e+01
2.536645e+01
2.543283e+01
2.549959e+01
2.556659e+01
2.563297e+01
2.576651e+01
2.583282e+01
2.596646e+01
2.603301e+01
2.616660e+01
2.623295e+01
2.629958e+01
2.638061e+01
2.643284e+01
2.650003e+01
2.656649e+01
2.663282e+01
2.670005e+01
2.676659e+01
2.683282e+01
2.689962e+01
2.696664e+01
2.703293e+01
2.709956e+01
2.716645e+01
2.723297e+01
2.729971e+01
2.736645e+01
2.743281e+01
2.749955e+01
2.756644e+01
2.763280e+01
2.769955e+01
2.776642e+01
2.783296e+01
2.789969e+01
2.796644e+01
2.803280e+01
2.809955e+01
2.816707e+01
2.823280e+01
2.829954e+01
2.836658e+01
2.843294e+01
2.849969e+01
2.856642e+01
2.863279e+01
2.869954e+01
2.876643e+01
2.883280e+01
2.889954e+01
2.896661e+01
2.903294e+01
2.909955e+01
2.916641e+01
2.923278e+01
2.929955e+01
2.936692e+01
2.943278e+01
2.949966e+01
2.956656e+01
2.963278e+01
2.969953e+01
2.976642e+01
2.983363e+01
2.989980e+01
2.996642e+01
3.003293e+01
3.009965e+01
3.016655e+01
3.023277e+01
3.029953e+01
3.036650e+01
3.043278e+01
3.049952e+01
3.056642e+01
3.063292e+01
3.069969e+01
3.076687e+01
3.083277e+01
3.089952e+01
3.096981e+01
3.103276e+01
3.109950e+01
3.116642e+01
3.123291e+01
3.129987e+01
3.136641e+01
3.143307e+01
3.149961e+01
3.163315e+01
3.169950e+01
3.176655e+01
3.183289e+01
3.189951e+01
3.196639e+01
3.203276e+01
3.209948e+01
3.216639e+01
3.223276e+01
3.229965e+01
3.236653e+01
3.243288e+01
3.256638e+01
3.263275e+01
3.276639e+01
3.283275e+01
3.289971e+01
3.296653e+01
3.303275e+01
3.309968e+01
3.316638e+01
3.323276e+01
3.329967e+01
3.336636e+01
3.343291e+01
3.349963e+01
3.356640e+01
3.363273e+01
3.369949e+01
3.376638e+01
3.383275e+01
3.389950e+01
3.396652e+01
3.403308e+01
3.409984e+01
3.416638e+01
3.423273e+01
3.429949e+01
3.436637e+01
3.443274e+01
3.449949e+01
3.456653e+01
3.463286e+01
3.469949e+01
3.476636e+01
3.483274e+01
3.489974e+01
3.496639e+01
3.503272e+01
3.509964e+01
3.516652e+01
3.523287e+01
3.529967e+01
3.536638e+01
3.543273e+01
3.549948e+01
3.556641e+01
3.563272e+01
3.569961e+01
3.576891e+01
3.583272e+01
3.589947e+01
3.596702e+01
3.603272e+01
3.609948e+01
3.616699e+01
3.623287e+01
3.629960e+01
3.636716e+01
3.643271e+01
3.649946e+01
3.656698e+01
3.663270e+01
3.669954e+01
3.677322e+01
3.683288e+01
3.689963e+01
3.696633e+01
3.703270e+01
3.709947e+01
3.716634e+01
3.723271e+01
3.729966e+01
3.736650e+01
3.743285e+01
3.749962e+01
3.756634e+01
3.763270e+01
3.769947e+01
3.776631e+01
3.783270e+01
3.789947e+01
3.796708e+01
3.803283e+01
3.809947e+01
3.816633e+01
3.823269e+01
3.829945e+01
3.836632e+01
3.843270e+01
3.849959e+01
3.856648e+01
3.863285e+01
3.869945e+01
3.876632e+01
3.883268e+01
3.889949e+01
3.896635e+01
3.903270e+01
3.909959e+01
3.916658e+01
3.923269e+01
3.929944e+01
3.936631e+01
3.943268e+01
3.956633e+01
3.969957e+01
3.976631e+01
3.983268e+01
3.989970e+01
3.996630e+01
4.003268e+01
4.009942e+01
4.016646e+01
4.023280e+01
4.029957e+01
4.036631e+01
4.043269e+01
4.049944e+01
4.056629e+01
4.063267e+01
4.069942e+01
4.076783e+01
4.083280e+01
4.090012e+01
4.096630e+01
4.103269e+01
4.110632e+01
4.116647e+01
4.123266e+01
4.130003e+01
4.136643e+01
4.143282e+01
4.150003e+01
4.156629e+01
4.163266e+01
4.170003e+01
4.176628e+01
4.183262e+01
4.190742e+01
4.197287e+01
4.203267e+01
4.210002e+01
4.216683e+01
4.223264e+01
4.230002e+01
4.236684e+01
4.243280e+01
4.249960e+01
4.256697e+01
4.263265e+01
4.269940e+01
4.276688e+01
4.283265e+01
4.289940e+01
4.296683e+01
4.303278e+01
4.309954e+01
4.316685e+01
4.323264e+01
4.329938e+01
4.336682e+01
4.343264e+01
4.349936e+01
4.356683e+01
4.363278e+01
4.369953e+01
4.376681e+01
4.383265e+01
4.389937e+01
4.396681e+01
4.403262e+01
4.409937e+01
4.416700e+01
4.423278e+01
4.429938e+01
4.436684e+01
4.443264e+01
4.449936e+01
4.456681e+01
4.463263e+01
4.469953e+01
4.476699e+01
4.483277e+01
4.489970e+01
4.496678e+01
4.503261e+01
4.509936e+01
4.517580e+01
4.523262e+01
4.529954e+01
4.536725e+01
4.543263e+01
4.549938e+01
4.556676e+01
4.563263e+01
4.569937e+01
4.583278e+01
4.589950e+01
4.596685e+01
4.603264e+01
4.609934e+01
4.616675e+01
4.623286e+01
4.629938e+01
4.636691e+01
4.643276e+01
4.649951e+01
4.656676e+01
4.663265e+01
4.669955e+01
4.676675e+01
4.683299e+01
4.689948e+01
4.696689e+01
4.703281e+01
4.709976e+01
4.718078e+01
4.723282e+01
4.729956e+01
4.736676e+01
4.743259e+01
4.749945e+01
4.756688e+01
4.763273e+01
4.769959e+01
4.776674e+01
4.783261e+01
4.789946e+01
4.796675e+01
4.803259e+01
4.809958e+01
4.816688e+01
4.823273e+01
4.829946e+01
4.836661e+01
4.843260e+01
4.849944e+01
4.856663e+01
4.863259e+01
4.869970e+01
4.876690e+01
4.883259e+01
4.889945e+01
4.896664e+01
4.903258e+01
4.909944e+01
4.916664e+01
4.923280e+01
4.929958e+01
4.936665e+01
4.943259e+01
4.949943e+01
