0.000000e+00
6.455493e-02
1.307139e-01
2.004759e-01
2.644119e-01
3.307869e-01
4.006391e-01
4.644170e-01
5.307059e-01
6.083779e-01
6.645401e-01
7.307029e-01
7.997179e-01
8.644040e-01
9.305670e-01
9.994569e-01
1.063808e+00
1.130717e+00
1.199301e+00
1.263900e+00
1.330741e+00
1.400542e+00
1.463800e+00
1.530853e+00
1.599725e+00
1.663922e+00
1.730681e+00
1.800382e+00
1.863902e+00
1.930600e+00
1.999487e+00
2.087828e+00
2.211409e+00
2.330945e+00
2.399396e+00
2.463900e+00
2.530541e+00
2.599197e+00
2.663630e+00
2.730543e+00
2.801521e+00
2.863902e+00
2.930697e+00
3.001243e+00
3.063778e+00
3.130551e+00
3.209297e+00
3.263638e+00
3.330685e+00
3.402116e+00
3.463901e+00
3.530660e+00
3.602105e+00
3.730522e+00
3.799275e+00
3.863628e+00
3.930727e+00
3.998468e+00
4.063874e+00
4.130465e+00
4.198242e+00
4.263629e+00
4.330397e+00
4.398478e+00
4.463635e+00
4.531016e+00
4.598341e+00
4.663882e+00
4.730453e+00
4.805414e+00
4.864061e+00
4.930277e+00
5.000496e+00
5.063992e+00
5.130422e+00
5.200452e+00
5.264008e+00
5.330317e+00
5.399435e+00
5.463853e+00
5.530276e+00
5.602399e+00
5.663972e+00
5.730629e+00
5.799700e+00
5.864051e+00
5.930287e+00
6.001944e+00
6.063854e+00
6.130273e+00
6.200605e+00
6.263984e+00
6.330427e+00
6.399678e+00
6.463617e+00
6.530564e+00
6.599358e+00
6.663588e+00
6.730417e+00
6.799863e+00
6.863854e+00
6.930440e+00
6.999838e+00
7.063582e+00
7.130269e+00
7.199320e+00
7.265454e+00
7.346433e+00
7.417831e+00
7.485073e+00
7.614339e+00
7.663610e+00
7.731419e+00
7.801137e+00
7.863862e+00
7.931077e+00
8.000641e+00
8.063870e+00
8.130907e+00
8.199968e+00
8.263611e+00
8.330909e+00
8.401758e+00
8.463865e+00
8.531041e+00
8.600240e+00
8.663872e+00
8.730890e+00
8.801552e+00
8.863596e+00
8.930889e+00
9.000247e+00
9.063869e+00
9.131025e+00
9.199619e+00
9.283942e+00
9.330326e+00
9.399343e+00
9.463581e+00
9.530779e+00
9.601240e+00
9.663870e+00
9.730400e+00
9.805800e+00
9.863907e+00
9.930234e+00
1.000032e+01
1.006360e+01
1.013050e+01
1.020045e+01
1.026385e+01
1.033053e+01
1.040019e+01
1.046357e+01
1.053042e+01
1.060412e+01
1.073060e+01
1.080039e+01
1.093059e+01
1.099935e+01
1.106359e+01
1.113048e+01
1.126385e+01
1.133681e+01
1.146385e+01
1.153076e+01
1.160002e+01
1.166358e+01
1.173045e+01
1.180270e+01
1.186384e+01
1.193068e+01
1.200149e+01
1.206355e+01
1.213045e+01
1.220316e+01
1.226358e+01
1.233043e+01
1.239999e+01
1.246384e+01
1.253060e+01
1.259969e+01
1.269178e+01
1.274130e+01
1.281840e+01
1.287412e+01
1.293064e+01
1.300068e+01
1.306446e+01
1.313064e+01
1.320111e+01
1.326433e+01
1.333394e+01
1.339797e+01
1.346447e+01
1.353034e+01
1.359776e+01
1.366444e+01
1.373035e+01
1.379844e+01
1.386430e+01
1.393049e+01
1.399816e+01
1.406444e+01
1.413035e+01
1.419833e+01
1.426443e+01
1.433022e+01
1.439820e+01
1.446431e+01
1.453056e+01
1.459831e+01
1.466442e+01
1.473033e+01
1.479941e+01
1.486431e+01
1.493044e+01
1.500123e+01
1.506354e+01
1.513041e+01
1.520137e+01
1.526380e+01
1.533057e+01
1.540586e+01
1.546354e+01
1.553039e+01
1.560399e+01
1.566353e+01
1.573056e+01
1.580148e+01
1.586380e+01
1.593059e+01
1.600103e+01
1.606353e+01
1.613043e+01
1.620110e+01
1.626378e+01
1.633054e+01
1.640252e+01
1.646379e+01
1.653066e+01
1.660740e+01
1.666352e+01
1.673039e+01
1.679865e+01
1.686379e+01
1.693076e+01
1.699794e+01
1.706378e+01
1.713039e+01
1.720158e+01
1.726353e+01
1.733043e+01
1.746378e+01
1.753052e+01
1.760045e+01
1.773041e+01
1.780152e+01
1.786349e+01
1.794719e+01
1.801895e+01
1.810146e+01
1.815144e+01
1.826350e+01
1.833041e+01
1.840098e+01
1.846351e+01
1.853049e+01
1.860139e+01
1.866363e+01
1.873053e+01
1.880171e+01
1.886382e+01
1.893042e+01
1.900174e+01
1.906349e+01
1.913028e+01
1.919891e+01
1.926363e+01
1.933032e+01
1.939822e+01
1.946523e+01
1.953065e+01
1.960315e+01
1.966362e+01
1.973050e+01
1.980292e+01
1.986362e+01
1.993056e+01
2.000124e+01
2.006345e+01
2.013037e+01
2.020148e+01
2.026361e+01
2.033052e+01
2.040091e+01
2.046362e+01
2.053041e+01
2.060794e+01
2.066346e+01
2.073036e+01
2.080113e+01
2.086361e+01
2.093090e+01
2.100122e+01
2.106347e+01
2.113036e+01
2.120141e+01
2.126347e+01
2.133038e+01
2.140023e+01
2.147525e+01
2.153081e+01
2.160115e+01
2.166346e+01
2.173041e+01
2.180416e+01
2.186347e+01
2.193131e+01
2.200102e+01
2.206358e+01
2.213050e+01
2.220005e+01
2.226345e+01
2.233036e+01
2.239922e+01
2.246359e+01
2.253049e+01
2.260190e+01
2.266360e+01
2.273039e+01
2.280070e+01
2.286346e+01
2.293113e+01
2.300189e+01
2.306357e+01
2.313053e+01
2.321804e+01
2.328393e+01
2.334966e+01
2.346344e+01
2.353197e+01
2.360164e+01
2.366359e+01
2.373048e+01
2.380294e+01
2.386359e+01
2.393105e+01
2.400004e+01
2.406342e+01
2.413038e+01
2.420006e+01
2.426358e+01
2.433050e+01
2.446343e+01
2.453108e+01
2.466343e+01
2.473115e+01
2.480211e+01
2.486357e+01
2.493206e+01
2.500159e+01
2.506376e+01
2.513095e+01
2.519994e+01
2.526343e+01
2.533109e+01
2.540094e+01
2.546357e+01
2.554492e+01
2.560835e+01
2.566342e+01
2.573096e+01
2.580183e+01
2.586356e+01
2.593204e+01
2.600077e+01
2.606386e+01
2.613093e+01
2.620022e+01
2.626348e+01
2.633038e+01
2.640085e+01
2.646378e+01
2.653074e+01
2.660103e+01
2.666388e+01
2.673029e+01
2.680093e+01
2.686364e+01
2.693106e+01
2.700151e+01
2.706391e+01
2.713043e+01
2.720101e+01
2.726377e+01
2.733030e+01
2.740019e+01
2.746363e+01
2.753041e+01
2.760606e+01
2.766389e+01
2.773048e+01
2.780266e+01
2.786363e+01
2.793105e+01
2.800276e+01
2.806361e+01
2.813040e+01
2.820159e+01
2.826388e+01
2.833039e+01
2.840154e+01
2.848786e+01
2.854340e+01
2.861425e+01
2.874402e+01
2.879694e+01
2.886419e+01
2.893084e+01
2.899676e+01
2.906405e+01
2.913006e+01
2.919689e+01
2.926418e+01
2.933018e+01
2.940042e+01
2.946475e+01
2.953040e+01
2.966488e+01
2.973004e+01
2.980409e+01
2.986446e+01
2.993147e+01
3.000819e+01
3.013055e+01
3.019903e+01
3.033072e+01
3.039910e+01
3.053109e+01
3.060499e+01
3.073054e+01
3.079984e+01
3.093147e+01
3.100138e+01
3.106448e+01
3.113071e+01
3.119950e+01
3.126415e+01
3.133064e+01
3.139941e+01
3.146429e+01
3.153109e+01
3.159949e+01
3.167182e+01
3.173078e+01
3.180029e+01
3.186337e+01
3.193158e+01
3.199944e+01
3.206349e+01
3.213103e+01
3.220266e+01
3.226353e+01
3.233080e+01
3.239974e+01
3.246337e+01
3.253090e+01
3.260178e+01
3.266348e+01
3.273096e+01
3.280033e+01
3.286350e+01
3.293158e+01
3.300013e+01
3.306337e+01
3.313083e+01
3.320008e+01
3.326349e+01
3.333099e+01
3.340261e+01
3.346336e+01
3.353075e+01
3.359953e+01
3.366719e+01
3.373089e+01
3.380897e+01
3.388601e+01
3.401268e+01
3.406336e+01
3.413080e+01
3.420050e+01
3.426334e+01
3.433094e+01
3.439988e+01
3.446348e+01
3.453144e+01
3.459942e+01
3.466335e+01
3.473078e+01
3.479962e+01
3.486349e+01
3.493096e+01
3.499955e+01
3.506348e+01
3.513077e+01
3.519960e+01
3.526334e+01
3.533077e+01
3.539937e+01
3.546348e+01
3.553088e+01
3.560503e+01
3.566333e+01
3.573346e+01
3.579934e+01
3.586333e+01
3.593079e+01
3.599853e+01
3.606346e+01
3.613086e+01
3.620107e+01
3.626333e+01
3.633072e+01
3.640337e+01
3.646334e+01
3.653133e+01
3.660067e+01
3.666347e+01
3.673087e+01
3.679946e+01
3.686335e+01
3.693074e+01
3.699870e+01
3.713107e+01
3.720002e+01
3.733088e+01
3.740019e+01
3.753070e+01
3.766346e+01
3.773433e+01
3.786347e+01
3.793073e+01
3.799907e+01
3.806331e+01
3.813095e+01
3.819999e+01
3.826344e+01
3.833087e+01
3.839978e+01
3.846347e+01
3.853152e+01
3.859942e+01
3.866330e+01
3.873141e+01
3.880000e+01
3.886345e+01
3.893156e+01
3.900025e+01
3.907384e+01
3.914757e+01
3.922025e+01
3.927394e+01
3.934152e+01
3.940023e+01
3.946343e+01
3.953134e+01
3.960288e+01
3.966330e+01
3.973085e+01
3.980493e+01
3.986329e+01
3.993099e+01
3.999946e+01
4.006344e+01
4.013098e+01
4.020030e+01
4.026328e+01
4.033086e+01
4.040026e+01
4.046343e+01
4.053113e+01
4.060205e+01
4.066345e+01
4.073081e+01
4.080214e+01
4.086328e+01
4.093080e+01
4.099993e+01
4.106342e+01
4.113094e+01
4.120022e+01
4.126344e+01
4.133080e+01
4.139979e+01
4.146327e+01
4.153105e+01
4.159955e+01
4.166341e+01
4.173096e+01
4.180272e+01
4.186326e+01
4.193014e+01
4.200264e+01
4.206326e+01
4.213015e+01
4.220028e+01
4.226340e+01
4.233028e+01
4.239949e+01
4.246328e+01
4.253034e+01
4.259900e+01
4.266326e+01
4.273027e+01
4.280158e+01
4.286340e+01
4.293027e+01
4.300179e+01
4.306324e+01
4.313014e+01
4.320447e+01
4.326325e+01
4.333027e+01
4.340043e+01
4.346340e+01
4.353025e+01
4.360020e+01
4.366323e+01
4.373013e+01
4.380072e+01
4.393025e+01
4.400009e+01
4.406338e+01
4.413012e+01
4.426326e+01
4.433012e+01
4.441425e+01
4.447444e+01
4.454937e+01
4.461041e+01
4.466324e+01
4.472989e+01
4.479722e+01
4.486325e+01
4.492991e+01
4.499732e+01
4.506389e+01
4.513003e+01
4.519731e+01
4.526425e+01
4.533010e+01
4.540082e+01
4.546400e+01
4.553009e+01
4.560209e+01
4.566417e+01
4.573024e+01
4.579992e+01
4.587014e+01
4.593012e+01
4.600001e+01
4.606400e+01
4.613046e+01
4.620017e+01
4.626437e+01
4.633024e+01
4.640042e+01
4.646398e+01
4.653061e+01
4.659988e+01
4.666414e+01
4.673022e+01
4.679910e+01
4.686414e+01
4.693010e+01
4.699969e+01
4.706400e+01
4.713014e+01
4.720008e+01
4.726413e+01
4.733022e+01
4.739906e+01
4.746415e+01
4.753008e+01
4.759942e+01
4.766322e+01
4.773010e+01
4.779968e+01
4.786336e+01
4.793273e+01
4.799933e+01
4.806320e+01
4.813009e+01
4.819945e+01
4.826321e+01
4.833023e+01
4.839954e+01
4.846335e+01
4.853047e+01
4.859956e+01
4.866319e+01
4.873159e+01
4.880038e+01
4.886403e+01
4.893021e+01
4.899932e+01
4.913023e+01
4.919955e+01
4.926449e+01
4.933006e+01
4.940464e+01
4.946320e+01
4.953066e+01
4.960039e+01
