0.000000e+00
6.655002e-02
1.346052e-01
1.998370e-01
2.663090e-01
3.344610e-01
3.998561e-01
4.664531e-01
5.346231e-01
6.008301e-01
6.664569e-01
7.344530e-01
7.998290e-01
8.662791e-01
9.344430e-01
9.999790e-01
1.066662e+00
1.134581e+00
1.200016e+00
1.334464e+00
1.399852e+00
1.466304e+00
1.534458e+00
1.600823e+00
1.666463e+00
1.734004e+00
1.801253e+00
1.866436e+00
1.933322e+00
2.000945e+00
2.066422e+00
2.132990e+00
2.201107e+00
2.266440e+00
2.400761e+00
2.466289e+00
2.533235e+00
2.601395e+00
2.666280e+00
2.733362e+00
2.800701e+00
2.875590e+00
3.001170e+00
3.066281e+00
3.133240e+00
3.266283e+00
3.333379e+00
3.401235e+00
3.466428e+00
3.533407e+00
3.601359e+00
3.666284e+00
3.733228e+00
3.800419e+00
3.866425e+00
3.933370e+00
4.000693e+00
4.077177e+00
4.158685e+00
4.286466e+00
4.347366e+00
4.401280e+00
4.467091e+00
4.533368e+00
4.601499e+00
4.666883e+00
4.733219e+00
4.800560e+00
4.866905e+00
4.933241e+00
5.001221e+00
5.067191e+00
5.133339e+00
5.201222e+00
5.266898e+00
5.333228e+00
5.400586e+00
5.466964e+00
5.533213e+00
5.601511e+00
5.667035e+00
5.733351e+00
5.800669e+00
5.866311e+00
5.933208e+00
6.000390e+00
6.066335e+00
6.133323e+00
6.201250e+00
6.266410e+00
6.333340e+00
6.401087e+00
6.466258e+00
6.533206e+00
6.601341e+00
6.666422e+00
6.733338e+00
6.800700e+00
6.866391e+00
6.933249e+00
7.000566e+00
7.066445e+00
7.133201e+00
7.201262e+00
7.266386e+00
7.333331e+00
7.401214e+00
7.466628e+00
7.533173e+00
7.601305e+00
7.666231e+00
7.733182e+00
7.801238e+00
7.866377e+00
7.933328e+00
8.001182e+00
8.066443e+00
8.133354e+00
8.201156e+00
8.266244e+00
8.333198e+00
8.401242e+00
8.466379e+00
8.533330e+00
8.601475e+00
8.666246e+00
8.733193e+00
8.801066e+00
8.866225e+00
9.002099e+00
9.066372e+00
9.133437e+00
9.201462e+00
9.266223e+00
9.333252e+00
9.414352e+00
9.485085e+00
9.564993e+00
9.666392e+00
9.733328e+00
9.866223e+00
9.933208e+00
1.000187e+01
1.006636e+01
1.013331e+01
1.020189e+01
1.026637e+01
1.033316e+01
1.040165e+01
1.046621e+01
1.053316e+01
1.060219e+01
1.066635e+01
1.073330e+01
1.080179e+01
1.086636e+01
1.093316e+01
1.100186e+01
1.106620e+01
1.113315e+01
1.120187e+01
1.126635e+01
1.133331e+01
1.140107e+01
1.146654e+01
1.153316e+01
1.160118e+01
1.166619e+01
1.173315e+01
1.180028e+01
1.186633e+01
1.193331e+01
1.200043e+01
1.206624e+01
1.213317e+01
1.220095e+01
1.226619e+01
1.233330e+01
1.240106e+01
1.246634e+01
1.253330e+01
1.260115e+01
1.266616e+01
1.273317e+01
1.280012e+01
1.286621e+01
1.293330e+01
1.301338e+01
1.306638e+01
1.313379e+01
1.320082e+01
1.326642e+01
1.333379e+01
1.340013e+01
1.346676e+01
1.353393e+01
1.360131e+01
1.366656e+01
1.373378e+01
1.380013e+01
1.386638e+01
1.393379e+01
1.400098e+01
1.406654e+01
1.413419e+01
1.420116e+01
1.426641e+01
1.433375e+01
1.440082e+01
1.446637e+01
1.453375e+01
1.460118e+01
1.467691e+01
1.475079e+01
1.480996e+01
1.493633e+01
1.500079e+01
1.506814e+01
1.513312e+01
1.520040e+01
1.526655e+01
1.533326e+01
1.540026e+01
1.546656e+01
1.553314e+01
1.560032e+01
1.566636e+01
1.573324e+01
1.580027e+01
1.586652e+01
1.600080e+01
1.606645e+01
1.620075e+01
1.626655e+01
1.633325e+01
1.646653e+01
1.653310e+01
1.660105e+01
1.666640e+01
1.673309e+01
1.680093e+01
1.686655e+01
1.693323e+01
1.700090e+01
1.707850e+01
1.713309e+01
1.720011e+01
1.726641e+01
1.733309e+01
1.740027e+01
1.746677e+01
1.753323e+01
1.760116e+01
1.766957e+01
1.773308e+01
1.780079e+01
1.786702e+01
1.793310e+01
1.800088e+01
1.806725e+01
1.813322e+01
1.820090e+01
1.826704e+01
1.833310e+01
1.840078e+01
1.846703e+01
1.853321e+01
1.860109e+01
1.866715e+01
1.873321e+01
1.880007e+01
1.886703e+01
1.893307e+01
1.900003e+01
1.906716e+01
1.913335e+01
1.920019e+01
1.926715e+01
1.933319e+01
1.940003e+01
1.946722e+01
1.953308e+01
1.960095e+01
1.966714e+01
1.973319e+01
1.980025e+01
1.986715e+01
1.993582e+01
2.001856e+01
2.009511e+01
2.021572e+01
2.026694e+01
2.033320e+01
2.040092e+01
2.046632e+01
2.053306e+01
2.060026e+01
2.066874e+01
2.073305e+01
2.080017e+01
2.086647e+01
2.093320e+01
2.100090e+01
2.106633e+01
2.120096e+01
2.126649e+01
2.133304e+01
2.140018e+01
2.146648e+01
2.153320e+01
2.160112e+01
2.166633e+01
2.173306e+01
2.180003e+01
2.186640e+01
2.193317e+01
2.200153e+01
2.206648e+01
2.220089e+01
2.226644e+01
2.240143e+01
2.246650e+01
2.260201e+01
2.266647e+01
2.280081e+01
2.286631e+01
2.293304e+01
2.306645e+01
2.313335e+01
2.320153e+01
2.326646e+01
2.333303e+01
2.340131e+01
2.346630e+01
2.353304e+01
2.360190e+01
2.366646e+01
2.373317e+01
2.380096e+01
2.386632e+01
2.393307e+01
2.400135e+01
2.406638e+01
2.413517e+01
2.420153e+01
2.426643e+01
2.433318e+01
2.440097e+01
2.446632e+01
2.453303e+01
2.460089e+01
2.466629e+01
2.473318e+01
2.480087e+01
2.486643e+01
2.493319e+01
2.500068e+01
2.506666e+01
2.513306e+01
2.520980e+01
2.527698e+01
2.533586e+01
2.548441e+01
2.553317e+01
2.559937e+01
2.566641e+01
2.573307e+01
2.579937e+01
2.586658e+01
2.593317e+01
2.599953e+01
2.606659e+01
2.613302e+01
2.619934e+01
2.626642e+01
2.633302e+01
2.639953e+01
2.646656e+01
2.653316e+01
2.659951e+01
2.666645e+01
2.673303e+01
2.679935e+01
2.686643e+01
2.693319e+01
2.699961e+01
2.706657e+01
2.713318e+01
2.719950e+01
2.726663e+01
2.733340e+01
2.739935e+01
2.746642e+01
2.753378e+01
2.759949e+01
2.766697e+01
2.773372e+01
2.779951e+01
2.786680e+01
2.793357e+01
2.799935e+01
2.806681e+01
2.813305e+01
2.819948e+01
2.826719e+01
2.833329e+01
2.839936e+01
2.846677e+01
2.853296e+01
2.859934e+01
2.866696e+01
2.879949e+01
2.886694e+01
2.899935e+01
2.906680e+01
2.919954e+01
2.927569e+01
2.939950e+01
2.946695e+01
2.959934e+01
2.966681e+01
2.973290e+01
2.979947e+01
2.986697e+01
2.993306e+01
2.999948e+01
3.006686e+01
3.013291e+01
3.019953e+01
3.026709e+01
3.033308e+01
3.039945e+01
3.046757e+01
3.055506e+01
3.061902e+01
3.068447e+01
3.081243e+01
3.086690e+01
3.093362e+01
3.099946e+01
3.106704e+01
3.113366e+01
3.119933e+01
3.126690e+01
3.133347e+01
3.139933e+01
3.146701e+01
3.153362e+01
3.159946e+01
3.166700e+01
3.173364e+01
3.179931e+01
3.186685e+01
3.193350e+01
3.199932e+01
3.206700e+01
3.213367e+01
3.219947e+01
3.226699e+01
3.233347e+01
3.239932e+01
3.246627e+01
3.253347e+01
3.259947e+01
3.266636e+01
3.273362e+01
3.279946e+01
3.286622e+01
3.293355e+01
3.299931e+01
3.306620e+01
3.313362e+01
3.319944e+01
3.326637e+01
3.333363e+01
3.339945e+01
3.346623e+01
3.353345e+01
3.359930e+01
3.366619e+01
3.373365e+01
3.379946e+01
3.386635e+01
3.393363e+01
3.399945e+01
3.406622e+01
3.413508e+01
3.419930e+01
3.426620e+01
3.433379e+01
3.439965e+01
3.446635e+01
3.453358e+01
3.459929e+01
3.466620e+01
3.473337e+01
3.479930e+01
3.486635e+01
3.493350e+01
3.499944e+01
3.506635e+01
3.513339e+01
3.519930e+01
3.526617e+01
3.539952e+01
3.546633e+01
3.560007e+01
3.566633e+01
3.579992e+01
3.586865e+01
3.595605e+01
3.607894e+01
3.613350e+01
3.620006e+01
3.626637e+01
3.633337e+01
3.639990e+01
3.646616e+01
3.653351e+01
3.660005e+01
3.666634e+01
3.673354e+01
3.680006e+01
3.686619e+01
3.693322e+01
3.699989e+01
3.706617e+01
3.713337e+01
3.720003e+01
3.726632e+01
3.733338e+01
3.740575e+01
3.746616e+01
3.753322e+01
3.759928e+01
3.766631e+01
3.773339e+01
3.779940e+01
3.786631e+01
3.793321e+01
3.799925e+01
3.806616e+01
3.813320e+01
3.819926e+01
3.826631e+01
3.833332e+01
3.839940e+01
3.846632e+01
3.853324e+01
3.859928e+01
3.866616e+01
3.873319e+01
3.879970e+01
3.886629e+01
3.893331e+01
3.899959e+01
3.906618e+01
3.913326e+01
3.919945e+01
3.926613e+01
3.933332e+01
3.940301e+01
3.946633e+01
3.953357e+01
3.959947e+01
3.966616e+01
3.973391e+01
3.980023e+01
3.986616e+01
3.993404e+01
3.999962e+01
4.006631e+01
4.013402e+01
4.019948e+01
4.026613e+01
4.033385e+01
4.039955e+01
4.046612e+01
4.053398e+01
4.059960e+01
4.066629e+01
4.073400e+01
4.080024e+01
4.086613e+01
4.093383e+01
4.099943e+01
4.106631e+01
4.114921e+01
4.127757e+01
4.140941e+01
4.147036e+01
4.153384e+01
4.159958e+01
4.166627e+01
4.173396e+01
4.180034e+01
4.186614e+01
4.199943e+01
4.206620e+01
4.219957e+01
4.226628e+01
4.239957e+01
4.246624e+01
4.259942e+01
4.266612e+01
4.280032e+01
4.286627e+01
4.293325e+01
4.299943e+01
4.306612e+01
4.313315e+01
4.319942e+01
4.326611e+01
4.333349e+01
4.339956e+01
4.346624e+01
4.353326e+01
4.359942e+01
4.366609e+01
4.373310e+01
4.380016e+01
4.386644e+01
4.393324e+01
4.399953e+01
4.406624e+01
4.413317e+01
4.419940e+01
4.426608e+01
4.433315e+01
4.439940e+01
4.446626e+01
4.453324e+01
4.459955e+01
4.466625e+01
4.473309e+01
4.480016e+01
4.486611e+01
4.493310e+01
4.499954e+01
4.506627e+01
4.513324e+01
4.519957e+01
4.526611e+01
4.533310e+01
4.539940e+01
4.546658e+01
4.553794e+01
4.559957e+01
4.566689e+01
4.573323e+01
4.580016e+01
4.586672e+01
4.593310e+01
4.599941e+01
4.606689e+01
4.613322e+01
4.619954e+01
4.626685e+01
4.633327e+01
4.639941e+01
4.647645e+01
4.656483e+01
4.667587e+01
4.673588e+01
4.680031e+01
4.686622e+01
4.693320e+01
4.699939e+01
4.706605e+01
4.713305e+01
4.719939e+01
4.726621e+01
4.733322e+01
4.739952e+01
4.746639e+01
4.759940e+01
4.766604e+01
4.773305e+01
4.780029e+01
4.786619e+01
4.799952e+01
4.806614e+01
4.813308e+01
4.819939e+01
4.826605e+01
4.833304e+01
4.839951e+01
4.846637e+01
4.853343e+01
4.859953e+01
4.866604e+01
4.880006e+01
4.886605e+01
4.893322e+01
4.899952e+01
4.906620e+01
4.919937e+01
4.926603e+01
4.939953e+01
4.946604e+01
4.953322e+01
4.960756e+01
4.966619e+01
4.973560e+01
4.980013e+01
4.986601e+01
4.993303e+01
4.999938e+01
5.006617e+01
5.013320e+01
5.019954e+01
5.026618e+01
5.033303e+01
5.039955e+01
5.046602e+01
5.053307e+01
5.060013e+01
5.066617e+01
5.073320e+01
5.080102e+01
5.086616e+01
5.093306e+01
5.100001e+01
5.106601e+01
5.113303e+01
5.120014e+01
5.126612e+01
5.133318e+01
5.140016e+01
5.146601e+01
5.153303e+01
5.160361e+01
5.166602e+01
5.175662e+01
5.188664e+01
5.201375e+01
5.206600e+01
5.213302e+01
5.219997e+01
5.226601e+01
5.233319e+01
