0.000000e+00
6.657290e-02
1.332309e-01
1.999190e-01
2.665961e-01
3.332329e-01
3.999140e-01
4.667010e-01
5.333619e-01
5.999100e-01
7.332160e-01
8.001461e-01
8.665719e-01
9.332590e-01
1.000063e+00
1.071044e+00
1.133229e+00
1.199905e+00
1.275501e+00
1.333214e+00
1.399897e+00
1.476035e+00
1.533357e+00
1.600051e+00
1.676707e+00
1.733185e+00
1.799895e+00
1.876319e+00
1.933232e+00
1.999892e+00
2.076865e+00
2.133365e+00
2.200058e+00
2.276815e+00
2.333175e+00
2.399927e+00
2.480091e+00
2.543264e+00
2.599890e+00
2.676889e+00
2.733341e+00
2.799893e+00
2.876241e+00
2.933174e+00
2.999886e+00
3.079039e+00
3.133165e+00
3.200027e+00
3.276822e+00
3.338249e+00
3.399880e+00
3.473516e+00
3.533470e+00
3.599877e+00
3.675755e+00
3.733457e+00
3.800020e+00
3.875457e+00
3.933438e+00
3.999894e+00
4.075205e+00
4.133453e+00
4.199873e+00
4.278404e+00
4.333592e+00
4.400033e+00
4.475511e+00
4.533312e+00
4.599890e+00
4.780606e+00
4.842983e+00
4.908764e+00
4.975544e+00
5.042562e+00
5.108752e+00
5.175894e+00
5.242420e+00
5.308892e+00
5.379383e+00
5.442695e+00
5.508764e+00
5.575793e+00
5.642380e+00
5.708765e+00
5.775749e+00
5.842675e+00
5.908872e+00
5.975929e+00
6.042558e+00
6.108759e+00
6.175617e+00
6.242556e+00
6.308738e+00
6.375748e+00
6.442691e+00
6.508869e+00
6.578326e+00
6.642402e+00
6.708757e+00
6.778786e+00
6.843159e+00
6.908739e+00
6.977752e+00
7.043308e+00
7.108873e+00
7.176155e+00
7.243150e+00
7.308740e+00
7.389653e+00
7.443298e+00
7.508727e+00
7.586825e+00
7.649212e+00
7.708788e+00
7.776502e+00
7.842538e+00
7.908725e+00
7.975485e+00
8.042377e+00
8.108865e+00
8.175880e+00
8.242644e+00
8.308766e+00
8.375886e+00
8.442399e+00
8.508714e+00
8.575853e+00
8.642316e+00
8.708840e+00
8.776223e+00
8.842348e+00
8.908721e+00
8.976206e+00
9.042645e+00
9.108705e+00
9.175802e+00
9.242608e+00
9.308849e+00
9.442367e+00
9.508712e+00
9.642337e+00
9.708710e+00
9.779276e+00
9.842618e+00
9.908860e+00
9.977219e+00
1.004234e+01
1.010875e+01
1.017666e+01
1.024235e+01
1.030870e+01
1.037679e+01
1.044261e+01
1.050873e+01
1.057769e+01
1.064234e+01
1.070869e+01
1.077687e+01
1.084234e+01
1.090884e+01
1.097722e+01
1.104263e+01
1.110871e+01
1.117704e+01
1.124234e+01
1.130869e+01
1.137685e+01
1.144266e+01
1.150882e+01
1.157570e+01
1.164230e+01
1.170869e+01
1.177610e+01
1.184233e+01
1.190889e+01
1.197578e+01
1.204241e+01
1.210885e+01
1.217600e+01
1.224234e+01
1.230868e+01
1.237568e+01
1.244229e+01
1.250868e+01
1.257596e+01
1.264258e+01
1.270872e+01
1.278662e+01
1.285156e+01
1.291290e+01
1.297603e+01
1.304235e+01
1.310868e+01
1.317576e+01
1.324257e+01
1.330874e+01
1.337887e+01
1.344592e+01
1.350869e+01
1.357670e+01
1.364232e+01
1.370885e+01
1.377702e+01
1.384242e+01
1.390867e+01
1.397948e+01
1.404227e+01
1.410868e+01
1.417618e+01
1.424228e+01
1.430882e+01
1.437569e+01
1.444233e+01
1.450870e+01
1.457532e+01
1.464229e+01
1.470868e+01
1.478207e+01
1.484230e+01
1.490945e+01
1.497610e+01
1.504215e+01
1.510986e+01
1.517861e+01
1.524215e+01
1.530986e+01
1.537562e+01
1.544226e+01
1.551005e+01
1.557679e+01
1.564213e+01
1.570985e+01
1.577619e+01
1.584212e+01
1.590997e+01
1.597628e+01
1.604224e+01
1.611017e+01
1.617666e+01
1.624212e+01
1.630978e+01
1.637823e+01
1.644211e+01
1.650997e+01
1.657600e+01
1.664227e+01
1.670981e+01
1.677564e+01
1.684201e+01
1.690979e+01
1.697619e+01
1.704228e+01
1.710929e+01
1.717578e+01
1.724204e+01
1.730919e+01
1.737598e+01
1.744205e+01
1.750916e+01
1.757624e+01
1.764218e+01
1.770931e+01
1.777598e+01
1.784204e+01
1.790917e+01
1.797865e+01
1.804208e+01
1.810941e+01
1.817619e+01
1.824218e+01
1.830928e+01
1.837561e+01
1.844205e+01
1.850914e+01
1.857596e+01
1.864190e+01
1.870912e+01
1.877613e+01
1.884221e+01
1.890915e+01
1.897632e+01
1.904190e+01
1.910913e+01
1.917570e+01
1.924191e+01
1.930912e+01
1.937635e+01
1.944207e+01
1.950919e+01
1.957593e+01
1.964189e+01
1.970914e+01
1.977673e+01
1.984189e+01
1.990927e+01
1.997864e+01
2.004204e+01
2.010914e+01
2.017615e+01
2.024187e+01
2.030912e+01
2.037563e+01
2.044188e+01
2.050927e+01
2.057575e+01
2.064188e+01
2.070913e+01
2.077562e+01
2.084187e+01
2.090911e+01
2.097552e+01
2.104202e+01
2.110926e+01
2.117607e+01
2.124187e+01
2.130911e+01
2.137588e+01
2.144187e+01
2.150912e+01
2.157574e+01
2.164279e+01
2.170924e+01
2.177594e+01
2.184221e+01
2.190918e+01
2.197558e+01
2.204185e+01
2.210923e+01
2.217579e+01
2.224201e+01
2.230927e+01
2.237616e+01
2.244186e+01
2.250911e+01
2.257831e+01
2.264184e+01
2.270926e+01
2.277607e+01
2.284199e+01
2.290911e+01
2.297649e+01
2.304185e+01
2.310910e+01
2.318164e+01
2.324193e+01
2.331019e+01
2.337703e+01
2.344186e+01
2.350908e+01
2.358171e+01
2.364186e+01
2.370909e+01
2.377974e+01
2.384199e+01
2.390928e+01
2.397698e+01
2.404183e+01
2.410926e+01
2.417624e+01
2.424183e+01
2.430911e+01
2.437641e+01
2.444196e+01
2.450923e+01
2.457680e+01
2.464183e+01
2.470909e+01
2.477624e+01
2.484182e+01
2.490907e+01
2.497786e+01
2.504216e+01
2.510910e+01
2.517653e+01
2.524182e+01
2.530907e+01
2.537639e+01
2.544183e+01
2.550906e+01
2.557814e+01
2.564198e+01
2.570908e+01
2.577709e+01
2.584181e+01
2.590907e+01
2.597652e+01
2.604182e+01
2.610923e+01
2.617690e+01
2.624181e+01
2.630907e+01
2.637617e+01
2.644183e+01
2.650907e+01
2.657718e+01
2.664198e+01
2.670922e+01
2.677748e+01
2.684180e+01
2.690905e+01
2.697765e+01
2.704180e+01
2.710906e+01
2.717681e+01
2.724196e+01
2.730921e+01
2.737570e+01
2.744179e+01
2.750906e+01
2.757542e+01
2.764183e+01
2.770908e+01
2.777605e+01
2.784194e+01
2.790906e+01
2.797614e+01
2.804180e+01
2.810905e+01
2.817613e+01
2.824179e+01
2.830920e+01
2.844199e+01
2.850908e+01
2.857750e+01
2.864180e+01
2.870905e+01
2.877776e+01
2.884178e+01
2.890920e+01
2.897636e+01
2.904192e+01
2.910902e+01
2.917610e+01
2.924199e+01
2.930905e+01
2.937633e+01
2.944178e+01
2.950920e+01
2.964180e+01
2.970904e+01
2.977620e+01
2.984177e+01
2.990904e+01
2.998013e+01
3.004192e+01
3.010924e+01
3.017589e+01
3.024177e+01
3.030910e+01
3.037620e+01
3.044177e+01
3.050938e+01
3.057598e+01
3.064193e+01
3.071000e+01
3.077552e+01
3.084176e+01
3.090970e+01
3.097551e+01
3.104177e+01
3.110995e+01
3.117809e+01
3.124191e+01
3.130976e+01
3.137580e+01
3.144176e+01
3.150965e+01
3.157600e+01
3.164175e+01
3.170981e+01
3.177869e+01
3.184191e+01
3.190964e+01
3.197614e+01
3.204176e+01
3.210987e+01
3.217709e+01
3.224177e+01
3.230981e+01
3.237836e+01
3.244176e+01
3.250966e+01
3.257603e+01
3.264175e+01
3.270900e+01
3.277549e+01
3.284190e+01
3.290916e+01
3.297562e+01
3.304174e+01
3.310901e+01
3.317860e+01
3.324176e+01
3.330899e+01
3.337595e+01
3.344189e+01
3.350915e+01
3.358275e+01
3.364172e+01
3.370999e+01
3.378645e+01
3.384175e+01
3.390900e+01
3.397577e+01
3.404189e+01
3.410899e+01
3.417588e+01
3.424173e+01
3.430899e+01
3.437565e+01
3.444172e+01
3.450912e+01
3.457548e+01
3.464188e+01
3.470898e+01
3.484173e+01
3.490899e+01
3.498362e+01
3.504173e+01
3.510913e+01
3.517562e+01
3.524173e+01
3.530899e+01
3.537576e+01
3.544172e+01
3.550899e+01
3.557575e+01
3.564189e+01
3.570915e+01
3.577606e+01
3.584173e+01
3.590897e+01
3.597566e+01
3.604173e+01
3.610897e+01
3.617562e+01
3.624188e+01
3.630934e+01
3.637587e+01
3.644170e+01
3.650895e+01
3.657581e+01
3.664166e+01
3.670895e+01
3.677600e+01
3.684223e+01
3.690896e+01
3.697622e+01
3.704169e+01
3.710894e+01
3.717543e+01
3.724190e+01
3.730910e+01
3.737566e+01
3.744187e+01
3.750893e+01
3.757614e+01
3.764171e+01
3.770895e+01
3.778077e+01
3.784169e+01
3.790908e+01
3.797557e+01
3.804169e+01
3.810893e+01
3.817635e+01
3.824169e+01
3.830896e+01
3.837612e+01
3.844170e+01
3.850907e+01
3.857629e+01
3.864169e+01
3.870893e+01
3.877615e+01
3.884167e+01
3.890931e+01
3.898521e+01
3.904185e+01
3.910906e+01
3.917592e+01
3.924168e+01
3.930893e+01
3.937643e+01
3.944168e+01
3.950893e+01
3.957635e+01
3.964181e+01
3.970909e+01
3.979389e+01
3.984167e+01
3.990893e+01
3.997783e+01
4.004168e+01
4.010906e+01
4.017776e+01
4.024183e+01
4.030893e+01
4.037784e+01
4.044167e+01
4.050893e+01
4.057635e+01
4.064167e+01
4.070906e+01
4.077657e+01
4.084168e+01
4.090894e+01
4.097902e+01
4.104165e+01
4.110893e+01
4.117540e+01
4.124181e+01
4.130910e+01
4.137645e+01
4.144166e+01
4.150890e+01
4.157566e+01
4.164167e+01
4.170889e+01
4.177560e+01
4.184182e+01
4.190911e+01
4.197585e+01
4.204166e+01
4.210892e+01
4.217873e+01
4.224165e+01
4.230891e+01
4.237604e+01
4.244180e+01
4.250907e+01
4.257570e+01
4.264165e+01
4.270890e+01
4.277542e+01
4.284165e+01
4.290891e+01
4.297552e+01
4.304180e+01
4.310893e+01
4.317563e+01
4.324164e+01
4.330889e+01
4.337804e+01
4.344165e+01
4.350912e+01
4.357575e+01
4.364188e+01
4.370890e+01
4.377604e+01
4.384160e+01
4.390895e+01
4.397538e+01
4.404178e+01
4.411062e+01
4.418556e+01
4.424163e+01
4.430929e+01
4.437618e+01
4.444162e+01
4.450949e+01
4.457567e+01
4.464179e+01
4.471001e+01
4.477613e+01
4.484162e+01
4.490979e+01
4.497590e+01
4.504163e+01
4.510975e+01
4.517527e+01
4.524186e+01
4.530991e+01
4.537583e+01
4.544163e+01
4.550976e+01
4.557527e+01
4.564162e+01
4.570976e+01
4.577543e+01
4.584178e+01
4.590979e+01
4.597536e+01
4.604161e+01
4.610975e+01
4.617527e+01
4.624162e+01
4.630927e+01
4.637869e+01
4.644177e+01
4.650913e+01
4.657682e+01
4.664160e+01
4.670911e+01
4.677993e+01
4.684160e+01
4.690923e+01
4.697759e+01
4.704159e+01
4.710911e+01
4.717686e+01
4.724160e+01
4.730915e+01
4.737627e+01
4.744176e+01
4.750927e+01
4.757559e+01
4.764159e+01
4.770909e+01
4.777519e+01
4.784159e+01
4.791116e+01
4.797514e+01
4.804175e+01
4.810924e+01
4.817955e+01
4.824159e+01
4.830909e+01
4.837600e+01
4.844159e+01
4.850908e+01
4.857526e+01
4.864174e+01
4.870909e+01
4.877545e+01
4.884159e+01
4.890907e+01
4.897580e+01
4.904158e+01
4.910923e+01
4.924172e+01
4.931048e+01
4.938509e+01
4.944178e+01
4.950906e+01
4.958026e+01
4.964156e+01
4.970929e+01
4.977607e+01
4.984160e+01
4.991240e+01
4.997588e+01
5.004158e+01
5.010908e+01
5.017912e+01
5.024171e+01
5.030923e+01
5.037605e+01
5.044158e+01
5.050907e+01
5.057543e+01
5.064158e+01
5.070907e+01
5.077849e+01
5.084173e+01
5.090920e+01
5.097533e+01
5.104156e+01
5.110905e+01
5.117580e+01
5.124212e+01
5.130903e+01
5.137548e+01
5.144208e+01
5.150918e+01
5.157572e+01
5.164154e+01
5.170905e+01
5.177600e+01
5.184154e+01
5.190920e+01
5.197931e+01
5.204170e+01
5.210905e+01
5.217534e+01
5.224154e+01
5.230928e+01
5.237571e+01
5.244156e+01
5.250917e+01
