0.000000e+00
7.659292e-02
1.341760e-01
2.000229e-01
2.731659e-01
3.340580e-01
3.998511e-01
4.731860e-01
5.342150e-01
6.000359e-01
6.764560e-01
7.342479e-01
7.998371e-01
8.731630e-01
9.339819e-01
9.998441e-01
1.073155e+00
1.134238e+00
1.199992e+00
1.275913e+00
1.334184e+00
1.399848e+00
1.466930e+00
1.534018e+00
1.599870e+00
1.673318e+00
1.734178e+00
1.799999e+00
1.873568e+00
1.934180e+00
1.999833e+00
2.073050e+00
2.134002e+00
2.199829e+00
2.273263e+00
2.334156e+00
2.399987e+00
2.473264e+00
2.534726e+00
2.599829e+00
2.673338e+00
2.742263e+00
2.800194e+00
2.874267e+00
2.934938e+00
2.999977e+00
3.073048e+00
3.134641e+00
3.199820e+00
3.272968e+00
3.334801e+00
3.399974e+00
3.473200e+00
3.534947e+00
3.599846e+00
3.673074e+00
3.734664e+00
3.800022e+00
3.873128e+00
3.934842e+00
3.999957e+00
4.073119e+00
4.134815e+00
4.199812e+00
4.272951e+00
4.334664e+00
4.399823e+00
4.473163e+00
4.534766e+00
4.599968e+00
4.685400e+00
4.759607e+00
4.917714e+00
4.956071e+00
5.001713e+00
5.073245e+00
5.134766e+00
5.199960e+00
5.273232e+00
5.334598e+00
5.399801e+00
5.473205e+00
5.534065e+00
5.599957e+00
5.673308e+00
5.734105e+00
5.799956e+00
5.873030e+00
5.933983e+00
5.999802e+00
6.072925e+00
6.134100e+00
6.199949e+00
6.273298e+00
6.334110e+00
6.399958e+00
6.473073e+00
6.533950e+00
6.599799e+00
6.673109e+00
6.734082e+00
6.799937e+00
6.888171e+00
6.934087e+00
6.999800e+00
7.073138e+00
7.133962e+00
7.199792e+00
7.273137e+00
7.334093e+00
7.399933e+00
7.473281e+00
7.533952e+00
7.599798e+00
7.677501e+00
7.733954e+00
7.799770e+00
7.873310e+00
7.934341e+00
8.000145e+00
8.074864e+00
8.133959e+00
8.199782e+00
8.267519e+00
8.333968e+00
8.399922e+00
8.473914e+00
8.534170e+00
8.599925e+00
8.677462e+00
8.733937e+00
8.802050e+00
8.873681e+00
8.938592e+00
9.000112e+00
9.073792e+00
9.134112e+00
9.199920e+00
9.273602e+00
9.333945e+00
9.399775e+00
9.473911e+00
9.534073e+00
9.599924e+00
9.673679e+00
9.734101e+00
9.799759e+00
9.877462e+00
9.936617e+00
1.000001e+01
1.007887e+01
1.015617e+01
1.027413e+01
1.033403e+01
1.039976e+01
1.047392e+01
1.053388e+01
1.060141e+01
1.067392e+01
1.073403e+01
1.079990e+01
1.093385e+01
1.099975e+01
1.113385e+01
1.119989e+01
1.133400e+01
1.139989e+01
1.153387e+01
1.160078e+01
1.167339e+01
1.173332e+01
1.180065e+01
1.187328e+01
1.193347e+01
1.200155e+01
1.207321e+01
1.213330e+01
1.220170e+01
1.227342e+01
1.233346e+01
1.240184e+01
1.247340e+01
1.253346e+01
1.260300e+01
1.267420e+01
1.273331e+01
1.280167e+01
1.287337e+01
1.293344e+01
1.300874e+01
1.307335e+01
1.313346e+01
1.320107e+01
1.327337e+01
1.333333e+01
1.340108e+01
1.347329e+01
1.353356e+01
1.361483e+01
1.367338e+01
1.373331e+01
1.380327e+01
1.387329e+01
1.393330e+01
1.400178e+01
1.407334e+01
1.413346e+01
1.420119e+01
1.427358e+01
1.433330e+01
1.440102e+01
1.447577e+01
1.453333e+01
1.460225e+01
1.466675e+01
1.473345e+01
1.480114e+01
1.487315e+01
1.493331e+01
1.500405e+01
1.507352e+01
1.513344e+01
1.520113e+01
1.529085e+01
1.535762e+01
1.548696e+01
1.553329e+01
1.560063e+01
1.567644e+01
1.573347e+01
1.579985e+01
1.587383e+01
1.593346e+01
1.599968e+01
1.607391e+01
1.613332e+01
1.619969e+01
1.627385e+01
1.633380e+01
1.639984e+01
1.647391e+01
1.653392e+01
1.660059e+01
1.667399e+01
1.673390e+01
1.679984e+01
1.687387e+01
1.693429e+01
1.699983e+01
1.707377e+01
1.713324e+01
1.719967e+01
1.727394e+01
1.733315e+01
1.739982e+01
1.753340e+01
1.760070e+01
1.773318e+01
1.779969e+01
1.793329e+01
1.799982e+01
1.813332e+01
1.819982e+01
1.833317e+01
1.839967e+01
1.847388e+01
1.853341e+01
1.860071e+01
1.867386e+01
1.873333e+01
1.879966e+01
1.887364e+01
1.893316e+01
1.899965e+01
1.907998e+01
1.913331e+01
1.919980e+01
1.927400e+01
1.933319e+01
1.939966e+01
1.947366e+01
1.953302e+01
1.960039e+01
1.967456e+01
1.973317e+01
1.979981e+01
1.987451e+01
1.993301e+01
1.999965e+01
2.007446e+01
2.013302e+01
2.019981e+01
2.027440e+01
2.033317e+01
2.039980e+01
2.047433e+01
2.063164e+01
2.069365e+01
2.080266e+01
2.087447e+01
2.093318e+01
2.099964e+01
2.107588e+01
2.114062e+01
2.119964e+01
2.126727e+01
2.133315e+01
2.139978e+01
2.147444e+01
2.153314e+01
2.159971e+01
2.167377e+01
2.173302e+01
2.179963e+01
2.187408e+01
2.193317e+01
2.199978e+01
2.207401e+01
2.213339e+01
2.219964e+01
2.227366e+01
2.233298e+01
2.239962e+01
2.247376e+01
2.253313e+01
2.260018e+01
2.267445e+01
2.273300e+01
2.280027e+01
2.287387e+01
2.293298e+01
2.300080e+01
2.307430e+01
2.313314e+01
2.320069e+01
2.327364e+01
2.333300e+01
2.340041e+01
2.347370e+01
2.353307e+01
2.360076e+01
2.367384e+01
2.373313e+01
2.380093e+01
2.387361e+01
2.393297e+01
2.400079e+01
2.413314e+01
2.420076e+01
2.433313e+01
2.440076e+01
2.453297e+01
2.460061e+01
2.473311e+01
2.480076e+01
2.493314e+01
2.499982e+01
2.507359e+01
2.513297e+01
2.520810e+01
2.527375e+01
2.533312e+01
2.539997e+01
2.547618e+01
2.553297e+01
2.559983e+01
2.567400e+01
2.573297e+01
2.581327e+01
2.588946e+01
2.602219e+01
2.608041e+01
2.613296e+01
2.619984e+01
2.627380e+01
2.633295e+01
2.639998e+01
2.647368e+01
2.653311e+01
2.659999e+01
2.667627e+01
2.673298e+01
2.679983e+01
2.687388e+01
2.693316e+01
2.699996e+01
2.707366e+01
2.713312e+01
2.720331e+01
2.727363e+01
2.733296e+01
2.739981e+01
2.747370e+01
2.753311e+01
2.759996e+01
2.767465e+01
2.773376e+01
2.779981e+01
2.786703e+01
2.793360e+01
2.799979e+01
2.807369e+01
2.813394e+01
2.820002e+01
2.827376e+01
2.833355e+01
2.839984e+01
2.847370e+01
2.853305e+01
2.859995e+01
2.867378e+01
2.873309e+01
2.879994e+01
2.887362e+01
2.893295e+01
2.899981e+01
2.907376e+01
2.913312e+01
2.920013e+01
2.927374e+01
2.933307e+01
2.939993e+01
2.947385e+01
2.953293e+01
2.959980e+01
2.967382e+01
2.973309e+01
2.979993e+01
2.987382e+01
2.993308e+01
2.999978e+01
3.007380e+01
3.013291e+01
3.019978e+01
3.027375e+01
3.033309e+01
3.039993e+01
3.047375e+01
3.053292e+01
3.059982e+01
3.067357e+01
3.073290e+01
3.079978e+01
3.093559e+01
3.099992e+01
3.107387e+01
3.115290e+01
3.119999e+01
3.130522e+01
3.135761e+01
3.141378e+01
3.153305e+01
3.159990e+01
3.167411e+01
3.173292e+01
3.179978e+01
3.187444e+01
3.193292e+01
3.199991e+01
3.207437e+01
3.213306e+01
3.219991e+01
3.227413e+01
3.233291e+01
3.239979e+01
3.247436e+01
3.253304e+01
3.259991e+01
3.268107e+01
3.273306e+01
3.279976e+01
3.287425e+01
3.293291e+01
3.299975e+01
3.307449e+01
3.313305e+01
3.319988e+01
3.327455e+01
3.333645e+01
3.339978e+01
3.347454e+01
3.353299e+01
3.359976e+01
3.367434e+01
3.373304e+01
3.380120e+01
3.387438e+01
3.394228e+01
3.399973e+01
3.407688e+01
3.413288e+01
3.419970e+01
3.427362e+01
3.433305e+01
3.439990e+01
3.446726e+01
3.453287e+01
3.460059e+01
3.467376e+01
3.473290e+01
3.479990e+01
3.487366e+01
3.493306e+01
3.500067e+01
3.507349e+01
3.513289e+01
3.520075e+01
3.527634e+01
3.533303e+01
3.540879e+01
3.547373e+01
3.553304e+01
3.560067e+01
3.567353e+01
3.573288e+01
3.580037e+01
3.587382e+01
3.593303e+01
3.600068e+01
3.607359e+01
3.613302e+01
3.620035e+01
3.627358e+01
3.633286e+01
3.640034e+01
3.648913e+01
3.655509e+01
3.663267e+01
3.673287e+01
3.680035e+01
3.687366e+01
3.693288e+01
3.700064e+01
3.707378e+01
3.713325e+01
3.720064e+01
3.733288e+01
3.740386e+01
3.753287e+01
3.759993e+01
3.773300e+01
3.779986e+01
3.793285e+01
3.799973e+01
3.813284e+01
3.819986e+01
3.827367e+01
3.833301e+01
3.840007e+01
3.847344e+01
3.853297e+01
3.859974e+01
3.867364e+01
3.873300e+01
3.880296e+01
3.887366e+01
3.893300e+01
3.899969e+01
3.907355e+01
3.913285e+01
3.919969e+01
3.927358e+01
3.933361e+01
3.939986e+01
3.947357e+01
3.953345e+01
3.959971e+01
3.967371e+01
3.973286e+01
3.979970e+01
3.987351e+01
3.993298e+01
3.999983e+01
4.007359e+01
4.013283e+01
4.019972e+01
4.027367e+01
4.033284e+01
4.040004e+01
4.047369e+01
4.053298e+01
4.059985e+01
4.067346e+01
4.073283e+01
4.079968e+01
4.087371e+01
4.093282e+01
4.099982e+01
4.106723e+01
4.113297e+01
4.119982e+01
4.127347e+01
4.133281e+01
4.139968e+01
4.148032e+01
4.153294e+01
4.159982e+01
4.167370e+01
4.175178e+01
4.180883e+01
4.194457e+01
4.199972e+01
4.207511e+01
4.213296e+01
4.219982e+01
4.227443e+01
4.233304e+01
4.239989e+01
4.247426e+01
4.253282e+01
4.259980e+01
4.267528e+01
4.273297e+01
4.279980e+01
4.287425e+01
4.293280e+01
4.299965e+01
4.307426e+01
4.313280e+01
4.319995e+01
4.327450e+01
4.333295e+01
4.339979e+01
4.347450e+01
4.353291e+01
4.359963e+01
4.367424e+01
4.373279e+01
4.380249e+01
4.393294e+01
4.399981e+01
4.413278e+01
4.419979e+01
4.433293e+01
4.440001e+01
4.453293e+01
4.459964e+01
4.473280e+01
4.479964e+01
4.487371e+01
4.493293e+01
4.499980e+01
4.507628e+01
4.513286e+01
4.519962e+01
4.527352e+01
4.533276e+01
4.540008e+01
4.547357e+01
4.554658e+01
4.560041e+01
4.567377e+01
4.573279e+01
4.580027e+01
4.587357e+01
4.593278e+01
4.600056e+01
4.607373e+01
4.613292e+01
4.620041e+01
4.627349e+01
4.633277e+01
4.640066e+01
4.647355e+01
4.653291e+01
4.660125e+01
4.667352e+01
4.673293e+01
4.680038e+01
4.687357e+01
4.693277e+01
4.701744e+01
4.708647e+01
4.721883e+01
4.728281e+01
4.733288e+01
4.740022e+01
4.747338e+01
4.753274e+01
4.759966e+01
4.766695e+01
4.773291e+01
4.779975e+01
4.787350e+01
4.793291e+01
4.799958e+01
4.807338e+01
4.813276e+01
4.819958e+01
4.827353e+01
4.833310e+01
4.840016e+01
4.847357e+01
4.853290e+01
4.859959e+01
4.867359e+01
4.873287e+01
4.879973e+01
4.887357e+01
4.893309e+01
4.899974e+01
4.907339e+01
4.913300e+01
4.919960e+01
4.927346e+01
4.933398e+01
4.939989e+01
4.947354e+01
4.953385e+01
