0.000000e+00
6.683397e-02
1.340330e-01
2.002540e-01
2.666979e-01
3.339000e-01
3.999751e-01
4.667180e-01
5.341940e-01
6.047089e-01
6.672239e-01
7.435999e-01
7.999809e-01
8.666749e-01
9.339349e-01
9.999721e-01
1.066690e+00
1.133904e+00
1.200249e+00
1.266822e+00
1.333894e+00
1.399957e+00
1.466674e+00
1.533905e+00
1.599958e+00
1.666963e+00
1.734111e+00
1.800231e+00
1.866818e+00
1.933899e+00
1.999947e+00
2.066682e+00
2.133898e+00
2.199957e+00
2.266679e+00
2.334052e+00
2.400206e+00
2.466900e+00
2.533902e+00
2.599935e+00
2.666970e+00
2.733884e+00
2.799924e+00
2.866801e+00
2.934270e+00
3.000227e+00
3.066666e+00
3.133872e+00
3.199935e+00
3.266669e+00
3.333858e+00
3.399932e+00
3.466789e+00
3.534012e+00
3.599932e+00
3.734548e+00
3.799910e+00
3.866667e+00
3.934569e+00
4.000233e+00
4.066797e+00
4.134533e+00
4.199924e+00
4.266660e+00
4.334566e+00
4.399936e+00
4.466662e+00
4.534724e+00
4.600194e+00
4.667083e+00
4.741777e+00
4.799905e+00
4.866650e+00
4.934607e+00
4.999941e+00
5.066666e+00
5.134715e+00
5.200176e+00
5.266647e+00
5.334505e+00
5.399908e+00
5.466651e+00
5.534522e+00
5.599917e+00
5.666961e+00
5.734680e+00
5.911753e+00
5.967119e+00
6.034322e+00
6.100470e+00
6.167095e+00
6.234436e+00
6.300575e+00
6.367073e+00
6.434279e+00
6.500456e+00
6.567097e+00
6.634282e+00
6.700444e+00
6.767240e+00
6.834418e+00
6.900574e+00
6.967087e+00
7.100457e+00
7.167086e+00
7.234270e+00
7.300458e+00
7.367222e+00
7.434649e+00
7.500461e+00
7.567144e+00
7.634290e+00
7.700472e+00
7.767138e+00
7.834259e+00
7.900573e+00
7.967208e+00
8.034280e+00
8.100439e+00
8.167060e+00
8.234257e+00
8.300440e+00
8.367069e+00
8.434389e+00
8.500563e+00
8.567214e+00
8.634273e+00
8.700446e+00
8.767085e+00
8.834281e+00
8.900422e+00
8.967284e+00
9.034502e+00
9.100558e+00
9.167063e+00
9.234244e+00
9.300445e+00
9.367049e+00
9.434253e+00
9.500428e+00
9.567211e+00
9.634375e+00
9.700557e+00
9.767092e+00
9.834224e+00
9.900441e+00
9.967729e+00
1.003425e+01
1.010057e+01
1.016786e+01
1.023435e+01
1.030042e+01
1.036765e+01
1.043424e+01
1.050041e+01
1.056768e+01
1.063450e+01
1.070054e+01
1.076786e+01
1.083424e+01
1.090042e+01
1.096928e+01
1.103568e+01
1.110042e+01
1.116767e+01
1.123438e+01
1.130055e+01
1.136766e+01
1.143430e+01
1.150041e+01
1.156767e+01
1.163423e+01
1.170040e+01
1.176791e+01
1.183436e+01
1.190055e+01
1.196702e+01
1.203421e+01
1.210042e+01
1.216702e+01
1.223423e+01
1.230041e+01
1.236717e+01
1.243435e+01
1.250041e+01
1.256722e+01
1.263422e+01
1.270039e+01
1.276704e+01
1.283428e+01
1.290054e+01
1.296714e+01
1.303434e+01
1.310040e+01
1.316700e+01
1.323423e+01
1.330038e+01
1.336700e+01
1.343422e+01
1.350053e+01
1.356714e+01
1.363419e+01
1.370039e+01
1.376706e+01
1.383442e+01
1.390039e+01
1.396700e+01
1.403436e+01
1.410053e+01
1.416699e+01
1.423421e+01
1.430039e+01
1.436701e+01
1.443421e+01
1.450051e+01
1.456715e+01
1.463439e+01
1.470053e+01
1.476702e+01
1.484462e+01
1.490040e+01
1.496700e+01
1.503485e+01
1.510041e+01
1.516711e+01
1.523433e+01
1.530037e+01
1.536699e+01
1.543421e+01
1.550037e+01
1.556700e+01
1.563421e+01
1.570053e+01
1.576715e+01
1.583450e+01
1.590037e+01
1.596699e+01
1.603491e+01
1.610034e+01
1.616863e+01
1.623982e+01
1.630052e+01
1.636710e+01
1.643418e+01
1.650035e+01
1.656699e+01
1.663421e+01
1.670099e+01
1.676702e+01
1.683431e+01
1.690095e+01
1.696697e+01
1.703499e+01
1.710036e+01
1.716697e+01
1.723418e+01
1.730036e+01
1.736710e+01
1.743432e+01
1.750048e+01
1.756698e+01
1.763415e+01
1.770046e+01
1.776702e+01
1.783442e+01
1.790036e+01
1.796710e+01
1.803511e+01
1.810034e+01
1.816696e+01
1.823419e+01
1.830035e+01
1.836696e+01
1.843419e+01
1.850049e+01
1.856711e+01
1.863426e+01
1.870032e+01
1.876698e+01
1.883419e+01
1.890034e+01
1.896696e+01
1.903513e+01
1.910045e+01
1.916708e+01
1.923417e+01
1.930034e+01
1.936695e+01
1.943414e+01
1.950032e+01
1.956694e+01
1.963452e+01
1.970047e+01
1.976700e+01
1.983429e+01
1.990033e+01
1.996696e+01
2.003492e+01
2.010034e+01
2.016708e+01
2.023428e+01
2.036694e+01
2.043446e+01
2.050032e+01
2.056715e+01
2.063482e+01
2.070031e+01
2.076710e+01
2.083500e+01
2.091261e+01
2.096694e+01
2.103561e+01
2.110031e+01
2.116693e+01
2.123483e+01
2.130052e+01
2.136719e+01
2.143822e+01
2.150031e+01
2.156693e+01
2.163492e+01
2.170029e+01
2.176698e+01
2.183508e+01
2.190043e+01
2.196707e+01
2.203556e+01
2.210031e+01
2.216694e+01
2.223477e+01
2.230031e+01
2.236694e+01
2.243493e+01
2.250043e+01
2.256692e+01
2.263412e+01
2.270031e+01
2.276692e+01
2.283410e+01
2.290030e+01
2.296710e+01
2.303504e+01
2.310042e+01
2.316691e+01
2.323411e+01
2.330030e+01
2.336693e+01
2.343415e+01
2.350030e+01
2.356706e+01
2.363425e+01
2.370029e+01
2.376720e+01
2.383433e+01
2.390029e+01
2.396691e+01
2.403484e+01
2.410044e+01
2.416705e+01
2.423410e+01
2.430028e+01
2.436690e+01
2.443412e+01
2.450030e+01
2.456691e+01
2.463431e+01
2.470043e+01
2.476708e+01
2.483407e+01
2.490028e+01
2.496695e+01
2.503485e+01
2.510028e+01
2.516689e+01
2.523428e+01
2.530038e+01
2.536689e+01
2.543407e+01
2.550027e+01
2.556689e+01
2.563411e+01
2.570047e+01
2.576708e+01
2.583421e+01
2.590040e+01
2.596689e+01
2.603479e+01
2.610028e+01
2.616688e+01
2.623409e+01
2.630027e+01
2.636703e+01
2.643690e+01
2.650031e+01
2.656693e+01
2.663408e+01
2.670026e+01
2.676758e+01
2.690040e+01
2.696768e+01
2.703486e+01
2.710025e+01
2.716750e+01
2.723407e+01
2.730025e+01
2.736751e+01
2.743424e+01
2.750037e+01
2.756766e+01
2.763427e+01
2.770026e+01
2.776757e+01
2.783406e+01
2.790025e+01
2.796750e+01
2.803499e+01
2.810038e+01
2.816756e+01
2.823406e+01
2.830027e+01
2.836750e+01
2.843406e+01
2.850025e+01
2.856708e+01
2.863418e+01
2.870037e+01
2.876689e+01
2.883407e+01
2.890025e+01
2.896685e+01
2.903485e+01
2.910025e+01
2.916697e+01
2.923417e+01
2.930026e+01
2.936682e+01
2.943406e+01
2.950024e+01
2.956684e+01
2.963408e+01
2.970037e+01
2.976705e+01
2.983408e+01
2.990025e+01
2.996682e+01
3.003416e+01
3.010024e+01
3.016685e+01
3.023420e+01
3.030037e+01
3.036698e+01
3.043403e+01
3.050023e+01
3.056684e+01
3.063406e+01
3.070022e+01
3.076688e+01
3.083443e+01
3.090036e+01
3.096682e+01
3.103768e+01
3.110023e+01
3.116682e+01
3.123406e+01
3.130024e+01
3.136700e+01
3.143415e+01
3.150035e+01
3.156683e+01
3.163959e+01
3.170025e+01
3.176692e+01
3.183403e+01
3.190025e+01
3.196697e+01
3.203416e+01
3.210021e+01
3.216682e+01
3.223405e+01
3.230024e+01
3.236683e+01
3.243405e+01
3.250038e+01
3.256693e+01
3.263423e+01
3.270023e+01
3.276706e+01
3.283404e+01
3.290021e+01
3.296683e+01
3.303850e+01
3.310036e+01
3.316695e+01
3.323402e+01
3.330022e+01
3.336681e+01
3.343401e+01
3.350020e+01
3.356682e+01
3.363420e+01
3.370083e+01
3.376685e+01
3.383400e+01
3.390056e+01
3.396680e+01
3.403405e+01
3.410020e+01
3.416694e+01
3.423418e+01
3.430031e+01
3.436679e+01
3.443402e+01
3.450021e+01
3.456680e+01
3.463403e+01
3.470031e+01
3.476696e+01
3.483416e+01
3.490018e+01
3.496679e+01
3.503402e+01
3.510019e+01
3.516679e+01
3.523402e+01
3.530031e+01
3.536692e+01
3.543418e+01
3.550005e+01
3.556678e+01
3.563401e+01
3.570017e+01
3.576685e+01
3.583418e+01
3.590031e+01
3.596692e+01
3.603400e+01
3.610004e+01
3.616677e+01
3.623402e+01
3.630018e+01
3.636679e+01
3.643419e+01
3.650029e+01
3.656678e+01
3.664252e+01
3.670004e+01
3.676680e+01
3.684433e+01
3.690002e+01
3.696695e+01
3.703411e+01
3.710031e+01
3.716677e+01
3.723396e+01
3.730004e+01
3.736677e+01
3.743397e+01
3.750005e+01
3.756691e+01
3.763492e+01
3.770002e+01
3.776683e+01
3.783467e+01
3.790003e+01
3.796677e+01
3.803466e+01
3.810031e+01
3.816688e+01
3.823479e+01
3.830003e+01
3.836676e+01
3.843467e+01
3.850002e+01
3.856676e+01
3.863481e+01
3.870028e+01
3.876693e+01
3.883470e+01
3.890002e+01
3.896675e+01
3.903471e+01
3.910004e+01
3.916677e+01
3.923479e+01
3.930027e+01
3.936677e+01
3.943460e+01
3.950001e+01
3.956676e+01
3.963400e+01
3.969999e+01
3.976692e+01
