1.000000000e+00 0.000000000e+00 0.000000000e+00 0.000000000e+00 0.000000000e+00 1.000000000e+00 0.000000000e+00 0.000000000e+00 0.000000000e+00 0.000000000e+00 1.000000000e+00 0.000000000e+00
9.827710194e-01 -1.848272798e-01 0.000000000e+00 8.863342029e-01 1.848272798e-01 9.827710194e-01 0.000000000e+00 7.577302563e-02 0.000000000e+00 0.000000000e+00 1.000000000e+00 0.000000000e+00
9.400389477e-01 -3.410671147e-01 0.000000000e+00 1.705140830e+00 3.410671147e-01 9.400389477e-01 0.000000000e+00 3.028229869e-01 0.000000000e+00 0.000000000e+00 1.000000000e+00 0.000000000e+00
8.591293162e-01 -5.117585544e-01 0.000000000e+00 2.532317836e+00 5.117585544e-01 8.591293162e-01 0.000000000e+00 7.026175645e-01 0.000000000e+00 0.000000000e+00 1.000000000e+00 0.000000000e+00
7.440330608e-01 -6.681428024e-01 0.000000000e+00 3.293110439e+00 6.681428024e-01 7.440330608e-01 0.000000000e+00 1.260543605e+00 0.000000000e+00 0.000000000e+00 1.000000000e+00 0.000000000e+00
6.150583707e-01 -7.884815791e-01 0.000000000e+00 3.895015359e+00 7.884815791e-01 6.150583707e-01 0.000000000e+00 1.880079270e+00 0.000000000e+00 0.000000000e+00 1.000000000e+00 0.000000000e+00
4.566335215e-01 -8.896548921e-01 0.000000000e+00 4.379512206e+00 8.896548921e-01 4.566335215e-01 0.000000000e+00 2.605530901e+00 0.000000000e+00 0.000000000e+00 1.000000000e+00 0.000000000e+00
2.753565914e-01 -9.613421595e-01 0.000000000e+00 4.704976624e+00 9.613421595e-01 2.753565914e-01 0.000000000e+00 3.434719003e+00 0.000000000e+00 0.000000000e+00 1.000000000e+00 0.000000000e+00
1.025779638e-01 -9.947249677e-01 0.000000000e+00 4.875600913e+00 9.947249677e-01 1.025779638e-01 0.000000000e+00 4.295197114e+00 0.000000000e+00 0.000000000e+00 1.000000000e+00 0.000000000e+00
-8.061900311e-02 -9.967449906e-01 0.000000000e+00 4.879628610e+00 9.967449906e-01 -8.061900311e-02 0.000000000e+00 5.152476666e+00 0.000000000e+00 0.000000000e+00 1.000000000e+00 0.000000000e+00
-2.454140116e-01 -9.694183632e-01 0.000000000e+00 4.744569579e+00 9.694183632e-01 -2.454140116e-01 0.000000000e+00 6.015671330e+00 0.000000000e+00 0.000000000e+00 1.000000000e+00 0.000000000e+00
-3.946956518e-01 -9.188119190e-01 0.000000000e+00 4.476007051e+00 9.188119190e-01 -3.946956518e-01 0.000000000e+00 6.806275117e+00 0.000000000e+00 0.000000000e+00 1.000000000e+00 0.000000000e+00
-5.519072780e-01 -8.339054842e-01 0.000000000e+00 4.050083810e+00 8.339054842e-01 -5.519072780e-01 0.000000000e+00 7.583608017e+00 0.000000000e+00 0.000000000e+00 1.000000000e+00 0.000000000e+00
-7.105901535e-01 -7.036061638e-01 0.000000000e+00 3.468048231e+00 7.036061638e-01 -7.105901535e-01 0.000000000e+00 8.303381892e+00 0.000000000e+00 0.000000000e+00 1.000000000e+00 0.000000000e+00
-8.264806852e-01 -5.629650762e-01 0.000000000e+00 2.762111977e+00 5.629650762e-01 -8.264806852e-01 0.000000000e+00 8.881422669e+00 0.000000000e+00 0.000000000e+00 1.000000000e+00 0.000000000e+00
-9.127245439e-01 -4.085754606e-01 0.000000000e+00 1.979362915e+00 4.085754606e-01 -9.127245439e-01 0.000000000e+00 9.308731026e+00 0.000000000e+00 0.000000000e+00 1.000000000e+00 0.000000000e+00
-9.679179040e-01 -2.512666534e-01 0.000000000e+00 1.170084808e+00 2.512666534e-01 -9.679179040e-01 0.000000000e+00 9.610849758e+00 0.000000000e+00 0.000000000e+00 1.000000000e+00 0.000000000e+00
-9.975490164e-01 -6.997113596e-02 0.000000000e+00 2.782364694e-01 6.997113596e-02 -9.975490164e-01 0.000000000e+00 9.763529249e+00 0.000000000e+00 0.000000000e+00 1.000000000e+00 0.000000000e+00
-9.932582500e-01 1.159225984e-01 0.000000000e+00 -6.412600077e-01 -1.159225984e-01 -9.932582500e-01 0.000000000e+00 9.738443238e+00 0.000000000e+00 0.000000000e+00 1.000000000e+00 0.000000000e+00
-9.563974399e-01 2.920683773e-01 0.000000000e+00 -1.550365544e+00 -2.920683773e-01 -9.563974399e-01 0.000000000e+00 9.543462930e+00 0.000000000e+00 0.000000000e+00 1.000000000e+00 0.000000000e+00
-8.870302535e-01 4.617113052e-01 0.000000000e+00 -2.381863131e+00 -4.617113052e-01 -8.870302535e-01 0.000000000e+00 9.209247018e+00 0.000000000e+00 0.000000000e+00 1.000000000e+00 0.000000000e+00
-7.533806715e-01 6.575846438e-01 0.000000000e+00 -3.195701289e+00 -6.575846438e-01 -7.533806715e-01 0.000000000e+00 8.635819111e+00 0.000000000e+00 0.000000000e+00 1.000000000e+00 0.000000000e+00
-7.533806715e-01 6.575846438e-01 0.000000000e+00 -3.195701289e+00 -6.575846438e-01 -7.533806715e-01 0.000000000e+00 8.635819111e+00 0.000000000e+00 0.000000000e+00 1.000000000e+00 0.000000000e+00
-7.533806715e-01 6.575846438e-01 0.000000000e+00 -3.195701289e+00 -6.575846438e-01 -7.533806715e-01 0.000000000e+00 8.635819111e+00 0.000000000e+00 0.000000000e+00 1.000000000e+00 0.000000000e+00
-7.533806715e-01 6.575846438e-01 0.000000000e+00 -3.195701289e+00 -6.575846438e-01 -7.533806715e-01 0.000000000e+00 8.635819111e+00 0.000000000e+00 0.000000000e+00 1.000000000e+00 0.000000000e+00
-6.360822391e-01 7.716212705e-01 0.000000000e+00 -3.777683514e+00 -7.716212705e-01 -6.360822391e-01 0.000000000e+00 8.059712947e+00 0.000000000e+00 0.000000000e+00 1.000000000e+00 0.000000000e+00
-4.966908034e-01 8.679275579e-01 0.000000000e+00 -4.256063636e+00 -8.679275579e-01 -4.966908034e-01 0.000000000e+00 7.360548095e+00 0.000000000e+00 0.000000000e+00 1.000000000e+00 0.000000000e+00
-3.314157179e-01 9.434848287e-01 0.000000000e+00 -4.624468172e+00 -9.434848287e-01 -3.314157179e-01 0.000000000e+00 6.520627940e+00 0.000000000e+00 0.000000000e+00 1.000000000e+00 0.000000000e+00
-1.478588931e-01 9.890084670e-01 0.000000000e+00 -4.843462153e+00 -9.890084670e-01 -1.478588931e-01 0.000000000e+00 5.608502818e+00 0.000000000e+00 0.000000000e+00 1.000000000e+00 0.000000000e+00
4.751873859e-02 9.988703467e-01 0.000000000e+00 -4.892744346e+00 -9.988703467e-01 4.751873859e-02 0.000000000e+00 4.674421457e+00 0.000000000e+00 0.000000000e+00 1.000000000e+00 0.000000000e+00
2.184205531e-01 9.758547341e-01 0.000000000e+00 -4.784366433e+00 -9.758547341e-01 2.184205531e-01 0.000000000e+00 3.793988009e+00 0.000000000e+00 0.000000000e+00 1.000000000e+00 0.000000000e+00
2.184205531e-01 9.758547341e-01 0.000000000e+00 -4.784366433e+00 -9.758547341e-01 2.184205531e-01 0.000000000e+00 3.793988009e+00 0.000000000e+00 0.000000000e+00 1.000000000e+00 0.000000000e+00
2.184205531e-01 9.758547341e-01 0.000000000e+00 -4.784366433e+00 -9.758547341e-01 2.184205531e-01 0.000000000e+00 3.793988009e+00 0.000000000e+00 0.000000000e+00 1.000000000e+00 0.000000000e+00
3.804323903e-01 9.248087350e-01 0.000000000e+00 -4.499746134e+00 -9.248087350e-01 3.804323903e-01 0.000000000e+00 2.939429730e+00 0.000000000e+00 0.000000000e+00 1.000000000e+00 0.000000000e+00
5.363209448e-01 8.440141256e-01 0.000000000e+00 -4.112217719e+00 -8.440141256e-01 5.363209448e-01 0.000000000e+00 2.167048101e+00 0.000000000e+00 0.000000000e+00 1.000000000e+00 0.000000000e+00
6.812259207e-01 7.320732511e-01 0.000000000e+00 -3.570412705e+00 -7.320732511e-01 6.812259207e-01 0.000000000e+00 1.447026331e+00 0.000000000e+00 0.000000000e+00 1.000000000e+00 0.000000000e+00
8.049068938e-01 5.934011225e-01 0.000000000e+00 -2.901797013e+00 -5.934011225e-01 8.049068938e-01 0.000000000e+00 8.311902503e-01 0.000000000e+00 0.000000000e+00 1.000000000e+00 0.000000000e+00
