1.000000000e+00 0.000000000e+00 0.000000000e+00 0.000000000e+00 0.000000000e+00 1.000000000e+00 0.000000000e+00 0.000000000e+00 0.000000000e+00 0.000000000e+00 1.000000000e+00 0.000000000e+00
9.986846745e-01 -5.127300417e-02 0.000000000e+00 2.531845624e-01 5.127300417e-02 9.986846745e-01 0.000000000e+00 5.896411447e-03 0.000000000e+00 0.000000000e+00 1.000000000e+00 0.000000000e+00
9.943169827e-01 -1.064600300e-01 0.000000000e+00 5.151929557e-01 1.064600300e-01 9.943169827e-01 0.000000000e+00 2.813461798e-02 0.000000000e+00 0.000000000e+00 1.000000000e+00 0.000000000e+00
9.891042049e-01 -1.472170909e-01 0.000000000e+00 7.429420687e-01 1.472170909e-01 9.891042049e-01 0.000000000e+00 5.610152832e-02 0.000000000e+00 0.000000000e+00 1.000000000e+00 0.000000000e+00
9.779813730e-01 -2.086921994e-01 0.000000000e+00 1.027552470e+00 2.086921994e-01 9.779813730e-01 0.000000000e+00 1.088005070e-01 0.000000000e+00 0.000000000e+00 1.000000000e+00 0.000000000e+00
9.760163755e-01 -2.176971171e-01 0.000000000e+00 1.202408070e+00 2.176971171e-01 9.760163755e-01 0.000000000e+00 1.438516624e-01 0.000000000e+00 0.000000000e+00 1.000000000e+00 0.000000000e+00
9.606625601e-01 -2.777182847e-01 0.000000000e+00 1.472114218e+00 2.777182847e-01 9.606625601e-01 0.000000000e+00 2.134921899e-01 0.000000000e+00 0.000000000e+00 1.000000000e+00 0.000000000e+00
9.411033801e-01 -3.381189555e-01 0.000000000e+00 1.728196691e+00 3.381189555e-01 9.411033801e-01 0.000000000e+00 3.025590367e-01 0.000000000e+00 0.000000000e+00 1.000000000e+00 0.000000000e+00
9.201717072e-01 -3.915150435e-01 0.000000000e+00 1.975203364e+00 3.915150435e-01 9.201717072e-01 0.000000000e+00 3.943661544e-01 0.000000000e+00 0.000000000e+00 1.000000000e+00 0.000000000e+00
8.926319480e-01 -4.507862081e-01 0.000000000e+00 2.225975509e+00 4.507862081e-01 8.926319480e-01 0.000000000e+00 5.176078665e-01 0.000000000e+00 0.000000000e+00 1.000000000e+00 0.000000000e+00
8.712820256e-01 -4.907826728e-01 0.000000000e+00 2.456121609e+00 4.907826728e-01 8.712820256e-01 0.000000000e+00 6.255653331e-01 0.000000000e+00 0.000000000e+00 1.000000000e+00 0.000000000e+00
8.458579246e-01 -5.334082596e-01 0.000000000e+00 2.673641031e+00 5.334082596e-01 8.458579246e-01 0.000000000e+00 7.562574848e-01 0.000000000e+00 0.000000000e+00 1.000000000e+00 0.000000000e+00
8.458579246e-01 -5.334082596e-01 0.000000000e+00 2.673641031e+00 5.334082596e-01 8.458579246e-01 0.000000000e+00 7.562574848e-01 0.000000000e+00 0.000000000e+00 1.000000000e+00 0.000000000e+00
8.231264879e-01 -5.678580676e-01 0.000000000e+00 2.817472965e+00 5.678580676e-01 8.231264879e-01 0.000000000e+00 8.577175076e-01 0.000000000e+00 0.000000000e+00 1.000000000e+00 0.000000000e+00
7.784647906e-01 -6.276882744e-01 0.000000000e+00 3.069108994e+00 6.276882744e-01 7.784647906e-01 0.000000000e+00 1.061012859e+00 0.000000000e+00 0.000000000e+00 1.000000000e+00 0.000000000e+00
7.492662467e-01 -6.622688967e-01 0.000000000e+00 3.278868950e+00 6.622688967e-01 7.492662467e-01 0.000000000e+00 1.220986898e+00 0.000000000e+00 0.000000000e+00 1.000000000e+00 0.000000000e+00
7.175925786e-01 -6.964631297e-01 0.000000000e+00 3.458132710e+00 6.964631297e-01 7.175925786e-01 0.000000000e+00 1.382021349e+00 0.000000000e+00 0.000000000e+00 1.000000000e+00 0.000000000e+00
6.898352196e-01 -7.239664148e-01 0.000000000e+00 3.608391843e+00 7.239664148e-01 6.898352196e-01 0.000000000e+00 1.511446461e+00 0.000000000e+00 0.000000000e+00 1.000000000e+00 0.000000000e+00
6.153884507e-01 -7.882239877e-01 0.000000000e+00 3.860480411e+00 7.882239877e-01 6.153884507e-01 0.000000000e+00 1.803058988e+00 0.000000000e+00 0.000000000e+00 1.000000000e+00 0.000000000e+00
5.791535676e-01 -8.152184647e-01 0.000000000e+00 4.002629038e+00 8.152184647e-01 5.791535676e-01 0.000000000e+00 1.976401779e+00 0.000000000e+00 0.000000000e+00 1.000000000e+00 0.000000000e+00
5.365804155e-01 -8.438491913e-01 0.000000000e+00 4.157060020e+00 8.438491913e-01 5.365804155e-01 0.000000000e+00 2.198631398e+00 0.000000000e+00 0.000000000e+00 1.000000000e+00 0.000000000e+00
4.765857543e-01 -8.791279877e-01 0.000000000e+00 4.320179909e+00 8.791279877e-01 4.765857543e-01 0.000000000e+00 2.492219955e+00 0.000000000e+00 0.000000000e+00 1.000000000e+00 0.000000000e+00
4.257088456e-01 -9.048601985e-01 0.000000000e+00 4.448484697e+00 9.048601985e-01 4.257088456e-01 0.000000000e+00 2.759358904e+00 0.000000000e+00 0.000000000e+00 1.000000000e+00 0.000000000e+00
3.729102635e-01 -9.278674126e-01 0.000000000e+00 4.580072244e+00 9.278674126e-01 3.729102635e-01 0.000000000e+00 2.976475668e+00 0.000000000e+00 0.000000000e+00 1.000000000e+00 0.000000000e+00
3.203692693e-01 -9.472927379e-01 0.000000000e+00 4.680433771e+00 9.472927379e-01 3.203692693e-01 0.000000000e+00 3.230166217e+00 0.000000000e+00 0.000000000e+00 1.000000000e+00 0.000000000e+00
2.727833058e-01 -9.620755002e-01 0.000000000e+00 4.735568288e+00 9.620755002e-01 2.727833058e-01 0.000000000e+00 3.476109456e+00 0.000000000e+00 0.000000000e+00 1.000000000e+00 0.000000000e+00
2.116961567e-01 -9.773355295e-01 0.000000000e+00 4.800191790e+00 9.773355295e-01 2.116961567e-01 0.000000000e+00 3.789857284e+00 0.000000000e+00 0.000000000e+00 1.000000000e+00 0.000000000e+00
1.538571173e-01 -9.880931067e-01 0.000000000e+00 4.851708830e+00 9.880931067e-01 1.538571173e-01 0.000000000e+00 4.043454982e+00 0.000000000e+00 0.000000000e+00 1.000000000e+00 0.000000000e+00
9.626993022e-02 -9.953552635e-01 0.000000000e+00 4.883534368e+00 9.953552635e-01 9.626993022e-02 0.000000000e+00 4.309355197e+00 0.000000000e+00 0.000000000e+00 1.000000000e+00 0.000000000e+00
5.635284998e-02 -9.984109156e-01 0.000000000e+00 4.920818556e+00 9.984109156e-01 5.635284998e-02 0.000000000e+00 4.547333026e+00 0.000000000e+00 0.000000000e+00 1.000000000e+00 0.000000000e+00
-2.731331678e-02 -9.996269218e-01 0.000000000e+00 4.905938034e+00 9.996269218e-01 -2.731331678e-02 0.000000000e+00 4.919127036e+00 0.000000000e+00 0.000000000e+00 1.000000000e+00 0.000000000e+00
-8.434148860e-02 -9.964369088e-01 0.000000000e+00 4.899127015e+00 9.964369088e-01 -8.434148860e-02 0.000000000e+00 5.180158456e+00 0.000000000e+00 0.000000000e+00 1.000000000e+00 0.000000000e+00
-1.494670737e-01 -9.887667035e-01 0.000000000e+00 4.860867250e+00 9.887667035e-01 -1.494670737e-01 0.000000000e+00 5.484764671e+00 0.000000000e+00 0.000000000e+00 1.000000000e+00 0.000000000e+00
-2.052417278e-01 -9.787113125e-01 0.000000000e+00 4.826751832e+00 9.787113125e-01 -2.052417278e-01 0.000000000e+00 5.736994948e+00 0.000000000e+00 0.000000000e+00 1.000000000e+00 0.000000000e+00
-2.398533817e-01 -9.708091240e-01 0.000000000e+00 4.758750327e+00 9.708091240e-01 -2.398533817e-01 0.000000000e+00 5.939966681e+00 0.000000000e+00 0.000000000e+00 1.000000000e+00 0.000000000e+00
-2.945428752e-01 -9.556382656e-01 0.000000000e+00 4.696199848e+00 9.556382656e-01 -2.945428752e-01 0.000000000e+00 6.187769340e+00 0.000000000e+00 0.000000000e+00 1.000000000e+00 0.000000000e+00
-3.412975568e-01 -9.399553062e-01 0.000000000e+00 4.628066682e+00 9.399553062e-01 -3.412975568e-01 0.000000000e+00 6.416338856e+00 0.000000000e+00 0.000000000e+00 1.000000000e+00 0.000000000e+00
-3.897321682e-01 -9.209282475e-01 0.000000000e+00 4.564475134e+00 9.209282475e-01 -3.897321682e-01 0.000000000e+00 6.614935125e+00 0.000000000e+00 0.000000000e+00 1.000000000e+00 0.000000000e+00
-4.439388587e-01 -8.960570795e-01 0.000000000e+00 4.444586263e+00 8.960570795e-01 -4.439388587e-01 0.000000000e+00 6.870365513e+00 0.000000000e+00 0.000000000e+00 1.000000000e+00 0.000000000e+00
-4.947786755e-01 -8.690190230e-01 0.000000000e+00 4.315689403e+00 8.690190230e-01 -4.947786755e-01 0.000000000e+00 7.119187601e+00 0.000000000e+00 0.000000000e+00 1.000000000e+00 0.000000000e+00
-5.458724795e-01 -8.378682690e-01 0.000000000e+00 4.159959414e+00 8.378682690e-01 -5.458724795e-01 0.000000000e+00 7.371182295e+00 0.000000000e+00 0.000000000e+00 1.000000000e+00 0.000000000e+00
-5.875243794e-01 -8.092064654e-01 0.000000000e+00 4.019278301e+00 8.092064654e-01 -5.875243794e-01 0.000000000e+00 7.590233108e+00 0.000000000e+00 0.000000000e+00 1.000000000e+00 0.000000000e+00
-6.408945922e-01 -7.676288958e-01 0.000000000e+00 3.825932248e+00 7.676288958e-01 -6.408945922e-01 0.000000000e+00 7.827696460e+00 0.000000000e+00 0.000000000e+00 1.000000000e+00 0.000000000e+00
-6.842605962e-01 -7.292375721e-01 0.000000000e+00 3.645800901e+00 7.292375721e-01 -6.842605962e-01 0.000000000e+00 8.035213156e+00 0.000000000e+00 0.000000000e+00 1.000000000e+00 0.000000000e+00
-7.213040300e-01 -6.926185793e-01 0.000000000e+00 3.455727601e+00 6.926185793e-01 -7.213040300e-01 0.000000000e+00 8.227726637e+00 0.000000000e+00 0.000000000e+00 1.000000000e+00 0.000000000e+00
-7.654545650e-01 -6.434899447e-01 0.000000000e+00 3.228956693e+00 6.434899447e-01 -7.654545650e-01 0.000000000e+00 8.434887884e+00 0.000000000e+00 0.000000000e+00 1.000000000e+00 0.000000000e+00
-8.020872000e-01 -5.972069353e-01 0.000000000e+00 3.023158773e+00 5.972069353e-01 -8.020872000e-01 0.000000000e+00 8.591807232e+00 0.000000000e+00 0.000000000e+00 1.000000000e+00 0.000000000e+00
-8.337360356e-01 -5.521632213e-01 0.000000000e+00 2.805346234e+00 5.521632213e-01 -8.337360356e-01 0.000000000e+00 8.736831967e+00 0.000000000e+00 0.000000000e+00 1.000000000e+00 0.000000000e+00
-8.719826424e-01 -4.895367926e-01 0.000000000e+00 2.541623348e+00 4.895367926e-01 -8.719826424e-01 0.000000000e+00 8.930287485e+00 0.000000000e+00 0.000000000e+00 1.000000000e+00 0.000000000e+00
-8.691269230e-01 -4.945891140e-01 0.000000000e+00 2.407280512e+00 4.945891140e-01 -8.691269230e-01 0.000000000e+00 9.011781726e+00 0.000000000e+00 0.000000000e+00 1.000000000e+00 0.000000000e+00
-8.904975158e-01 -4.549881036e-01 0.000000000e+00 2.199592922e+00 4.549881036e-01 -8.904975158e-01 0.000000000e+00 9.109324397e+00 0.000000000e+00 0.000000000e+00 1.000000000e+00 0.000000000e+00
-9.174232387e-01 -3.979128059e-01 0.000000000e+00 1.930722936e+00 3.979128059e-01 -9.174232387e-01 0.000000000e+00 9.240399313e+00 0.000000000e+00 0.000000000e+00 1.000000000e+00 0.000000000e+00
-9.374083346e-01 -3.482321269e-01 0.000000000e+00 1.680050491e+00 3.482321269e-01 -9.374083346e-01 0.000000000e+00 9.341982147e+00 0.000000000e+00 0.000000000e+00 1.000000000e+00 0.000000000e+00
-9.531575900e-01 -3.024741453e-01 0.000000000e+00 1.433725407e+00 3.024741453e-01 -9.531575900e-01 0.000000000e+00 9.428394801e+00 0.000000000e+00 0.000000000e+00 1.000000000e+00 0.000000000e+00
-9.640491420e-01 -2.657240145e-01 0.000000000e+00 1.212558817e+00 2.657240145e-01 -9.640491420e-01 0.000000000e+00 9.477659623e+00 0.000000000e+00 0.000000000e+00 1.000000000e+00 0.000000000e+00
-9.808851196e-01 -1.945877237e-01 0.000000000e+00 8.964795922e-01 1.945877237e-01 -9.808851196e-01 0.000000000e+00 9.560180739e+00 0.000000000e+00 0.000000000e+00 1.000000000e+00 0.000000000e+00
-9.891570125e-01 -1.468618557e-01 0.000000000e+00 6.454843166e-01 1.468618557e-01 -9.891570125e-01 0.000000000e+00 9.604150187e+00 0.000000000e+00 0.000000000e+00 1.000000000e+00 0.000000000e+00
-9.965318361e-01 -8.321237660e-02 0.000000000e+00 3.432721342e-01 8.321237660e-02 -9.965318361e-01 0.000000000e+00 9.639089931e+00 0.000000000e+00 0.000000000e+00 1.000000000e+00 0.000000000e+00
-9.999006938e-01 -1.409264139e-02 0.000000000e+00 2.926331477e-02 1.409264139e-02 -9.999006938e-01 0.000000000e+00 9.652172351e+00 0.000000000e+00 0.000000000e+00 1.000000000e+00 0.000000000e+00
-9.989239005e-01 4.637931689e-02 0.000000000e+00 -2.597547018e-01 -4.637931689e-02 -9.989239005e-01 0.000000000e+00 9.647962148e+00 0.000000000e+00 0.000000000e+00 1.000000000e+00 0.000000000e+00
-9.928856403e-01 1.190718489e-01 0.000000000e+00 -5.536451798e-01 -1.190718489e-01 -9.928856403e-01 0.000000000e+00 9.622843417e+00 0.000000000e+00 0.000000000e+00 1.000000000e+00 0.000000000e+00
-9.829419190e-01 1.839162413e-01 0.000000000e+00 -8.505728286e-01 -1.839162413e-01 -9.829419190e-01 0.000000000e+00 9.582329624e+00 0.000000000e+00 0.000000000e+00 1.000000000e+00 0.000000000e+00
-9.689982627e-01 2.470675349e-01 0.000000000e+00 -1.111194104e+00 -2.470675349e-01 -9.689982627e-01 0.000000000e+00 9.520418756e+00 0.000000000e+00 0.000000000e+00 1.000000000e+00 0.000000000e+00
-9.488405335e-01 3.157556682e-01 0.000000000e+00 -1.395941089e+00 -3.157556682e-01 -9.488405335e-01 0.000000000e+00 9.450390269e+00 0.000000000e+00 0.000000000e+00 1.000000000e+00 0.000000000e+00
-9.243464030e-01 3.815543569e-01 0.000000000e+00 -1.675573121e+00 -3.815543569e-01 -9.243464030e-01 0.000000000e+00 9.340977241e+00 0.000000000e+00 0.000000000e+00 1.000000000e+00 0.000000000e+00
-8.960640871e-01 4.439247142e-01 0.000000000e+00 -1.942670532e+00 -4.439247142e-01 -8.960640871e-01 0.000000000e+00 9.217740028e+00 0.000000000e+00 0.000000000e+00 1.000000000e+00 0.000000000e+00
-8.706292897e-01 4.919396710e-01 0.000000000e+00 -2.168185154e+00 -4.919396710e-01 -8.706292897e-01 0.000000000e+00 9.096045251e+00 0.000000000e+00 0.000000000e+00 1.000000000e+00 0.000000000e+00
-8.706292897e-01 4.919396710e-01 0.000000000e+00 -2.168185154e+00 -4.919396710e-01 -8.706292897e-01 0.000000000e+00 9.096045251e+00 0.000000000e+00 0.000000000e+00 1.000000000e+00 0.000000000e+00
-8.558143850e-01 5.172830351e-01 0.000000000e+00 -2.360600504e+00 -5.172830351e-01 -8.558143850e-01 0.000000000e+00 8.989784508e+00 0.000000000e+00 0.000000000e+00 1.000000000e+00 0.000000000e+00
-8.558143850e-01 5.172830351e-01 0.000000000e+00 -2.360600504e+00 -5.172830351e-01 -8.558143850e-01 0.000000000e+00 8.989784508e+00 0.000000000e+00 0.000000000e+00 1.000000000e+00 0.000000000e+00
-8.558143850e-01 5.172830351e-01 0.000000000e+00 -2.360600504e+00 -5.172830351e-01 -8.558143850e-01 0.000000000e+00 8.989784508e+00 0.000000000e+00 0.000000000e+00 1.000000000e+00 0.000000000e+00
-8.558143850e-01 5.172830351e-01 0.000000000e+00 -2.360600504e+00 -5.172830351e-01 -8.558143850e-01 0.000000000e+00 8.989784508e+00 0.000000000e+00 0.000000000e+00 1.000000000e+00 0.000000000e+00
-8.558143850e-01 5.172830351e-01 0.000000000e+00 -2.360600504e+00 -5.172830351e-01 -8.558143850e-01 0.000000000e+00 8.989784508e+00 0.000000000e+00 0.000000000e+00 1.000000000e+00 0.000000000e+00
-8.558143850e-01 5.172830351e-01 0.000000000e+00 -2.360600504e+00 -5.172830351e-01 -8.558143850e-01 0.000000000e+00 8.989784508e+00 0.000000000e+00 0.000000000e+00 1.000000000e+00 0.000000000e+00
-8.558143850e-01 5.172830351e-01 0.000000000e+00 -2.360600504e+00 -5.172830351e-01 -8.558143850e-01 0.000000000e+00 8.989784508e+00 0.000000000e+00 0.000000000e+00 1.000000000e+00 0.000000000e+00
-8.335253639e-01 5.524811923e-01 0.000000000e+00 -2.565035538e+00 -5.524811923e-01 -8.335253639e-01 0.000000000e+00 8.870613215e+00 0.000000000e+00 0.000000000e+00 1.000000000e+00 0.000000000e+00
-8.335253639e-01 5.524811923e-01 0.000000000e+00 -2.565035538e+00 -5.524811923e-01 -8.335253639e-01 0.000000000e+00 8.870613215e+00 0.000000000e+00 0.000000000e+00 1.000000000e+00 0.000000000e+00
-8.027220383e-01 5.963533593e-01 0.000000000e+00 -2.773452641e+00 -5.963533593e-01 -8.027220383e-01 0.000000000e+00 8.711745417e+00 0.000000000e+00 0.000000000e+00 1.000000000e+00 0.000000000e+00
-7.672389193e-01 6.413613964e-01 0.000000000e+00 -2.987384205e+00 -6.413613964e-01 -7.672389193e-01 0.000000000e+00 8.550103954e+00 0.000000000e+00 0.000000000e+00 1.000000000e+00 0.000000000e+00
-7.375111372e-01 6.753349706e-01 0.000000000e+00 -3.170069868e+00 -6.753349706e-01 -7.375111372e-01 0.000000000e+00 8.408905554e+00 0.000000000e+00 0.000000000e+00 1.000000000e+00 0.000000000e+00
-6.975932685e-01 7.164939859e-01 0.000000000e+00 -3.360331372e+00 -7.164939859e-01 -6.975932685e-01 0.000000000e+00 8.209469606e+00 0.000000000e+00 0.000000000e+00 1.000000000e+00 0.000000000e+00
