1.000000000e+00 0.000000000e+00 0.000000000e+00 0.000000000e+00 0.000000000e+00 1.000000000e+00 0.000000000e+00 0.000000000e+00 0.000000000e+00 0.000000000e+00 1.000000000e+00 0.000000000e+00
9.972424344e-01 -7.421271450e-02 0.000000000e+00 -2.032589831e-02 7.421271450e-02 9.972424344e-01 0.000000000e+00 3.249518935e-01 0.000000000e+00 0.000000000e+00 1.000000000e+00 0.000000000e+00
9.710796024e-01 -2.387559544e-01 0.000000000e+00 -2.775998961e-02 2.387559544e-01 9.710796024e-01 0.000000000e+00 6.282166095e-01 0.000000000e+00 0.000000000e+00 1.000000000e+00 0.000000000e+00
9.262448262e-01 -3.769224348e-01 0.000000000e+00 -1.672352667e-01 3.769224348e-01 9.262448262e-01 0.000000000e+00 9.241454514e-01 0.000000000e+00 0.000000000e+00 1.000000000e+00 0.000000000e+00
8.584945195e-01 -5.128227374e-01 0.000000000e+00 -3.004479111e-01 5.128227374e-01 8.584945195e-01 0.000000000e+00 1.204721596e+00 0.000000000e+00 0.000000000e+00 1.000000000e+00 0.000000000e+00
8.584945195e-01 -5.128227374e-01 0.000000000e+00 -3.004479111e-01 5.128227374e-01 8.584945195e-01 0.000000000e+00 1.204721596e+00 0.000000000e+00 0.000000000e+00 1.000000000e+00 0.000000000e+00
8.584945195e-01 -5.128227374e-01 0.000000000e+00 -3.004479111e-01 5.128227374e-01 8.584945195e-01 0.000000000e+00 1.204721596e+00 0.000000000e+00 0.000000000e+00 1.000000000e+00 0.000000000e+00
8.584945195e-01 -5.128227374e-01 0.000000000e+00 -3.004479111e-01 5.128227374e-01 8.584945195e-01 0.000000000e+00 1.204721596e+00 0.000000000e+00 0.000000000e+00 1.000000000e+00 0.000000000e+00
8.584945195e-01 -5.128227374e-01 0.000000000e+00 -3.004479111e-01 5.128227374e-01 8.584945195e-01 0.000000000e+00 1.204721596e+00 0.000000000e+00 0.000000000e+00 1.000000000e+00 0.000000000e+00
8.584945195e-01 -5.128227374e-01 0.000000000e+00 -3.004479111e-01 5.128227374e-01 8.584945195e-01 0.000000000e+00 1.204721596e+00 0.000000000e+00 0.000000000e+00 1.000000000e+00 0.000000000e+00
8.584945195e-01 -5.128227374e-01 0.000000000e+00 -3.004479111e-01 5.128227374e-01 8.584945195e-01 0.000000000e+00 1.204721596e+00 0.000000000e+00 0.000000000e+00 1.000000000e+00 0.000000000e+00
8.584945195e-01 -5.128227374e-01 0.000000000e+00 -3.004479111e-01 5.128227374e-01 8.584945195e-01 0.000000000e+00 1.204721596e+00 0.000000000e+00 0.000000000e+00 1.000000000e+00 0.000000000e+00
8.584945195e-01 -5.128227374e-01 0.000000000e+00 -3.004479111e-01 5.128227374e-01 8.584945195e-01 0.000000000e+00 1.204721596e+00 0.000000000e+00 0.000000000e+00 1.000000000e+00 0.000000000e+00
8.584945195e-01 -5.128227374e-01 0.000000000e+00 -3.004479111e-01 5.128227374e-01 8.584945195e-01 0.000000000e+00 1.204721596e+00 0.000000000e+00 0.000000000e+00 1.000000000e+00 0.000000000e+00
8.168323845e-01 -5.768750781e-01 0.000000000e+00 -4.420343801e-01 5.768750781e-01 8.168323845e-01 0.000000000e+00 1.418081506e+00 0.000000000e+00 0.000000000e+00 1.000000000e+00 0.000000000e+00
8.168323845e-01 -5.768750781e-01 0.000000000e+00 -4.420343801e-01 5.768750781e-01 8.168323845e-01 0.000000000e+00 1.418081506e+00 0.000000000e+00 0.000000000e+00 1.000000000e+00 0.000000000e+00
7.722573046e-01 -6.353098894e-01 0.000000000e+00 -5.936877065e-01 6.353098894e-01 7.722573046e-01 0.000000000e+00 1.628062445e+00 0.000000000e+00 0.000000000e+00 1.000000000e+00 0.000000000e+00
7.360595347e-01 -6.769168054e-01 0.000000000e+00 -7.573762601e-01 6.769168054e-01 7.360595347e-01 0.000000000e+00 1.764837333e+00 0.000000000e+00 0.000000000e+00 1.000000000e+00 0.000000000e+00
6.925805208e-01 -7.213405729e-01 0.000000000e+00 -9.313057646e-01 7.213405729e-01 6.925805208e-01 0.000000000e+00 1.960316315e+00 0.000000000e+00 0.000000000e+00 1.000000000e+00 0.000000000e+00
6.555935243e-01 -7.551139854e-01 0.000000000e+00 -1.103339012e+00 7.551139854e-01 6.555935243e-01 0.000000000e+00 2.121962755e+00 0.000000000e+00 0.000000000e+00 1.000000000e+00 0.000000000e+00
6.180100741e-01 -7.861701777e-01 0.000000000e+00 -1.289930816e+00 7.861701777e-01 6.180100741e-01 0.000000000e+00 2.264458063e+00 0.000000000e+00 0.000000000e+00 1.000000000e+00 0.000000000e+00
5.846983911e-01 -8.112507574e-01 0.000000000e+00 -1.483927856e+00 8.112507574e-01 5.846983911e-01 0.000000000e+00 2.396801090e+00 0.000000000e+00 0.000000000e+00 1.000000000e+00 0.000000000e+00
5.642213652e-01 -8.256235529e-01 0.000000000e+00 -1.674086819e+00 8.256235529e-01 5.642213652e-01 0.000000000e+00 2.504941071e+00 0.000000000e+00 0.000000000e+00 1.000000000e+00 0.000000000e+00
5.291794849e-01 -8.485099132e-01 0.000000000e+00 -1.861216993e+00 8.485099132e-01 5.291794849e-01 0.000000000e+00 2.650790951e+00 0.000000000e+00 0.000000000e+00 1.000000000e+00 0.000000000e+00
5.118361748e-01 -8.590830752e-01 0.000000000e+00 -2.058764003e+00 8.590830752e-01 5.118361748e-01 0.000000000e+00 2.722005459e+00 0.000000000e+00 0.000000000e+00 1.000000000e+00 0.000000000e+00
5.044470881e-01 -8.634426068e-01 0.000000000e+00 -2.235541314e+00 8.634426068e-01 5.044470881e-01 0.000000000e+00 2.750564846e+00 0.000000000e+00 0.000000000e+00 1.000000000e+00 0.000000000e+00
4.798207708e-01 -8.773665299e-01 0.000000000e+00 -2.433841792e+00 8.773665299e-01 4.798207708e-01 0.000000000e+00 2.888917235e+00 0.000000000e+00 0.000000000e+00 1.000000000e+00 0.000000000e+00
4.798207708e-01 -8.773665299e-01 0.000000000e+00 -2.433841792e+00 8.773665299e-01 4.798207708e-01 0.000000000e+00 2.888917235e+00 0.000000000e+00 0.000000000e+00 1.000000000e+00 0.000000000e+00
4.798207708e-01 -8.773665299e-01 0.000000000e+00 -2.433841792e+00 8.773665299e-01 4.798207708e-01 0.000000000e+00 2.888917235e+00 0.000000000e+00 0.000000000e+00 1.000000000e+00 0.000000000e+00
4.798207708e-01 -8.773665299e-01 0.000000000e+00 -2.433841792e+00 8.773665299e-01 4.798207708e-01 0.000000000e+00 2.888917235e+00 0.000000000e+00 0.000000000e+00 1.000000000e+00 0.000000000e+00
4.798207708e-01 -8.773665299e-01 0.000000000e+00 -2.433841792e+00 8.773665299e-01 4.798207708e-01 0.000000000e+00 2.888917235e+00 0.000000000e+00 0.000000000e+00 1.000000000e+00 0.000000000e+00
4.798207708e-01 -8.773665299e-01 0.000000000e+00 -2.433841792e+00 8.773665299e-01 4.798207708e-01 0.000000000e+00 2.888917235e+00 0.000000000e+00 0.000000000e+00 1.000000000e+00 0.000000000e+00
4.798207708e-01 -8.773665299e-01 0.000000000e+00 -2.433841792e+00 8.773665299e-01 4.798207708e-01 0.000000000e+00 2.888917235e+00 0.000000000e+00 0.000000000e+00 1.000000000e+00 0.000000000e+00
4.798207708e-01 -8.773665299e-01 0.000000000e+00 -2.433841792e+00 8.773665299e-01 4.798207708e-01 0.000000000e+00 2.888917235e+00 0.000000000e+00 0.000000000e+00 1.000000000e+00 0.000000000e+00
4.798207708e-01 -8.773665299e-01 0.000000000e+00 -2.433841792e+00 8.773665299e-01 4.798207708e-01 0.000000000e+00 2.888917235e+00 0.000000000e+00 0.000000000e+00 1.000000000e+00 0.000000000e+00
4.798207708e-01 -8.773665299e-01 0.000000000e+00 -2.433841792e+00 8.773665299e-01 4.798207708e-01 0.000000000e+00 2.888917235e+00 0.000000000e+00 0.000000000e+00 1.000000000e+00 0.000000000e+00
5.051092723e-01 -8.630553998e-01 0.000000000e+00 -2.645768177e+00 8.630553998e-01 5.051092723e-01 0.000000000e+00 3.011542362e+00 0.000000000e+00 0.000000000e+00 1.000000000e+00 0.000000000e+00
5.269187424e-01 -8.499156657e-01 0.000000000e+00 -2.840514670e+00 8.499156657e-01 5.269187424e-01 0.000000000e+00 3.130903958e+00 0.000000000e+00 0.000000000e+00 1.000000000e+00 0.000000000e+00
5.526438303e-01 -8.334175405e-01 0.000000000e+00 -3.036894504e+00 8.334175405e-01 5.526438303e-01 0.000000000e+00 3.234105494e+00 0.000000000e+00 0.000000000e+00 1.000000000e+00 0.000000000e+00
5.840211920e-01 -8.117384106e-01 0.000000000e+00 -3.235848919e+00 8.117384106e-01 5.840211920e-01 0.000000000e+00 3.364361476e+00 0.000000000e+00 0.000000000e+00 1.000000000e+00 0.000000000e+00
6.171004549e-01 -7.868843807e-01 0.000000000e+00 -3.419555665e+00 7.868843807e-01 6.171004549e-01 0.000000000e+00 3.528409604e+00 0.000000000e+00 0.000000000e+00 1.000000000e+00 0.000000000e+00
6.534541705e-01 -7.569660805e-01 0.000000000e+00 -3.602871356e+00 7.569660805e-01 6.534541705e-01 0.000000000e+00 3.675674676e+00 0.000000000e+00 0.000000000e+00 1.000000000e+00 0.000000000e+00
7.007626283e-01 -7.133945184e-01 0.000000000e+00 -3.787097609e+00 7.133945184e-01 7.007626283e-01 0.000000000e+00 3.826128738e+00 0.000000000e+00 0.000000000e+00 1.000000000e+00 0.000000000e+00
7.394411286e-01 -6.732212247e-01 0.000000000e+00 -3.956913455e+00 6.732212247e-01 7.394411286e-01 0.000000000e+00 3.992540141e+00 0.000000000e+00 0.000000000e+00 1.000000000e+00 0.000000000e+00
7.394411286e-01 -6.732212247e-01 0.000000000e+00 -3.956913455e+00 6.732212247e-01 7.394411286e-01 0.000000000e+00 3.992540141e+00 0.000000000e+00 0.000000000e+00 1.000000000e+00 0.000000000e+00
7.394411286e-01 -6.732212247e-01 0.000000000e+00 -3.956913455e+00 6.732212247e-01 7.394411286e-01 0.000000000e+00 3.992540141e+00 0.000000000e+00 0.000000000e+00 1.000000000e+00 0.000000000e+00
7.937000667e-01 -6.083092997e-01 0.000000000e+00 -4.120537449e+00 6.083092997e-01 7.937000667e-01 0.000000000e+00 4.188820792e+00 0.000000000e+00 0.000000000e+00 1.000000000e+00 0.000000000e+00
8.385120791e-01 -5.448830087e-01 0.000000000e+00 -4.266695269e+00 5.448830087e-01 8.385120791e-01 0.000000000e+00 4.413072393e+00 0.000000000e+00 0.000000000e+00 1.000000000e+00 0.000000000e+00
8.825880059e-01 -4.701472235e-01 0.000000000e+00 -4.403769462e+00 4.701472235e-01 8.825880059e-01 0.000000000e+00 4.654061705e+00 0.000000000e+00 0.000000000e+00 1.000000000e+00 0.000000000e+00
9.195621636e-01 -3.929445600e-01 0.000000000e+00 -4.517344445e+00 3.929445600e-01 9.195621636e-01 0.000000000e+00 4.898557794e+00 0.000000000e+00 0.000000000e+00 1.000000000e+00 0.000000000e+00
9.513446874e-01 -3.081286837e-01 0.000000000e+00 -4.613775840e+00 3.081286837e-01 9.513446874e-01 0.000000000e+00 5.166954808e+00 0.000000000e+00 0.000000000e+00 1.000000000e+00 0.000000000e+00
9.513446874e-01 -3.081286837e-01 0.000000000e+00 -4.613775840e+00 3.081286837e-01 9.513446874e-01 0.000000000e+00 5.166954808e+00 0.000000000e+00 0.000000000e+00 1.000000000e+00 0.000000000e+00
9.809020125e-01 -1.945025496e-01 0.000000000e+00 -4.691645588e+00 1.945025496e-01 9.809020125e-01 0.000000000e+00 5.449502471e+00 0.000000000e+00 0.000000000e+00 1.000000000e+00 0.000000000e+00
9.970920508e-01 -7.620657629e-02 0.000000000e+00 -4.728149871e+00 7.620657629e-02 9.970920508e-01 0.000000000e+00 5.737543105e+00 0.000000000e+00 0.000000000e+00 1.000000000e+00 0.000000000e+00
9.972811147e-01 7.369109979e-02 0.000000000e+00 -4.786045748e+00 -7.369109979e-02 9.972811147e-01 0.000000000e+00 6.006334205e+00 0.000000000e+00 0.000000000e+00 1.000000000e+00 0.000000000e+00
9.778824050e-01 2.091554492e-01 0.000000000e+00 -4.759147704e+00 -2.091554492e-01 9.778824050e-01 0.000000000e+00 6.301628808e+00 0.000000000e+00 0.000000000e+00 1.000000000e+00 0.000000000e+00
9.778824050e-01 2.091554492e-01 0.000000000e+00 -4.759147704e+00 -2.091554492e-01 9.778824050e-01 0.000000000e+00 6.301628808e+00 0.000000000e+00 0.000000000e+00 1.000000000e+00 0.000000000e+00
9.361926536e-01 3.514872906e-01 0.000000000e+00 -4.674701163e+00 -3.514872906e-01 9.361926536e-01 0.000000000e+00 6.594879458e+00 0.000000000e+00 0.000000000e+00 1.000000000e+00 0.000000000e+00
8.762817217e-01 4.817990704e-01 0.000000000e+00 -4.516723448e+00 -4.817990704e-01 8.762817217e-01 0.000000000e+00 6.877598063e+00 0.000000000e+00 0.000000000e+00 1.000000000e+00 0.000000000e+00
7.852234494e-01 6.192125116e-01 0.000000000e+00 -4.371319834e+00 -6.192125116e-01 7.852234494e-01 0.000000000e+00 7.137493270e+00 0.000000000e+00 0.000000000e+00 1.000000000e+00 0.000000000e+00
6.835854083e-01 7.298705293e-01 0.000000000e+00 -4.159271843e+00 -7.298705293e-01 6.835854083e-01 0.000000000e+00 7.364584993e+00 0.000000000e+00 0.000000000e+00 1.000000000e+00 0.000000000e+00
5.563896498e-01 8.309215111e-01 0.000000000e+00 -3.900214367e+00 -8.309215111e-01 5.563896498e-01 0.000000000e+00 7.545081707e+00 0.000000000e+00 0.000000000e+00 1.000000000e+00 0.000000000e+00
4.286867438e-01 9.034531951e-01 0.000000000e+00 -3.617923851e+00 -9.034531951e-01 4.286867438e-01 0.000000000e+00 7.685041867e+00 0.000000000e+00 0.000000000e+00 1.000000000e+00 0.000000000e+00
4.286867438e-01 9.034531951e-01 0.000000000e+00 -3.617923851e+00 -9.034531951e-01 4.286867438e-01 0.000000000e+00 7.685041867e+00 0.000000000e+00 0.000000000e+00 1.000000000e+00 0.000000000e+00
4.286867438e-01 9.034531951e-01 0.000000000e+00 -3.617923851e+00 -9.034531951e-01 4.286867438e-01 0.000000000e+00 7.685041867e+00 0.000000000e+00 0.000000000e+00 1.000000000e+00 0.000000000e+00
4.286867438e-01 9.034531951e-01 0.000000000e+00 -3.617923851e+00 -9.034531951e-01 4.286867438e-01 0.000000000e+00 7.685041867e+00 0.000000000e+00 0.000000000e+00 1.000000000e+00 0.000000000e+00
4.286867438e-01 9.034531951e-01 0.000000000e+00 -3.617923851e+00 -9.034531951e-01 4.286867438e-01 0.000000000e+00 7.685041867e+00 0.000000000e+00 0.000000000e+00 1.000000000e+00 0.000000000e+00
4.286867438e-01 9.034531951e-01 0.000000000e+00 -3.617923851e+00 -9.034531951e-01 4.286867438e-01 0.000000000e+00 7.685041867e+00 0.000000000e+00 0.000000000e+00 1.000000000e+00 0.000000000e+00
4.286867438e-01 9.034531951e-01 0.000000000e+00 -3.617923851e+00 -9.034531951e-01 4.286867438e-01 0.000000000e+00 7.685041867e+00 0.000000000e+00 0.000000000e+00 1.000000000e+00 0.000000000e+00
4.286867438e-01 9.034531951e-01 0.000000000e+00 -3.617923851e+00 -9.034531951e-01 4.286867438e-01 0.000000000e+00 7.685041867e+00 0.000000000e+00 0.000000000e+00 1.000000000e+00 0.000000000e+00
4.286867438e-01 9.034531951e-01 0.000000000e+00 -3.617923851e+00 -9.034531951e-01 4.286867438e-01 0.000000000e+00 7.685041867e+00 0.000000000e+00 0.000000000e+00 1.000000000e+00 0.000000000e+00
3.233023768e-01 9.462957113e-01 0.000000000e+00 -3.401987290e+00 -9.462957113e-01 3.233023768e-01 0.000000000e+00 7.809077898e+00 0.000000000e+00 0.000000000e+00 1.000000000e+00 0.000000000e+00
2.382031150e-01 9.712153603e-01 0.000000000e+00 -3.105283754e+00 -9.712153603e-01 2.382031150e-01 0.000000000e+00 7.860358727e+00 0.000000000e+00 0.000000000e+00 1.000000000e+00 0.000000000e+00
2.382031150e-01 9.712153603e-01 0.000000000e+00 -3.105283754e+00 -9.712153603e-01 2.382031150e-01 0.000000000e+00 7.860358727e+00 0.000000000e+00 0.000000000e+00 1.000000000e+00 0.000000000e+00
2.382031150e-01 9.712153603e-01 0.000000000e+00 -3.105283754e+00 -9.712153603e-01 2.382031150e-01 0.000000000e+00 7.860358727e+00 0.000000000e+00 0.000000000e+00 1.000000000e+00 0.000000000e+00
1.675496572e-01 9.858636378e-01 0.000000000e+00 -2.868185842e+00 -9.858636378e-01 1.675496572e-01 0.000000000e+00 7.897305686e+00 0.000000000e+00 0.000000000e+00 1.000000000e+00 0.000000000e+00
9.625675575e-02 9.953565376e-01 0.000000000e+00 -2.612952605e+00 -9.953565376e-01 9.625675575e-02 0.000000000e+00 7.934636688e+00 0.000000000e+00 0.000000000e+00 1.000000000e+00 0.000000000e+00
3.197921122e-02 9.994885342e-01 0.000000000e+00 -2.360587771e+00 -9.994885342e-01 3.197921122e-02 0.000000000e+00 7.952932222e+00 0.000000000e+00 0.000000000e+00 1.000000000e+00 0.000000000e+00
-2.767174370e-02 9.996170640e-01 0.000000000e+00 -2.114083613e+00 -9.996170640e-01 -2.767174370e-02 0.000000000e+00 7.967067686e+00 0.000000000e+00 0.000000000e+00 1.000000000e+00 0.000000000e+00
-8.049712248e-02 9.967548411e-01 0.000000000e+00 -1.861598573e+00 -9.967548411e-01 -8.049712248e-02 0.000000000e+00 7.962612240e+00 0.000000000e+00 0.000000000e+00 1.000000000e+00 0.000000000e+00
-1.320824465e-01 9.912387338e-01 0.000000000e+00 -1.626629028e+00 -9.912387338e-01 -1.320824465e-01 0.000000000e+00 7.957617092e+00 0.000000000e+00 0.000000000e+00 1.000000000e+00 0.000000000e+00
-1.706999188e-01 9.853230626e-01 0.000000000e+00 -1.398479057e+00 -9.853230626e-01 -1.706999188e-01 0.000000000e+00 7.910679615e+00 0.000000000e+00 0.000000000e+00 1.000000000e+00 0.000000000e+00
-2.090013396e-01 9.779153542e-01 0.000000000e+00 -1.163593455e+00 -9.779153542e-01 -2.090013396e-01 0.000000000e+00 7.866710544e+00 0.000000000e+00 0.000000000e+00 1.000000000e+00 0.000000000e+00
-2.424195379e-01 9.701715146e-01 0.000000000e+00 -9.411099662e-01 -9.701715146e-01 -2.424195379e-01 0.000000000e+00 7.819372181e+00 0.000000000e+00 0.000000000e+00 1.000000000e+00 0.000000000e+00
-2.786984171e-01 9.603786713e-01 0.000000000e+00 -7.404605588e-01 -9.603786713e-01 -2.786984171e-01 0.000000000e+00 7.801533507e+00 0.000000000e+00 0.000000000e+00 1.000000000e+00 0.000000000e+00
-3.021087516e-01 9.532734666e-01 0.000000000e+00 -5.230360066e-01 -9.532734666e-01 -3.021087516e-01 0.000000000e+00 7.739497078e+00 0.000000000e+00 0.000000000e+00 1.000000000e+00 0.000000000e+00
-3.209836796e-01 9.470847256e-01 0.000000000e+00 -3.067962378e-01 -9.470847256e-01 -3.209836796e-01 0.000000000e+00 7.658654811e+00 0.000000000e+00 0.000000000e+00 1.000000000e+00 0.000000000e+00
-3.359955908e-01 9.418635586e-01 0.000000000e+00 -9.798130640e-02 -9.418635586e-01 -3.359955908e-01 0.000000000e+00 7.601190583e+00 0.000000000e+00 0.000000000e+00 1.000000000e+00 0.000000000e+00
-3.525887114e-01 9.357783929e-01 0.000000000e+00 1.069948465e-01 -9.357783929e-01 -3.525887114e-01 0.000000000e+00 7.526698152e+00 0.000000000e+00 0.000000000e+00 1.000000000e+00 0.000000000e+00
-3.562459826e-01 9.343922088e-01 0.000000000e+00 3.241397191e-01 -9.343922088e-01 -3.562459826e-01 0.000000000e+00 7.443758307e+00 0.000000000e+00 0.000000000e+00 1.000000000e+00 0.000000000e+00
-3.568186434e-01 9.341736754e-01 0.000000000e+00 5.400237426e-01 -9.341736754e-01 -3.568186434e-01 0.000000000e+00 7.353746896e+00 0.000000000e+00 0.000000000e+00 1.000000000e+00 0.000000000e+00
-3.579763847e-01 9.337306400e-01 0.000000000e+00 7.570526314e-01 -9.337306400e-01 -3.579763847e-01 0.000000000e+00 7.275267013e+00 0.000000000e+00 0.000000000e+00 1.000000000e+00 0.000000000e+00
-3.526345488e-01 9.357611207e-01 0.000000000e+00 9.682310052e-01 -9.357611207e-01 -3.526345488e-01 0.000000000e+00 7.188073671e+00 0.000000000e+00 0.000000000e+00 1.000000000e+00 0.000000000e+00
-3.520573303e-01 9.359784379e-01 0.000000000e+00 1.166847012e+00 -9.359784379e-01 -3.520573303e-01 0.000000000e+00 7.109527360e+00 0.000000000e+00 0.000000000e+00 1.000000000e+00 0.000000000e+00
-3.420532517e-01 9.396805697e-01 0.000000000e+00 1.374957917e+00 -9.396805697e-01 -3.420532517e-01 0.000000000e+00 7.031893868e+00 0.000000000e+00 0.000000000e+00 1.000000000e+00 0.000000000e+00
-3.420532517e-01 9.396805697e-01 0.000000000e+00 1.374957917e+00 -9.396805697e-01 -3.420532517e-01 0.000000000e+00 7.031893868e+00 0.000000000e+00 0.000000000e+00 1.000000000e+00 0.000000000e+00
-3.420532517e-01 9.396805697e-01 0.000000000e+00 1.374957917e+00 -9.396805697e-01 -3.420532517e-01 0.000000000e+00 7.031893868e+00 0.000000000e+00 0.000000000e+00 1.000000000e+00 0.000000000e+00
-3.223910440e-01 9.466065787e-01 0.000000000e+00 1.579829227e+00 -9.466065787e-01 -3.223910440e-01 0.000000000e+00 6.949552240e+00 0.000000000e+00 0.000000000e+00 1.000000000e+00 0.000000000e+00
-3.223910440e-01 9.466065787e-01 0.000000000e+00 1.579829227e+00 -9.466065787e-01 -3.223910440e-01 0.000000000e+00 6.949552240e+00 0.000000000e+00 0.000000000e+00 1.000000000e+00 0.000000000e+00
-3.223910440e-01 9.466065787e-01 0.000000000e+00 1.579829227e+00 -9.466065787e-01 -3.223910440e-01 0.000000000e+00 6.949552240e+00 0.000000000e+00 0.000000000e+00 1.000000000e+00 0.000000000e+00
-3.223910440e-01 9.466065787e-01 0.000000000e+00 1.579829227e+00 -9.466065787e-01 -3.223910440e-01 0.000000000e+00 6.949552240e+00 0.000000000e+00 0.000000000e+00 1.000000000e+00 0.000000000e+00
-3.223910440e-01 9.466065787e-01 0.000000000e+00 1.579829227e+00 -9.466065787e-01 -3.223910440e-01 0.000000000e+00 6.949552240e+00 0.000000000e+00 0.000000000e+00 1.000000000e+00 0.000000000e+00
-3.223910440e-01 9.466065787e-01 0.000000000e+00 1.579829227e+00 -9.466065787e-01 -3.223910440e-01 0.000000000e+00 6.949552240e+00 0.000000000e+00 0.000000000e+00 1.000000000e+00 0.000000000e+00
-3.223910440e-01 9.466065787e-01 0.000000000e+00 1.579829227e+00 -9.466065787e-01 -3.223910440e-01 0.000000000e+00 6.949552240e+00 0.000000000e+00 0.000000000e+00 1.000000000e+00 0.000000000e+00
-3.223910440e-01 9.466065787e-01 0.000000000e+00 1.579829227e+00 -9.466065787e-01 -3.223910440e-01 0.000000000e+00 6.949552240e+00 0.000000000e+00 0.000000000e+00 1.000000000e+00 0.000000000e+00
-3.223910440e-01 9.466065787e-01 0.000000000e+00 1.579829227e+00 -9.466065787e-01 -3.223910440e-01 0.000000000e+00 6.949552240e+00 0.000000000e+00 0.000000000e+00 1.000000000e+00 0.000000000e+00
-3.223910440e-01 9.466065787e-01 0.000000000e+00 1.579829227e+00 -9.466065787e-01 -3.223910440e-01 0.000000000e+00 6.949552240e+00 0.000000000e+00 0.000000000e+00 1.000000000e+00 0.000000000e+00
-3.223910440e-01 9.466065787e-01 0.000000000e+00 1.579829227e+00 -9.466065787e-01 -3.223910440e-01 0.000000000e+00 6.949552240e+00 0.000000000e+00 0.000000000e+00 1.000000000e+00 0.000000000e+00
-2.327493474e-01 9.725367558e-01 0.000000000e+00 1.823977523e+00 -9.725367558e-01 -2.327493474e-01 0.000000000e+00 6.881628464e+00 0.000000000e+00 0.000000000e+00 1.000000000e+00 0.000000000e+00
-1.423194168e-01 9.898207836e-01 0.000000000e+00 2.087258038e+00 -9.898207836e-01 -1.423194168e-01 0.000000000e+00 6.845563376e+00 0.000000000e+00 0.000000000e+00 1.000000000e+00 0.000000000e+00
-3.999170884e-02 9.992000116e-01 0.000000000e+00 2.367136667e+00 -9.992000116e-01 -3.999170884e-02 0.000000000e+00 6.825287158e+00 0.000000000e+00 0.000000000e+00 1.000000000e+00 0.000000000e+00
8.219258288e-02 9.966164655e-01 0.000000000e+00 2.648625311e+00 -9.966164655e-01 8.219258288e-02 0.000000000e+00 6.804390742e+00 0.000000000e+00 0.000000000e+00 1.000000000e+00 0.000000000e+00
1.991807428e-01 9.799627706e-01 0.000000000e+00 2.947365702e+00 -9.799627706e-01 1.991807428e-01 0.000000000e+00 6.839387717e+00 0.000000000e+00 0.000000000e+00 1.000000000e+00 0.000000000e+00
3.222839856e-01 9.466430334e-01 0.000000000e+00 3.223867563e+00 -9.466430334e-01 3.222839856e-01 0.000000000e+00 6.901297984e+00 0.000000000e+00 0.000000000e+00 1.000000000e+00 0.000000000e+00
4.453481178e-01 8.953575007e-01 0.000000000e+00 3.499605465e+00 -8.953575007e-01 4.453481178e-01 0.000000000e+00 7.000177960e+00 0.000000000e+00 0.000000000e+00 1.000000000e+00 0.000000000e+00
4.453481178e-01 8.953575007e-01 0.000000000e+00 3.499605465e+00 -8.953575007e-01 4.453481178e-01 0.000000000e+00 7.000177960e+00 0.000000000e+00 0.000000000e+00 1.000000000e+00 0.000000000e+00
4.453481178e-01 8.953575007e-01 0.000000000e+00 3.499605465e+00 -8.953575007e-01 4.453481178e-01 0.000000000e+00 7.000177960e+00 0.000000000e+00 0.000000000e+00 1.000000000e+00 0.000000000e+00
4.453481178e-01 8.953575007e-01 0.000000000e+00 3.499605465e+00 -8.953575007e-01 4.453481178e-01 0.000000000e+00 7.000177960e+00 0.000000000e+00 0.000000000e+00 1.000000000e+00 0.000000000e+00
4.453481178e-01 8.953575007e-01 0.000000000e+00 3.499605465e+00 -8.953575007e-01 4.453481178e-01 0.000000000e+00 7.000177960e+00 0.000000000e+00 0.000000000e+00 1.000000000e+00 0.000000000e+00
5.817389662e-01 8.133755437e-01 0.000000000e+00 3.769428996e+00 -8.133755437e-01 5.817389662e-01 0.000000000e+00 7.153744614e+00 0.000000000e+00 0.000000000e+00 1.000000000e+00 0.000000000e+00
6.466323218e-01 7.628018356e-01 0.000000000e+00 4.012753334e+00 -7.628018356e-01 6.466323218e-01 0.000000000e+00 7.358459006e+00 0.000000000e+00 0.000000000e+00 1.000000000e+00 0.000000000e+00
