1.000000000e+00 0.000000000e+00 0.000000000e+00 0.000000000e+00 0.000000000e+00 1.000000000e+00 0.000000000e+00 0.000000000e+00 0.000000000e+00 0.000000000e+00 1.000000000e+00 0.000000000e+00
9.999934483e-01 -3.619842787e-03 0.000000000e+00 1.680552240e-02 3.619842787e-03 9.999934483e-01 0.000000000e+00 3.007886730e-01 0.000000000e+00 0.000000000e+00 1.000000000e+00 0.000000000e+00
9.999918684e-01 4.032756549e-03 0.000000000e+00 -1.059166038e-02 -4.032756549e-03 9.999918684e-01 0.000000000e+00 6.137369814e-01 0.000000000e+00 0.000000000e+00 1.000000000e+00 0.000000000e+00
9.999883808e-01 -4.820599477e-03 0.000000000e+00 1.111285412e-02 4.820599477e-03 9.999883808e-01 0.000000000e+00 9.160544855e-01 0.000000000e+00 0.000000000e+00 1.000000000e+00 0.000000000e+00
9.999260377e-01 -1.216219725e-02 0.000000000e+00 1.863981839e-03 1.216219725e-02 9.999260377e-01 0.000000000e+00 1.209615793e+00 0.000000000e+00 0.000000000e+00 1.000000000e+00 0.000000000e+00
9.995789944e-01 -2.901437591e-02 0.000000000e+00 1.170986107e-02 2.901437591e-02 9.995789944e-01 0.000000000e+00 1.479925913e+00 0.000000000e+00 0.000000000e+00 1.000000000e+00 0.000000000e+00
9.995789944e-01 -2.901437591e-02 0.000000000e+00 1.170986107e-02 2.901437591e-02 9.995789944e-01 0.000000000e+00 1.479925913e+00 0.000000000e+00 0.000000000e+00 1.000000000e+00 0.000000000e+00
9.995789944e-01 -2.901437591e-02 0.000000000e+00 1.170986107e-02 2.901437591e-02 9.995789944e-01 0.000000000e+00 1.479925913e+00 0.000000000e+00 0.000000000e+00 1.000000000e+00 0.000000000e+00
9.999244110e-01 -1.229521682e-02 0.000000000e+00 9.943536046e-03 1.229521682e-02 9.999244110e-01 0.000000000e+00 1.762530106e+00 0.000000000e+00 0.000000000e+00 1.000000000e+00 0.000000000e+00
9.999244110e-01 -1.229521682e-02 0.000000000e+00 9.943536046e-03 1.229521682e-02 9.999244110e-01 0.000000000e+00 1.762530106e+00 0.000000000e+00 0.000000000e+00 1.000000000e+00 0.000000000e+00
9.999244110e-01 -1.229521682e-02 0.000000000e+00 9.943536046e-03 1.229521682e-02 9.999244110e-01 0.000000000e+00 1.762530106e+00 0.000000000e+00 0.000000000e+00 1.000000000e+00 0.000000000e+00
9.999244110e-01 -1.229521682e-02 0.000000000e+00 9.943536046e-03 1.229521682e-02 9.999244110e-01 0.000000000e+00 1.762530106e+00 0.000000000e+00 0.000000000e+00 1.000000000e+00 0.000000000e+00
9.999244110e-01 -1.229521682e-02 0.000000000e+00 9.943536046e-03 1.229521682e-02 9.999244110e-01 0.000000000e+00 1.762530106e+00 0.000000000e+00 0.000000000e+00 1.000000000e+00 0.000000000e+00
9.999244110e-01 -1.229521682e-02 0.000000000e+00 9.943536046e-03 1.229521682e-02 9.999244110e-01 0.000000000e+00 1.762530106e+00 0.000000000e+00 0.000000000e+00 1.000000000e+00 0.000000000e+00
9.999244110e-01 -1.229521682e-02 0.000000000e+00 9.943536046e-03 1.229521682e-02 9.999244110e-01 0.000000000e+00 1.762530106e+00 0.000000000e+00 0.000000000e+00 1.000000000e+00 0.000000000e+00
9.999244110e-01 -1.229521682e-02 0.000000000e+00 9.943536046e-03 1.229521682e-02 9.999244110e-01 0.000000000e+00 1.762530106e+00 0.000000000e+00 0.000000000e+00 1.000000000e+00 0.000000000e+00
9.999244110e-01 -1.229521682e-02 0.000000000e+00 9.943536046e-03 1.229521682e-02 9.999244110e-01 0.000000000e+00 1.762530106e+00 0.000000000e+00 0.000000000e+00 1.000000000e+00 0.000000000e+00
9.999244110e-01 -1.229521682e-02 0.000000000e+00 9.943536046e-03 1.229521682e-02 9.999244110e-01 0.000000000e+00 1.762530106e+00 0.000000000e+00 0.000000000e+00 1.000000000e+00 0.000000000e+00
9.999244110e-01 -1.229521682e-02 0.000000000e+00 9.943536046e-03 1.229521682e-02 9.999244110e-01 0.000000000e+00 1.762530106e+00 0.000000000e+00 0.000000000e+00 1.000000000e+00 0.000000000e+00
9.999244110e-01 -1.229521682e-02 0.000000000e+00 9.943536046e-03 1.229521682e-02 9.999244110e-01 0.000000000e+00 1.762530106e+00 0.000000000e+00 0.000000000e+00 1.000000000e+00 0.000000000e+00
9.999083470e-01 -1.353874101e-02 0.000000000e+00 2.753318852e-02 1.353874101e-02 9.999083470e-01 0.000000000e+00 2.042142113e+00 0.000000000e+00 0.000000000e+00 1.000000000e+00 0.000000000e+00
9.999495618e-01 -1.004360197e-02 0.000000000e+00 5.195912997e-03 1.004360197e-02 9.999495618e-01 0.000000000e+00 2.345287833e+00 0.000000000e+00 0.000000000e+00 1.000000000e+00 0.000000000e+00
9.999033743e-01 -1.390115583e-02 0.000000000e+00 1.228926793e-02 1.390115583e-02 9.999033743e-01 0.000000000e+00 2.640864073e+00 0.000000000e+00 0.000000000e+00 1.000000000e+00 0.000000000e+00
9.999696930e-01 -7.785436272e-03 0.000000000e+00 -1.781841192e-02 7.785436272e-03 9.999696930e-01 0.000000000e+00 2.965364676e+00 0.000000000e+00 0.000000000e+00 1.000000000e+00 0.000000000e+00
9.999906002e-01 -4.335833372e-03 0.000000000e+00 -3.280274147e-02 4.335833372e-03 9.999906002e-01 0.000000000e+00 3.269132905e+00 0.000000000e+00 0.000000000e+00 1.000000000e+00 0.000000000e+00
9.998813330e-01 -1.540518944e-02 0.000000000e+00 -3.168328837e-02 1.540518944e-02 9.998813330e-01 0.000000000e+00 3.583401199e+00 0.000000000e+00 0.000000000e+00 1.000000000e+00 0.000000000e+00
9.995787484e-01 -2.902284829e-02 0.000000000e+00 -2.412103099e-02 2.902284829e-02 9.995787484e-01 0.000000000e+00 3.908028296e+00 0.000000000e+00 0.000000000e+00 1.000000000e+00 0.000000000e+00
9.995787484e-01 -2.902284829e-02 0.000000000e+00 -2.412103099e-02 2.902284829e-02 9.995787484e-01 0.000000000e+00 3.908028296e+00 0.000000000e+00 0.000000000e+00 1.000000000e+00 0.000000000e+00
9.995787484e-01 -2.902284829e-02 0.000000000e+00 -2.412103099e-02 2.902284829e-02 9.995787484e-01 0.000000000e+00 3.908028296e+00 0.000000000e+00 0.000000000e+00 1.000000000e+00 0.000000000e+00
9.995787484e-01 -2.902284829e-02 0.000000000e+00 -2.412103099e-02 2.902284829e-02 9.995787484e-01 0.000000000e+00 3.908028296e+00 0.000000000e+00 0.000000000e+00 1.000000000e+00 0.000000000e+00
9.995787484e-01 -2.902284829e-02 0.000000000e+00 -2.412103099e-02 2.902284829e-02 9.995787484e-01 0.000000000e+00 3.908028296e+00 0.000000000e+00 0.000000000e+00 1.000000000e+00 0.000000000e+00
9.995787484e-01 -2.902284829e-02 0.000000000e+00 -2.412103099e-02 2.902284829e-02 9.995787484e-01 0.000000000e+00 3.908028296e+00 0.000000000e+00 0.000000000e+00 1.000000000e+00 0.000000000e+00
9.995594598e-01 -2.967972816e-02 0.000000000e+00 -4.097154857e-02 2.967972816e-02 9.995594598e-01 0.000000000e+00 4.198769001e+00 0.000000000e+00 0.000000000e+00 1.000000000e+00 0.000000000e+00
9.988641270e-01 -4.764929935e-02 0.000000000e+00 -3.700881437e-02 4.764929935e-02 9.988641270e-01 0.000000000e+00 4.495969497e+00 0.000000000e+00 0.000000000e+00 1.000000000e+00 0.000000000e+00
9.969904856e-01 -7.752400704e-02 0.000000000e+00 -2.990026432e-01 7.752400704e-02 9.969904856e-01 0.000000000e+00 4.687493881e+00 0.000000000e+00 0.000000000e+00 1.000000000e+00 0.000000000e+00
9.622929751e-01 -2.720151282e-01 0.000000000e+00 -3.744304913e-01 2.720151282e-01 9.622929751e-01 0.000000000e+00 4.971706193e+00 0.000000000e+00 0.000000000e+00 1.000000000e+00 0.000000000e+00
9.013349610e-01 -4.331227172e-01 0.000000000e+00 -4.894167857e-01 4.331227172e-01 9.013349610e-01 0.000000000e+00 5.245103496e+00 0.000000000e+00 0.000000000e+00 1.000000000e+00 0.000000000e+00
7.911397922e-01 -6.116353728e-01 0.000000000e+00 -6.262938324e-01 6.116353728e-01 7.911397922e-01 0.000000000e+00 5.519642124e+00 0.000000000e+00 0.000000000e+00 1.000000000e+00 0.000000000e+00
6.612969681e-01 -7.501242030e-01 0.000000000e+00 -8.491186541e-01 7.501242030e-01 6.612969681e-01 0.000000000e+00 5.727148544e+00 0.000000000e+00 0.000000000e+00 1.000000000e+00 0.000000000e+00
6.612969681e-01 -7.501242030e-01 0.000000000e+00 -8.491186541e-01 7.501242030e-01 6.612969681e-01 0.000000000e+00 5.727148544e+00 0.000000000e+00 0.000000000e+00 1.000000000e+00 0.000000000e+00
6.612969681e-01 -7.501242030e-01 0.000000000e+00 -8.491186541e-01 7.501242030e-01 6.612969681e-01 0.000000000e+00 5.727148544e+00 0.000000000e+00 0.000000000e+00 1.000000000e+00 0.000000000e+00
6.612969681e-01 -7.501242030e-01 0.000000000e+00 -8.491186541e-01 7.501242030e-01 6.612969681e-01 0.000000000e+00 5.727148544e+00 0.000000000e+00 0.000000000e+00 1.000000000e+00 0.000000000e+00
6.612969681e-01 -7.501242030e-01 0.000000000e+00 -8.491186541e-01 7.501242030e-01 6.612969681e-01 0.000000000e+00 5.727148544e+00 0.000000000e+00 0.000000000e+00 1.000000000e+00 0.000000000e+00
6.612969681e-01 -7.501242030e-01 0.000000000e+00 -8.491186541e-01 7.501242030e-01 6.612969681e-01 0.000000000e+00 5.727148544e+00 0.000000000e+00 0.000000000e+00 1.000000000e+00 0.000000000e+00
6.612969681e-01 -7.501242030e-01 0.000000000e+00 -8.491186541e-01 7.501242030e-01 6.612969681e-01 0.000000000e+00 5.727148544e+00 0.000000000e+00 0.000000000e+00 1.000000000e+00 0.000000000e+00
6.612969681e-01 -7.501242030e-01 0.000000000e+00 -8.491186541e-01 7.501242030e-01 6.612969681e-01 0.000000000e+00 5.727148544e+00 0.000000000e+00 0.000000000e+00 1.000000000e+00 0.000000000e+00
6.612969681e-01 -7.501242030e-01 0.000000000e+00 -8.491186541e-01 7.501242030e-01 6.612969681e-01 0.000000000e+00 5.727148544e+00 0.000000000e+00 0.000000000e+00 1.000000000e+00 0.000000000e+00
6.612969681e-01 -7.501242030e-01 0.000000000e+00 -8.491186541e-01 7.501242030e-01 6.612969681e-01 0.000000000e+00 5.727148544e+00 0.000000000e+00 0.000000000e+00 1.000000000e+00 0.000000000e+00
6.612969681e-01 -7.501242030e-01 0.000000000e+00 -8.491186541e-01 7.501242030e-01 6.612969681e-01 0.000000000e+00 5.727148544e+00 0.000000000e+00 0.000000000e+00 1.000000000e+00 0.000000000e+00
6.612969681e-01 -7.501242030e-01 0.000000000e+00 -8.491186541e-01 7.501242030e-01 6.612969681e-01 0.000000000e+00 5.727148544e+00 0.000000000e+00 0.000000000e+00 1.000000000e+00 0.000000000e+00
6.612969681e-01 -7.501242030e-01 0.000000000e+00 -8.491186541e-01 7.501242030e-01 6.612969681e-01 0.000000000e+00 5.727148544e+00 0.000000000e+00 0.000000000e+00 1.000000000e+00 0.000000000e+00
6.612969681e-01 -7.501242030e-01 0.000000000e+00 -8.491186541e-01 7.501242030e-01 6.612969681e-01 0.000000000e+00 5.727148544e+00 0.000000000e+00 0.000000000e+00 1.000000000e+00 0.000000000e+00
6.612969681e-01 -7.501242030e-01 0.000000000e+00 -8.491186541e-01 7.501242030e-01 6.612969681e-01 0.000000000e+00 5.727148544e+00 0.000000000e+00 0.000000000e+00 1.000000000e+00 0.000000000e+00
6.612969681e-01 -7.501242030e-01 0.000000000e+00 -8.491186541e-01 7.501242030e-01 6.612969681e-01 0.000000000e+00 5.727148544e+00 0.000000000e+00 0.000000000e+00 1.000000000e+00 0.000000000e+00
6.612969681e-01 -7.501242030e-01 0.000000000e+00 -8.491186541e-01 7.501242030e-01 6.612969681e-01 0.000000000e+00 5.727148544e+00 0.000000000e+00 0.000000000e+00 1.000000000e+00 0.000000000e+00
6.683873177e-01 -7.438134131e-01 0.000000000e+00 -1.070798223e+00 7.438134131e-01 6.683873177e-01 0.000000000e+00 5.925616372e+00 0.000000000e+00 0.000000000e+00 1.000000000e+00 0.000000000e+00
6.683873177e-01 -7.438134131e-01 0.000000000e+00 -1.070798223e+00 7.438134131e-01 6.683873177e-01 0.000000000e+00 5.925616372e+00 0.000000000e+00 0.000000000e+00 1.000000000e+00 0.000000000e+00
6.683873177e-01 -7.438134131e-01 0.000000000e+00 -1.070798223e+00 7.438134131e-01 6.683873177e-01 0.000000000e+00 5.925616372e+00 0.000000000e+00 0.000000000e+00 1.000000000e+00 0.000000000e+00
6.683873177e-01 -7.438134131e-01 0.000000000e+00 -1.070798223e+00 7.438134131e-01 6.683873177e-01 0.000000000e+00 5.925616372e+00 0.000000000e+00 0.000000000e+00 1.000000000e+00 0.000000000e+00
6.683873177e-01 -7.438134131e-01 0.000000000e+00 -1.070798223e+00 7.438134131e-01 6.683873177e-01 0.000000000e+00 5.925616372e+00 0.000000000e+00 0.000000000e+00 1.000000000e+00 0.000000000e+00
6.683873177e-01 -7.438134131e-01 0.000000000e+00 -1.070798223e+00 7.438134131e-01 6.683873177e-01 0.000000000e+00 5.925616372e+00 0.000000000e+00 0.000000000e+00 1.000000000e+00 0.000000000e+00
6.683873177e-01 -7.438134131e-01 0.000000000e+00 -1.070798223e+00 7.438134131e-01 6.683873177e-01 0.000000000e+00 5.925616372e+00 0.000000000e+00 0.000000000e+00 1.000000000e+00 0.000000000e+00
6.676376472e-01 -7.444863814e-01 0.000000000e+00 -1.302377292e+00 7.444863814e-01 6.676376472e-01 0.000000000e+00 6.120868158e+00 0.000000000e+00 0.000000000e+00 1.000000000e+00 0.000000000e+00
6.669141999e-01 -7.451345180e-01 0.000000000e+00 -1.528673185e+00 7.451345180e-01 6.669141999e-01 0.000000000e+00 6.314709693e+00 0.000000000e+00 0.000000000e+00 1.000000000e+00 0.000000000e+00
6.669141999e-01 -7.451345180e-01 0.000000000e+00 -1.528673185e+00 7.451345180e-01 6.669141999e-01 0.000000000e+00 6.314709693e+00 0.000000000e+00 0.000000000e+00 1.000000000e+00 0.000000000e+00
6.669141999e-01 -7.451345180e-01 0.000000000e+00 -1.528673185e+00 7.451345180e-01 6.669141999e-01 0.000000000e+00 6.314709693e+00 0.000000000e+00 0.000000000e+00 1.000000000e+00 0.000000000e+00
6.669141999e-01 -7.451345180e-01 0.000000000e+00 -1.528673185e+00 7.451345180e-01 6.669141999e-01 0.000000000e+00 6.314709693e+00 0.000000000e+00 0.000000000e+00 1.000000000e+00 0.000000000e+00
6.669141999e-01 -7.451345180e-01 0.000000000e+00 -1.528673185e+00 7.451345180e-01 6.669141999e-01 0.000000000e+00 6.314709693e+00 0.000000000e+00 0.000000000e+00 1.000000000e+00 0.000000000e+00
6.669141999e-01 -7.451345180e-01 0.000000000e+00 -1.528673185e+00 7.451345180e-01 6.669141999e-01 0.000000000e+00 6.314709693e+00 0.000000000e+00 0.000000000e+00 1.000000000e+00 0.000000000e+00
6.669141999e-01 -7.451345180e-01 0.000000000e+00 -1.528673185e+00 7.451345180e-01 6.669141999e-01 0.000000000e+00 6.314709693e+00 0.000000000e+00 0.000000000e+00 1.000000000e+00 0.000000000e+00
6.669141999e-01 -7.451345180e-01 0.000000000e+00 -1.528673185e+00 7.451345180e-01 6.669141999e-01 0.000000000e+00 6.314709693e+00 0.000000000e+00 0.000000000e+00 1.000000000e+00 0.000000000e+00
6.669141999e-01 -7.451345180e-01 0.000000000e+00 -1.528673185e+00 7.451345180e-01 6.669141999e-01 0.000000000e+00 6.314709693e+00 0.000000000e+00 0.000000000e+00 1.000000000e+00 0.000000000e+00
6.669141999e-01 -7.451345180e-01 0.000000000e+00 -1.528673185e+00 7.451345180e-01 6.669141999e-01 0.000000000e+00 6.314709693e+00 0.000000000e+00 0.000000000e+00 1.000000000e+00 0.000000000e+00
6.669141999e-01 -7.451345180e-01 0.000000000e+00 -1.528673185e+00 7.451345180e-01 6.669141999e-01 0.000000000e+00 6.314709693e+00 0.000000000e+00 0.000000000e+00 1.000000000e+00 0.000000000e+00
6.669141999e-01 -7.451345180e-01 0.000000000e+00 -1.528673185e+00 7.451345180e-01 6.669141999e-01 0.000000000e+00 6.314709693e+00 0.000000000e+00 0.000000000e+00 1.000000000e+00 0.000000000e+00
6.669141999e-01 -7.451345180e-01 0.000000000e+00 -1.528673185e+00 7.451345180e-01 6.669141999e-01 0.000000000e+00 6.314709693e+00 0.000000000e+00 0.000000000e+00 1.000000000e+00 0.000000000e+00
6.669141999e-01 -7.451345180e-01 0.000000000e+00 -1.528673185e+00 7.451345180e-01 6.669141999e-01 0.000000000e+00 6.314709693e+00 0.000000000e+00 0.000000000e+00 1.000000000e+00 0.000000000e+00
6.669141999e-01 -7.451345180e-01 0.000000000e+00 -1.528673185e+00 7.451345180e-01 6.669141999e-01 0.000000000e+00 6.314709693e+00 0.000000000e+00 0.000000000e+00 1.000000000e+00 0.000000000e+00
6.669141999e-01 -7.451345180e-01 0.000000000e+00 -1.528673185e+00 7.451345180e-01 6.669141999e-01 0.000000000e+00 6.314709693e+00 0.000000000e+00 0.000000000e+00 1.000000000e+00 0.000000000e+00
6.669141999e-01 -7.451345180e-01 0.000000000e+00 -1.528673185e+00 7.451345180e-01 6.669141999e-01 0.000000000e+00 6.314709693e+00 0.000000000e+00 0.000000000e+00 1.000000000e+00 0.000000000e+00
6.559735011e-01 -7.547839200e-01 0.000000000e+00 -1.712182422e+00 7.547839200e-01 6.559735011e-01 0.000000000e+00 6.575225297e+00 0.000000000e+00 0.000000000e+00 1.000000000e+00 0.000000000e+00
6.559735011e-01 -7.547839200e-01 0.000000000e+00 -1.712182422e+00 7.547839200e-01 6.559735011e-01 0.000000000e+00 6.575225297e+00 0.000000000e+00 0.000000000e+00 1.000000000e+00 0.000000000e+00
6.559735011e-01 -7.547839200e-01 0.000000000e+00 -1.712182422e+00 7.547839200e-01 6.559735011e-01 0.000000000e+00 6.575225297e+00 0.000000000e+00 0.000000000e+00 1.000000000e+00 0.000000000e+00
7.264999320e-01 -6.871665364e-01 0.000000000e+00 -1.930480347e+00 6.871665364e-01 7.264999320e-01 0.000000000e+00 6.756012514e+00 0.000000000e+00 0.000000000e+00 1.000000000e+00 0.000000000e+00
7.264999320e-01 -6.871665364e-01 0.000000000e+00 -1.930480347e+00 6.871665364e-01 7.264999320e-01 0.000000000e+00 6.756012514e+00 0.000000000e+00 0.000000000e+00 1.000000000e+00 0.000000000e+00
7.264999320e-01 -6.871665364e-01 0.000000000e+00 -1.930480347e+00 6.871665364e-01 7.264999320e-01 0.000000000e+00 6.756012514e+00 0.000000000e+00 0.000000000e+00 1.000000000e+00 0.000000000e+00
7.264999320e-01 -6.871665364e-01 0.000000000e+00 -1.930480347e+00 6.871665364e-01 7.264999320e-01 0.000000000e+00 6.756012514e+00 0.000000000e+00 0.000000000e+00 1.000000000e+00 0.000000000e+00
7.264999320e-01 -6.871665364e-01 0.000000000e+00 -1.930480347e+00 6.871665364e-01 7.264999320e-01 0.000000000e+00 6.756012514e+00 0.000000000e+00 0.000000000e+00 1.000000000e+00 0.000000000e+00
7.264999320e-01 -6.871665364e-01 0.000000000e+00 -1.930480347e+00 6.871665364e-01 7.264999320e-01 0.000000000e+00 6.756012514e+00 0.000000000e+00 0.000000000e+00 1.000000000e+00 0.000000000e+00
7.264999320e-01 -6.871665364e-01 0.000000000e+00 -1.930480347e+00 6.871665364e-01 7.264999320e-01 0.000000000e+00 6.756012514e+00 0.000000000e+00 0.000000000e+00 1.000000000e+00 0.000000000e+00
7.264999320e-01 -6.871665364e-01 0.000000000e+00 -1.930480347e+00 6.871665364e-01 7.264999320e-01 0.000000000e+00 6.756012514e+00 0.000000000e+00 0.000000000e+00 1.000000000e+00 0.000000000e+00
7.264999320e-01 -6.871665364e-01 0.000000000e+00 -1.930480347e+00 6.871665364e-01 7.264999320e-01 0.000000000e+00 6.756012514e+00 0.000000000e+00 0.000000000e+00 1.000000000e+00 0.000000000e+00
7.264999320e-01 -6.871665364e-01 0.000000000e+00 -1.930480347e+00 6.871665364e-01 7.264999320e-01 0.000000000e+00 6.756012514e+00 0.000000000e+00 0.000000000e+00 1.000000000e+00 0.000000000e+00
7.264999320e-01 -6.871665364e-01 0.000000000e+00 -1.930480347e+00 6.871665364e-01 7.264999320e-01 0.000000000e+00 6.756012514e+00 0.000000000e+00 0.000000000e+00 1.000000000e+00 0.000000000e+00
7.264999320e-01 -6.871665364e-01 0.000000000e+00 -1.930480347e+00 6.871665364e-01 7.264999320e-01 0.000000000e+00 6.756012514e+00 0.000000000e+00 0.000000000e+00 1.000000000e+00 0.000000000e+00
7.264999320e-01 -6.871665364e-01 0.000000000e+00 -1.930480347e+00 6.871665364e-01 7.264999320e-01 0.000000000e+00 6.756012514e+00 0.000000000e+00 0.000000000e+00 1.000000000e+00 0.000000000e+00
7.264999320e-01 -6.871665364e-01 0.000000000e+00 -1.930480347e+00 6.871665364e-01 7.264999320e-01 0.000000000e+00 6.756012514e+00 0.000000000e+00 0.000000000e+00 1.000000000e+00 0.000000000e+00
7.264999320e-01 -6.871665364e-01 0.000000000e+00 -1.930480347e+00 6.871665364e-01 7.264999320e-01 0.000000000e+00 6.756012514e+00 0.000000000e+00 0.000000000e+00 1.000000000e+00 0.000000000e+00
7.264999320e-01 -6.871665364e-01 0.000000000e+00 -1.930480347e+00 6.871665364e-01 7.264999320e-01 0.000000000e+00 6.756012514e+00 0.000000000e+00 0.000000000e+00 1.000000000e+00 0.000000000e+00
7.264999320e-01 -6.871665364e-01 0.000000000e+00 -1.930480347e+00 6.871665364e-01 7.264999320e-01 0.000000000e+00 6.756012514e+00 0.000000000e+00 0.000000000e+00 1.000000000e+00 0.000000000e+00
7.264999320e-01 -6.871665364e-01 0.000000000e+00 -1.930480347e+00 6.871665364e-01 7.264999320e-01 0.000000000e+00 6.756012514e+00 0.000000000e+00 0.000000000e+00 1.000000000e+00 0.000000000e+00
7.264999320e-01 -6.871665364e-01 0.000000000e+00 -1.930480347e+00 6.871665364e-01 7.264999320e-01 0.000000000e+00 6.756012514e+00 0.000000000e+00 0.000000000e+00 1.000000000e+00 0.000000000e+00
7.264999320e-01 -6.871665364e-01 0.000000000e+00 -1.930480347e+00 6.871665364e-01 7.264999320e-01 0.000000000e+00 6.756012514e+00 0.000000000e+00 0.000000000e+00 1.000000000e+00 0.000000000e+00
7.264999320e-01 -6.871665364e-01 0.000000000e+00 -1.930480347e+00 6.871665364e-01 7.264999320e-01 0.000000000e+00 6.756012514e+00 0.000000000e+00 0.000000000e+00 1.000000000e+00 0.000000000e+00
7.235427654e-01 -6.902795569e-01 0.000000000e+00 -2.152777177e+00 6.902795569e-01 7.235427654e-01 0.000000000e+00 6.976943147e+00 0.000000000e+00 0.000000000e+00 1.000000000e+00 0.000000000e+00
7.235427654e-01 -6.902795569e-01 0.000000000e+00 -2.152777177e+00 6.902795569e-01 7.235427654e-01 0.000000000e+00 6.976943147e+00 0.000000000e+00 0.000000000e+00 1.000000000e+00 0.000000000e+00
7.235427654e-01 -6.902795569e-01 0.000000000e+00 -2.152777177e+00 6.902795569e-01 7.235427654e-01 0.000000000e+00 6.976943147e+00 0.000000000e+00 0.000000000e+00 1.000000000e+00 0.000000000e+00
7.235427654e-01 -6.902795569e-01 0.000000000e+00 -2.152777177e+00 6.902795569e-01 7.235427654e-01 0.000000000e+00 6.976943147e+00 0.000000000e+00 0.000000000e+00 1.000000000e+00 0.000000000e+00
7.235427654e-01 -6.902795569e-01 0.000000000e+00 -2.152777177e+00 6.902795569e-01 7.235427654e-01 0.000000000e+00 6.976943147e+00 0.000000000e+00 0.000000000e+00 1.000000000e+00 0.000000000e+00
7.235427654e-01 -6.902795569e-01 0.000000000e+00 -2.152777177e+00 6.902795569e-01 7.235427654e-01 0.000000000e+00 6.976943147e+00 0.000000000e+00 0.000000000e+00 1.000000000e+00 0.000000000e+00
7.235427654e-01 -6.902795569e-01 0.000000000e+00 -2.152777177e+00 6.902795569e-01 7.235427654e-01 0.000000000e+00 6.976943147e+00 0.000000000e+00 0.000000000e+00 1.000000000e+00 0.000000000e+00
7.235427654e-01 -6.902795569e-01 0.000000000e+00 -2.152777177e+00 6.902795569e-01 7.235427654e-01 0.000000000e+00 6.976943147e+00 0.000000000e+00 0.000000000e+00 1.000000000e+00 0.000000000e+00
7.235427654e-01 -6.902795569e-01 0.000000000e+00 -2.152777177e+00 6.902795569e-01 7.235427654e-01 0.000000000e+00 6.976943147e+00 0.000000000e+00 0.000000000e+00 1.000000000e+00 0.000000000e+00
6.660719086e-01 -7.458875334e-01 0.000000000e+00 -2.111287030e+00 7.458875334e-01 6.660719086e-01 0.000000000e+00 7.260983343e+00 0.000000000e+00 0.000000000e+00 1.000000000e+00 0.000000000e+00
6.061779432e-01 -7.953290521e-01 0.000000000e+00 -2.132178364e+00 7.953290521e-01 6.061779432e-01 0.000000000e+00 7.502559194e+00 0.000000000e+00 0.000000000e+00 1.000000000e+00 0.000000000e+00
6.061779432e-01 -7.953290521e-01 0.000000000e+00 -2.132178364e+00 7.953290521e-01 6.061779432e-01 0.000000000e+00 7.502559194e+00 0.000000000e+00 0.000000000e+00 1.000000000e+00 0.000000000e+00
6.061779432e-01 -7.953290521e-01 0.000000000e+00 -2.132178364e+00 7.953290521e-01 6.061779432e-01 0.000000000e+00 7.502559194e+00 0.000000000e+00 0.000000000e+00 1.000000000e+00 0.000000000e+00
6.091547743e-01 -7.930513609e-01 0.000000000e+00 -2.350520718e+00 7.930513609e-01 6.091547743e-01 0.000000000e+00 7.652543241e+00 0.000000000e+00 0.000000000e+00 1.000000000e+00 0.000000000e+00
6.091547743e-01 -7.930513609e-01 0.000000000e+00 -2.350520718e+00 7.930513609e-01 6.091547743e-01 0.000000000e+00 7.652543241e+00 0.000000000e+00 0.000000000e+00 1.000000000e+00 0.000000000e+00
5.254670636e-01 -8.508139427e-01 0.000000000e+00 -2.373320973e+00 8.508139427e-01 5.254670636e-01 0.000000000e+00 8.085398582e+00 0.000000000e+00 0.000000000e+00 1.000000000e+00 0.000000000e+00
5.254670636e-01 -8.508139427e-01 0.000000000e+00 -2.373320973e+00 8.508139427e-01 5.254670636e-01 0.000000000e+00 8.085398582e+00 0.000000000e+00 0.000000000e+00 1.000000000e+00 0.000000000e+00
5.254670636e-01 -8.508139427e-01 0.000000000e+00 -2.373320973e+00 8.508139427e-01 5.254670636e-01 0.000000000e+00 8.085398582e+00 0.000000000e+00 0.000000000e+00 1.000000000e+00 0.000000000e+00
5.254670636e-01 -8.508139427e-01 0.000000000e+00 -2.373320973e+00 8.508139427e-01 5.254670636e-01 0.000000000e+00 8.085398582e+00 0.000000000e+00 0.000000000e+00 1.000000000e+00 0.000000000e+00
5.316055870e-01 -8.469920306e-01 0.000000000e+00 -2.615113750e+00 8.469920306e-01 5.316055870e-01 0.000000000e+00 8.222354201e+00 0.000000000e+00 0.000000000e+00 1.000000000e+00 0.000000000e+00
5.243928561e-01 -8.514764427e-01 0.000000000e+00 -2.866448452e+00 8.514764427e-01 5.243928561e-01 0.000000000e+00 8.410649733e+00 0.000000000e+00 0.000000000e+00 1.000000000e+00 0.000000000e+00
5.288389745e-01 -8.487221801e-01 0.000000000e+00 -3.130192109e+00 8.487221801e-01 5.288389745e-01 0.000000000e+00 8.567251424e+00 0.000000000e+00 0.000000000e+00 1.000000000e+00 0.000000000e+00
5.255910708e-01 -8.507373427e-01 0.000000000e+00 -3.373771793e+00 8.507373427e-01 5.255910708e-01 0.000000000e+00 8.724073421e+00 0.000000000e+00 0.000000000e+00 1.000000000e+00 0.000000000e+00
5.259316611e-01 -8.505268296e-01 0.000000000e+00 -3.625895354e+00 8.505268296e-01 5.259316611e-01 0.000000000e+00 8.876828858e+00 0.000000000e+00 0.000000000e+00 1.000000000e+00 0.000000000e+00
5.296212014e-01 -8.482342737e-01 0.000000000e+00 -3.881280290e+00 8.482342737e-01 5.296212014e-01 0.000000000e+00 9.029205173e+00 0.000000000e+00 0.000000000e+00 1.000000000e+00 0.000000000e+00
5.255233126e-01 -8.507792005e-01 0.000000000e+00 -4.124488435e+00 8.507792005e-01 5.255233126e-01 0.000000000e+00 9.181105284e+00 0.000000000e+00 0.000000000e+00 1.000000000e+00 0.000000000e+00
5.152197490e-01 -8.570581137e-01 0.000000000e+00 -4.341317573e+00 8.570581137e-01 5.152197490e-01 0.000000000e+00 9.350463207e+00 0.000000000e+00 0.000000000e+00 1.000000000e+00 0.000000000e+00
5.152197490e-01 -8.570581137e-01 0.000000000e+00 -4.341317573e+00 8.570581137e-01 5.152197490e-01 0.000000000e+00 9.350463207e+00 0.000000000e+00 0.000000000e+00 1.000000000e+00 0.000000000e+00
