1.000000000e+00 0.000000000e+00 0.000000000e+00 0.000000000e+00 0.000000000e+00 1.000000000e+00 0.000000000e+00 0.000000000e+00 0.000000000e+00 0.000000000e+00 1.000000000e+00 0.000000000e+00
1.000000000e+00 0.000000000e+00 0.000000000e+00 0.000000000e+00 0.000000000e+00 1.000000000e+00 0.000000000e+00 0.000000000e+00 0.000000000e+00 0.000000000e+00 1.000000000e+00 0.000000000e+00
9.946488287e-01 -1.033136369e-01 0.000000000e+00 -2.435268942e-02 1.033136369e-01 9.946488287e-01 0.000000000e+00 2.479163206e-01 0.000000000e+00 0.000000000e+00 1.000000000e+00 0.000000000e+00
9.782869188e-01 -2.072551678e-01 0.000000000e+00 -7.889502927e-02 2.072551678e-01 9.782869188e-01 0.000000000e+00 4.990006481e-01 0.000000000e+00 0.000000000e+00 1.000000000e+00 0.000000000e+00
9.652453074e-01 -2.613455502e-01 0.000000000e+00 -2.340895301e-01 2.613455502e-01 9.652453074e-01 0.000000000e+00 7.532005922e-01 0.000000000e+00 0.000000000e+00 1.000000000e+00 0.000000000e+00
9.389052219e-01 -3.441758043e-01 0.000000000e+00 -3.301673794e-01 3.441758043e-01 9.389052219e-01 0.000000000e+00 9.870706997e-01 0.000000000e+00 0.000000000e+00 1.000000000e+00 0.000000000e+00
9.055838443e-01 -4.241673031e-01 0.000000000e+00 -4.393038584e-01 4.241673031e-01 9.055838443e-01 0.000000000e+00 1.213233891e+00 0.000000000e+00 0.000000000e+00 1.000000000e+00 0.000000000e+00
9.055838443e-01 -4.241673031e-01 0.000000000e+00 -4.393038584e-01 4.241673031e-01 9.055838443e-01 0.000000000e+00 1.213233891e+00 0.000000000e+00 0.000000000e+00 1.000000000e+00 0.000000000e+00
9.055838443e-01 -4.241673031e-01 0.000000000e+00 -4.393038584e-01 4.241673031e-01 9.055838443e-01 0.000000000e+00 1.213233891e+00 0.000000000e+00 0.000000000e+00 1.000000000e+00 0.000000000e+00
8.941366158e-01 -4.477942746e-01 0.000000000e+00 -5.608370674e-01 4.477942746e-01 8.941366158e-01 0.000000000e+00 1.435127759e+00 0.000000000e+00 0.000000000e+00 1.000000000e+00 0.000000000e+00
8.907447769e-01 -4.545038420e-01 0.000000000e+00 -6.806869127e-01 4.545038420e-01 8.907447769e-01 0.000000000e+00 1.656559548e+00 0.000000000e+00 0.000000000e+00 1.000000000e+00 0.000000000e+00
8.956553749e-01 -4.447487485e-01 0.000000000e+00 -7.942179413e-01 4.447487485e-01 8.956553749e-01 0.000000000e+00 1.884415307e+00 0.000000000e+00 0.000000000e+00 1.000000000e+00 0.000000000e+00
9.046038790e-01 -4.262532371e-01 0.000000000e+00 -9.057804202e-01 4.262532371e-01 9.046038790e-01 0.000000000e+00 2.100567807e+00 0.000000000e+00 0.000000000e+00 1.000000000e+00 0.000000000e+00
9.212446260e-01 -3.889837260e-01 0.000000000e+00 -1.005591271e+00 3.889837260e-01 9.212446260e-01 0.000000000e+00 2.336221697e+00 0.000000000e+00 0.000000000e+00 1.000000000e+00 0.000000000e+00
9.437015094e-01 -3.307982182e-01 0.000000000e+00 -1.100333881e+00 3.307982182e-01 9.437015094e-01 0.000000000e+00 2.554671827e+00 0.000000000e+00 0.000000000e+00 1.000000000e+00 0.000000000e+00
9.645325541e-01 -2.639639219e-01 0.000000000e+00 -1.155350474e+00 2.639639219e-01 9.645325541e-01 0.000000000e+00 2.794260896e+00 0.000000000e+00 0.000000000e+00 1.000000000e+00 0.000000000e+00
9.645325541e-01 -2.639639219e-01 0.000000000e+00 -1.155350474e+00 2.639639219e-01 9.645325541e-01 0.000000000e+00 2.794260896e+00 0.000000000e+00 0.000000000e+00 1.000000000e+00 0.000000000e+00
9.854715787e-01 -1.698404177e-01 0.000000000e+00 -1.195132527e+00 1.698404177e-01 9.854715787e-01 0.000000000e+00 3.047402119e+00 0.000000000e+00 0.000000000e+00 1.000000000e+00 0.000000000e+00
9.963536399e-01 -8.531954202e-02 0.000000000e+00 -1.179129088e+00 8.531954202e-02 9.963536399e-01 0.000000000e+00 3.313265560e+00 0.000000000e+00 0.000000000e+00 1.000000000e+00 0.000000000e+00
9.997261295e-01 2.340226631e-02 0.000000000e+00 -1.170653551e+00 -2.340226631e-02 9.997261295e-01 0.000000000e+00 3.566291650e+00 0.000000000e+00 0.000000000e+00 1.000000000e+00 0.000000000e+00
9.997261295e-01 2.340226631e-02 0.000000000e+00 -1.170653551e+00 -2.340226631e-02 9.997261295e-01 0.000000000e+00 3.566291650e+00 0.000000000e+00 0.000000000e+00 1.000000000e+00 0.000000000e+00
9.997261295e-01 2.340226631e-02 0.000000000e+00 -1.170653551e+00 -2.340226631e-02 9.997261295e-01 0.000000000e+00 3.566291650e+00 0.000000000e+00 0.000000000e+00 1.000000000e+00 0.000000000e+00
9.997261295e-01 2.340226631e-02 0.000000000e+00 -1.170653551e+00 -2.340226631e-02 9.997261295e-01 0.000000000e+00 3.566291650e+00 0.000000000e+00 0.000000000e+00 1.000000000e+00 0.000000000e+00
9.997261295e-01 2.340226631e-02 0.000000000e+00 -1.170653551e+00 -2.340226631e-02 9.997261295e-01 0.000000000e+00 3.566291650e+00 0.000000000e+00 0.000000000e+00 1.000000000e+00 0.000000000e+00
9.997261295e-01 2.340226631e-02 0.000000000e+00 -1.170653551e+00 -2.340226631e-02 9.997261295e-01 0.000000000e+00 3.566291650e+00 0.000000000e+00 0.000000000e+00 1.000000000e+00 0.000000000e+00
9.997261295e-01 2.340226631e-02 0.000000000e+00 -1.170653551e+00 -2.340226631e-02 9.997261295e-01 0.000000000e+00 3.566291650e+00 0.000000000e+00 0.000000000e+00 1.000000000e+00 0.000000000e+00
9.958784284e-01 9.069815786e-02 0.000000000e+00 -1.136894227e+00 -9.069815786e-02 9.958784284e-01 0.000000000e+00 3.791941506e+00 0.000000000e+00 0.000000000e+00 1.000000000e+00 0.000000000e+00
9.883101991e-01 1.524563882e-01 0.000000000e+00 -1.095625224e+00 -1.524563882e-01 9.883101991e-01 0.000000000e+00 4.028344498e+00 0.000000000e+00 0.000000000e+00 1.000000000e+00 0.000000000e+00
9.883101991e-01 1.524563882e-01 0.000000000e+00 -1.095625224e+00 -1.524563882e-01 9.883101991e-01 0.000000000e+00 4.028344498e+00 0.000000000e+00 0.000000000e+00 1.000000000e+00 0.000000000e+00
9.883101991e-01 1.524563882e-01 0.000000000e+00 -1.095625224e+00 -1.524563882e-01 9.883101991e-01 0.000000000e+00 4.028344498e+00 0.000000000e+00 0.000000000e+00 1.000000000e+00 0.000000000e+00
9.883101991e-01 1.524563882e-01 0.000000000e+00 -1.095625224e+00 -1.524563882e-01 9.883101991e-01 0.000000000e+00 4.028344498e+00 0.000000000e+00 0.000000000e+00 1.000000000e+00 0.000000000e+00
9.883101991e-01 1.524563882e-01 0.000000000e+00 -1.095625224e+00 -1.524563882e-01 9.883101991e-01 0.000000000e+00 4.028344498e+00 0.000000000e+00 0.000000000e+00 1.000000000e+00 0.000000000e+00
9.883101991e-01 1.524563882e-01 0.000000000e+00 -1.095625224e+00 -1.524563882e-01 9.883101991e-01 0.000000000e+00 4.028344498e+00 0.000000000e+00 0.000000000e+00 1.000000000e+00 0.000000000e+00
9.883101991e-01 1.524563882e-01 0.000000000e+00 -1.095625224e+00 -1.524563882e-01 9.883101991e-01 0.000000000e+00 4.028344498e+00 0.000000000e+00 0.000000000e+00 1.000000000e+00 0.000000000e+00
9.964242350e-01 8.449108778e-02 0.000000000e+00 -1.059519126e+00 -8.449108778e-02 9.964242350e-01 0.000000000e+00 4.266425561e+00 0.000000000e+00 0.000000000e+00 1.000000000e+00 0.000000000e+00
9.995906548e-01 2.860983984e-02 0.000000000e+00 -1.102975626e+00 -2.860983984e-02 9.995906548e-01 0.000000000e+00 4.538654537e+00 0.000000000e+00 0.000000000e+00 1.000000000e+00 0.000000000e+00
9.991768449e-01 -4.056639699e-02 0.000000000e+00 -1.140171675e+00 4.056639699e-02 9.991768449e-01 0.000000000e+00 4.764814695e+00 0.000000000e+00 0.000000000e+00 1.000000000e+00 0.000000000e+00
9.991768449e-01 -4.056639699e-02 0.000000000e+00 -1.140171675e+00 4.056639699e-02 9.991768449e-01 0.000000000e+00 4.764814695e+00 0.000000000e+00 0.000000000e+00 1.000000000e+00 0.000000000e+00
9.991768449e-01 -4.056639699e-02 0.000000000e+00 -1.140171675e+00 4.056639699e-02 9.991768449e-01 0.000000000e+00 4.764814695e+00 0.000000000e+00 0.000000000e+00 1.000000000e+00 0.000000000e+00
9.991768449e-01 -4.056639699e-02 0.000000000e+00 -1.140171675e+00 4.056639699e-02 9.991768449e-01 0.000000000e+00 4.764814695e+00 0.000000000e+00 0.000000000e+00 1.000000000e+00 0.000000000e+00
9.991768449e-01 -4.056639699e-02 0.000000000e+00 -1.140171675e+00 4.056639699e-02 9.991768449e-01 0.000000000e+00 4.764814695e+00 0.000000000e+00 0.000000000e+00 1.000000000e+00 0.000000000e+00
9.991768449e-01 -4.056639699e-02 0.000000000e+00 -1.140171675e+00 4.056639699e-02 9.991768449e-01 0.000000000e+00 4.764814695e+00 0.000000000e+00 0.000000000e+00 1.000000000e+00 0.000000000e+00
9.896662215e-01 -1.433902717e-01 0.000000000e+00 -1.173570553e+00 1.433902717e-01 9.896662215e-01 0.000000000e+00 5.018383556e+00 0.000000000e+00 0.000000000e+00 1.000000000e+00 0.000000000e+00
9.685080267e-01 -2.489823331e-01 0.000000000e+00 -1.232415827e+00 2.489823331e-01 9.685080267e-01 0.000000000e+00 5.262327540e+00 0.000000000e+00 0.000000000e+00 1.000000000e+00 0.000000000e+00
9.415920862e-01 -3.367556134e-01 0.000000000e+00 -1.314370532e+00 3.367556134e-01 9.415920862e-01 0.000000000e+00 5.493617944e+00 0.000000000e+00 0.000000000e+00 1.000000000e+00 0.000000000e+00
9.114509859e-01 -4.114086780e-01 0.000000000e+00 -1.426151133e+00 4.114086780e-01 9.114509859e-01 0.000000000e+00 5.716693100e+00 0.000000000e+00 0.000000000e+00 1.000000000e+00 0.000000000e+00
8.754753242e-01 -4.832628236e-01 0.000000000e+00 -1.564397455e+00 4.832628236e-01 8.754753242e-01 0.000000000e+00 5.921000452e+00 0.000000000e+00 0.000000000e+00 1.000000000e+00 0.000000000e+00
8.448796325e-01 -5.349564529e-01 0.000000000e+00 -1.698701475e+00 5.349564529e-01 8.448796325e-01 0.000000000e+00 6.101307753e+00 0.000000000e+00 0.000000000e+00 1.000000000e+00 0.000000000e+00
8.448796325e-01 -5.349564529e-01 0.000000000e+00 -1.698701475e+00 5.349564529e-01 8.448796325e-01 0.000000000e+00 6.101307753e+00 0.000000000e+00 0.000000000e+00 1.000000000e+00 0.000000000e+00
8.330075436e-01 -5.532616310e-01 0.000000000e+00 -1.840939503e+00 5.532616310e-01 8.330075436e-01 0.000000000e+00 6.291375569e+00 0.000000000e+00 0.000000000e+00 1.000000000e+00 0.000000000e+00
8.330075436e-01 -5.532616310e-01 0.000000000e+00 -1.840939503e+00 5.532616310e-01 8.330075436e-01 0.000000000e+00 6.291375569e+00 0.000000000e+00 0.000000000e+00 1.000000000e+00 0.000000000e+00
8.330075436e-01 -5.532616310e-01 0.000000000e+00 -1.840939503e+00 5.532616310e-01 8.330075436e-01 0.000000000e+00 6.291375569e+00 0.000000000e+00 0.000000000e+00 1.000000000e+00 0.000000000e+00
8.330075436e-01 -5.532616310e-01 0.000000000e+00 -1.840939503e+00 5.532616310e-01 8.330075436e-01 0.000000000e+00 6.291375569e+00 0.000000000e+00 0.000000000e+00 1.000000000e+00 0.000000000e+00
8.330075436e-01 -5.532616310e-01 0.000000000e+00 -1.840939503e+00 5.532616310e-01 8.330075436e-01 0.000000000e+00 6.291375569e+00 0.000000000e+00 0.000000000e+00 1.000000000e+00 0.000000000e+00
8.330075436e-01 -5.532616310e-01 0.000000000e+00 -1.840939503e+00 5.532616310e-01 8.330075436e-01 0.000000000e+00 6.291375569e+00 0.000000000e+00 0.000000000e+00 1.000000000e+00 0.000000000e+00
8.330075436e-01 -5.532616310e-01 0.000000000e+00 -1.840939503e+00 5.532616310e-01 8.330075436e-01 0.000000000e+00 6.291375569e+00 0.000000000e+00 0.000000000e+00 1.000000000e+00 0.000000000e+00
8.330075436e-01 -5.532616310e-01 0.000000000e+00 -1.840939503e+00 5.532616310e-01 8.330075436e-01 0.000000000e+00 6.291375569e+00 0.000000000e+00 0.000000000e+00 1.000000000e+00 0.000000000e+00
8.330075436e-01 -5.532616310e-01 0.000000000e+00 -1.840939503e+00 5.532616310e-01 8.330075436e-01 0.000000000e+00 6.291375569e+00 0.000000000e+00 0.000000000e+00 1.000000000e+00 0.000000000e+00
8.330075436e-01 -5.532616310e-01 0.000000000e+00 -1.840939503e+00 5.532616310e-01 8.330075436e-01 0.000000000e+00 6.291375569e+00 0.000000000e+00 0.000000000e+00 1.000000000e+00 0.000000000e+00
8.330075436e-01 -5.532616310e-01 0.000000000e+00 -1.840939503e+00 5.532616310e-01 8.330075436e-01 0.000000000e+00 6.291375569e+00 0.000000000e+00 0.000000000e+00 1.000000000e+00 0.000000000e+00
8.830240879e-01 -4.693276683e-01 0.000000000e+00 -1.953378926e+00 4.693276683e-01 8.830240879e-01 0.000000000e+00 6.499444652e+00 0.000000000e+00 0.000000000e+00 1.000000000e+00 0.000000000e+00
8.830240879e-01 -4.693276683e-01 0.000000000e+00 -1.953378926e+00 4.693276683e-01 8.830240879e-01 0.000000000e+00 6.499444652e+00 0.000000000e+00 0.000000000e+00 1.000000000e+00 0.000000000e+00
8.830240879e-01 -4.693276683e-01 0.000000000e+00 -1.953378926e+00 4.693276683e-01 8.830240879e-01 0.000000000e+00 6.499444652e+00 0.000000000e+00 0.000000000e+00 1.000000000e+00 0.000000000e+00
8.830240879e-01 -4.693276683e-01 0.000000000e+00 -1.953378926e+00 4.693276683e-01 8.830240879e-01 0.000000000e+00 6.499444652e+00 0.000000000e+00 0.000000000e+00 1.000000000e+00 0.000000000e+00
8.830240879e-01 -4.693276683e-01 0.000000000e+00 -1.953378926e+00 4.693276683e-01 8.830240879e-01 0.000000000e+00 6.499444652e+00 0.000000000e+00 0.000000000e+00 1.000000000e+00 0.000000000e+00
8.830240879e-01 -4.693276683e-01 0.000000000e+00 -1.953378926e+00 4.693276683e-01 8.830240879e-01 0.000000000e+00 6.499444652e+00 0.000000000e+00 0.000000000e+00 1.000000000e+00 0.000000000e+00
8.830240879e-01 -4.693276683e-01 0.000000000e+00 -1.953378926e+00 4.693276683e-01 8.830240879e-01 0.000000000e+00 6.499444652e+00 0.000000000e+00 0.000000000e+00 1.000000000e+00 0.000000000e+00
8.830240879e-01 -4.693276683e-01 0.000000000e+00 -1.953378926e+00 4.693276683e-01 8.830240879e-01 0.000000000e+00 6.499444652e+00 0.000000000e+00 0.000000000e+00 1.000000000e+00 0.000000000e+00
8.830240879e-01 -4.693276683e-01 0.000000000e+00 -1.953378926e+00 4.693276683e-01 8.830240879e-01 0.000000000e+00 6.499444652e+00 0.000000000e+00 0.000000000e+00 1.000000000e+00 0.000000000e+00
9.080819883e-01 -4.187924337e-01 0.000000000e+00 -2.101487694e+00 4.187924337e-01 9.080819883e-01 0.000000000e+00 6.732069566e+00 0.000000000e+00 0.000000000e+00 1.000000000e+00 0.000000000e+00
9.080819883e-01 -4.187924337e-01 0.000000000e+00 -2.101487694e+00 4.187924337e-01 9.080819883e-01 0.000000000e+00 6.732069566e+00 0.000000000e+00 0.000000000e+00 1.000000000e+00 0.000000000e+00
9.080819883e-01 -4.187924337e-01 0.000000000e+00 -2.101487694e+00 4.187924337e-01 9.080819883e-01 0.000000000e+00 6.732069566e+00 0.000000000e+00 0.000000000e+00 1.000000000e+00 0.000000000e+00
9.080819883e-01 -4.187924337e-01 0.000000000e+00 -2.101487694e+00 4.187924337e-01 9.080819883e-01 0.000000000e+00 6.732069566e+00 0.000000000e+00 0.000000000e+00 1.000000000e+00 0.000000000e+00
9.080819883e-01 -4.187924337e-01 0.000000000e+00 -2.101487694e+00 4.187924337e-01 9.080819883e-01 0.000000000e+00 6.732069566e+00 0.000000000e+00 0.000000000e+00 1.000000000e+00 0.000000000e+00
9.080819883e-01 -4.187924337e-01 0.000000000e+00 -2.101487694e+00 4.187924337e-01 9.080819883e-01 0.000000000e+00 6.732069566e+00 0.000000000e+00 0.000000000e+00 1.000000000e+00 0.000000000e+00
9.080819883e-01 -4.187924337e-01 0.000000000e+00 -2.101487694e+00 4.187924337e-01 9.080819883e-01 0.000000000e+00 6.732069566e+00 0.000000000e+00 0.000000000e+00 1.000000000e+00 0.000000000e+00
9.080819883e-01 -4.187924337e-01 0.000000000e+00 -2.101487694e+00 4.187924337e-01 9.080819883e-01 0.000000000e+00 6.732069566e+00 0.000000000e+00 0.000000000e+00 1.000000000e+00 0.000000000e+00
9.080819883e-01 -4.187924337e-01 0.000000000e+00 -2.101487694e+00 4.187924337e-01 9.080819883e-01 0.000000000e+00 6.732069566e+00 0.000000000e+00 0.000000000e+00 1.000000000e+00 0.000000000e+00
8.611615375e-01 -5.083313942e-01 0.000000000e+00 -2.206655625e+00 5.083313942e-01 8.611615375e-01 0.000000000e+00 6.953663392e+00 0.000000000e+00 0.000000000e+00 1.000000000e+00 0.000000000e+00
8.611615375e-01 -5.083313942e-01 0.000000000e+00 -2.206655625e+00 5.083313942e-01 8.611615375e-01 0.000000000e+00 6.953663392e+00 0.000000000e+00 0.000000000e+00 1.000000000e+00 0.000000000e+00
8.611615375e-01 -5.083313942e-01 0.000000000e+00 -2.206655625e+00 5.083313942e-01 8.611615375e-01 0.000000000e+00 6.953663392e+00 0.000000000e+00 0.000000000e+00 1.000000000e+00 0.000000000e+00
