1.000000000e+00 0.000000000e+00 0.000000000e+00 0.000000000e+00 0.000000000e+00 1.000000000e+00 0.000000000e+00 0.000000000e+00 0.000000000e+00 0.000000000e+00 1.000000000e+00 0.000000000e+00
9.860347712e-01 -1.665395750e-01 0.000000000e+00 8.602427895e-01 1.665395750e-01 9.860347712e-01 0.000000000e+00 8.807020531e-02 0.000000000e+00 0.000000000e+00 1.000000000e+00 0.000000000e+00
9.441651122e-01 -3.294726710e-01 0.000000000e+00 1.724116768e+00 3.294726710e-01 9.441651122e-01 0.000000000e+00 3.189196842e-01 0.000000000e+00 0.000000000e+00 1.000000000e+00 0.000000000e+00
8.800980737e-01 -4.747919340e-01 0.000000000e+00 2.516087612e+00 4.747919340e-01 8.800980737e-01 0.000000000e+00 6.693973795e-01 0.000000000e+00 0.000000000e+00 1.000000000e+00 0.000000000e+00
7.881247959e-01 -6.155154799e-01 0.000000000e+00 3.262063264e+00 6.155154799e-01 7.881247959e-01 0.000000000e+00 1.166199171e+00 0.000000000e+00 0.000000000e+00 1.000000000e+00 0.000000000e+00
6.650586503e-01 -7.467911298e-01 0.000000000e+00 3.944357469e+00 7.467911298e-01 6.650586503e-01 0.000000000e+00 1.822450651e+00 0.000000000e+00 0.000000000e+00 1.000000000e+00 0.000000000e+00
5.206924672e-01 -8.537443145e-01 0.000000000e+00 4.500804154e+00 8.537443145e-01 5.206924672e-01 0.000000000e+00 2.596012684e+00 0.000000000e+00 0.000000000e+00 1.000000000e+00 0.000000000e+00
3.645444367e-01 -9.311859931e-01 0.000000000e+00 4.900306454e+00 9.311859931e-01 3.645444367e-01 0.000000000e+00 3.422853966e+00 0.000000000e+00 0.000000000e+00 1.000000000e+00 0.000000000e+00
1.881093249e-01 -9.821480957e-01 0.000000000e+00 5.140164978e+00 9.821480957e-01 1.881093249e-01 0.000000000e+00 4.339698571e+00 0.000000000e+00 0.000000000e+00 1.000000000e+00 0.000000000e+00
1.188673406e-02 -9.999293503e-01 0.000000000e+00 5.208073132e+00 9.999293503e-01 1.188673406e-02 0.000000000e+00 5.189226258e+00 0.000000000e+00 0.000000000e+00 1.000000000e+00 0.000000000e+00
-1.560036425e-01 -9.877564799e-01 0.000000000e+00 5.158885212e+00 9.877564799e-01 -1.560036425e-01 0.000000000e+00 6.076602576e+00 0.000000000e+00 0.000000000e+00 1.000000000e+00 0.000000000e+00
-3.205290365e-01 -9.472386905e-01 0.000000000e+00 4.923725460e+00 9.472386905e-01 -3.205290365e-01 0.000000000e+00 6.957659414e+00 0.000000000e+00 0.000000000e+00 1.000000000e+00 0.000000000e+00
-4.750540507e-01 -8.799566177e-01 0.000000000e+00 4.575982168e+00 8.799566177e-01 -4.750540507e-01 0.000000000e+00 7.756385714e+00 0.000000000e+00 0.000000000e+00 1.000000000e+00 0.000000000e+00
-6.256818398e-01 -7.800783521e-01 0.000000000e+00 4.087775080e+00 7.800783521e-01 -6.256818398e-01 0.000000000e+00 8.464413907e+00 0.000000000e+00 0.000000000e+00 1.000000000e+00 0.000000000e+00
-7.489205055e-01 -6.626598497e-01 0.000000000e+00 3.456982905e+00 6.626598497e-01 -7.489205055e-01 0.000000000e+00 9.103530462e+00 0.000000000e+00 0.000000000e+00 1.000000000e+00 0.000000000e+00
-8.583706652e-01 -5.130300196e-01 0.000000000e+00 2.688207019e+00 5.130300196e-01 -8.583706652e-01 0.000000000e+00 9.649592030e+00 0.000000000e+00 0.000000000e+00 1.000000000e+00 0.000000000e+00
-9.348042771e-01 -3.551632913e-01 0.000000000e+00 1.864119154e+00 3.551632913e-01 -9.348042771e-01 0.000000000e+00 9.998983530e+00 0.000000000e+00 0.000000000e+00 1.000000000e+00 0.000000000e+00
-9.824080367e-01 -1.867470198e-01 0.000000000e+00 9.897641760e-01 1.867470198e-01 -9.824080367e-01 0.000000000e+00 1.024036140e+01 0.000000000e+00 0.000000000e+00 1.000000000e+00 0.000000000e+00
-9.998847847e-01 -1.517950489e-02 0.000000000e+00 8.964667212e-02 1.517950489e-02 -9.998847847e-01 0.000000000e+00 1.032791711e+01 0.000000000e+00 0.000000000e+00 1.000000000e+00 0.000000000e+00
-9.855912427e-01 1.691446194e-01 0.000000000e+00 -8.762101313e-01 -1.691446194e-01 -9.855912427e-01 0.000000000e+00 1.023046687e+01 0.000000000e+00 0.000000000e+00 1.000000000e+00 0.000000000e+00
-9.425093200e-01 3.341798643e-01 0.000000000e+00 -1.747491640e+00 -3.341798643e-01 -9.425093200e-01 0.000000000e+00 1.000031594e+01 0.000000000e+00 0.000000000e+00 1.000000000e+00 0.000000000e+00
-8.752124492e-01 4.837387402e-01 0.000000000e+00 -2.559845330e+00 -4.837387402e-01 -8.752124492e-01 0.000000000e+00 9.646682033e+00 0.000000000e+00 0.000000000e+00 1.000000000e+00 0.000000000e+00
-7.635149950e-01 6.457900994e-01 0.000000000e+00 -3.352007323e+00 -6.457900994e-01 -7.635149950e-01 0.000000000e+00 9.096813928e+00 0.000000000e+00 0.000000000e+00 1.000000000e+00 0.000000000e+00
-6.155124814e-01 7.881271377e-01 0.000000000e+00 -4.031914761e+00 -7.881271377e-01 -6.155124814e-01 0.000000000e+00 8.392905975e+00 0.000000000e+00 0.000000000e+00 1.000000000e+00 0.000000000e+00
-4.452950137e-01 8.953839125e-01 0.000000000e+00 -4.546322947e+00 -8.953839125e-01 -4.452950137e-01 0.000000000e+00 7.544785578e+00 0.000000000e+00 0.000000000e+00 1.000000000e+00 0.000000000e+00
-3.052833553e-01 9.522615570e-01 0.000000000e+00 -4.838209174e+00 -9.522615570e-01 -3.052833553e-01 0.000000000e+00 6.776411668e+00 0.000000000e+00 0.000000000e+00 1.000000000e+00 0.000000000e+00
-1.347900305e-01 9.908741836e-01 0.000000000e+00 -5.049838565e+00 -9.908741836e-01 -1.347900305e-01 0.000000000e+00 5.882875641e+00 0.000000000e+00 0.000000000e+00 1.000000000e+00 0.000000000e+00
4.523275630e-02 9.989764751e-01 0.000000000e+00 -5.091025435e+00 -9.989764751e-01 4.523275630e-02 0.000000000e+00 4.945148084e+00 0.000000000e+00 0.000000000e+00 1.000000000e+00 0.000000000e+00
2.162634300e-01 9.763350495e-01 0.000000000e+00 -4.977175095e+00 -9.763350495e-01 2.162634300e-01 0.000000000e+00 4.024824686e+00 0.000000000e+00 0.000000000e+00 1.000000000e+00 0.000000000e+00
3.893354182e-01 9.210960494e-01 0.000000000e+00 -4.710292953e+00 -9.210960494e-01 3.893354182e-01 0.000000000e+00 3.168850880e+00 0.000000000e+00 0.000000000e+00 1.000000000e+00 0.000000000e+00
5.471418673e-01 8.370398898e-01 0.000000000e+00 -4.281209074e+00 -8.370398898e-01 5.471418673e-01 0.000000000e+00 2.332829455e+00 0.000000000e+00 0.000000000e+00 1.000000000e+00 0.000000000e+00
6.728290737e-01 7.397979708e-01 0.000000000e+00 -3.829502849e+00 -7.397979708e-01 6.728290737e-01 0.000000000e+00 1.676584417e+00 0.000000000e+00 0.000000000e+00 1.000000000e+00 0.000000000e+00
7.896614476e-01 6.135428250e-01 0.000000000e+00 -3.231189377e+00 -6.135428250e-01 7.896614476e-01 0.000000000e+00 1.073896434e+00 0.000000000e+00 0.000000000e+00 1.000000000e+00 0.000000000e+00
8.770209635e-01 4.804521096e-01 0.000000000e+00 -2.544182718e+00 -4.804521096e-01 8.770209635e-01 0.000000000e+00 6.407241814e-01 0.000000000e+00 0.000000000e+00 1.000000000e+00 0.000000000e+00
9.478541391e-01 3.187044571e-01 0.000000000e+00 -1.720721935e+00 -3.187044571e-01 9.478541391e-01 0.000000000e+00 2.688596560e-01 0.000000000e+00 0.000000000e+00 1.000000000e+00 0.000000000e+00
9.849035580e-01 1.731039614e-01 0.000000000e+00 -9.071718236e-01 -1.731039614e-01 9.849035580e-01 0.000000000e+00 6.895720189e-02 0.000000000e+00 0.000000000e+00 1.000000000e+00 0.000000000e+00
9.999979165e-01 -2.041346411e-03 0.000000000e+00 2.591121094e-04 2.041346411e-03 9.999979165e-01 0.000000000e+00 1.557772622e-04 0.000000000e+00 0.000000000e+00 1.000000000e+00 0.000000000e+00
