1.000000000e+00 0.000000000e+00 0.000000000e+00 0.000000000e+00 0.000000000e+00 1.000000000e+00 0.000000000e+00 0.000000000e+00 0.000000000e+00 0.000000000e+00 1.000000000e+00 0.000000000e+00
9.982458702e-01 -5.920458285e-02 0.000000000e+00 2.794401417e-01 5.920458285e-02 9.982458702e-01 0.000000000e+00 1.344905554e-02 0.000000000e+00 0.000000000e+00 1.000000000e+00 0.000000000e+00
9.942217524e-01 -1.073457362e-01 0.000000000e+00 5.099456712e-01 1.073457362e-01 9.942217524e-01 0.000000000e+00 3.169668884e-02 0.000000000e+00 0.000000000e+00 1.000000000e+00 0.000000000e+00
9.868610834e-01 -1.615710434e-01 0.000000000e+00 7.815099475e-01 1.615710434e-01 9.868610834e-01 0.000000000e+00 7.084125210e-02 0.000000000e+00 0.000000000e+00 1.000000000e+00 0.000000000e+00
9.746051760e-01 -2.239302366e-01 0.000000000e+00 1.081057024e+00 2.239302366e-01 9.746051760e-01 0.000000000e+00 1.301720845e-01 0.000000000e+00 0.000000000e+00 1.000000000e+00 0.000000000e+00
9.565419962e-01 -2.915945979e-01 0.000000000e+00 1.397539921e+00 2.915945979e-01 9.565419962e-01 0.000000000e+00 2.086973276e-01 0.000000000e+00 0.000000000e+00 1.000000000e+00 0.000000000e+00
9.405895346e-01 -3.395457664e-01 0.000000000e+00 1.646394837e+00 3.395457664e-01 9.405895346e-01 0.000000000e+00 2.997961716e-01 0.000000000e+00 0.000000000e+00 1.000000000e+00 0.000000000e+00
9.153113291e-01 -4.027470309e-01 0.000000000e+00 1.954050641e+00 4.027470309e-01 9.153113291e-01 0.000000000e+00 4.262834078e-01 0.000000000e+00 0.000000000e+00 1.000000000e+00 0.000000000e+00
8.893168542e-01 -4.572915185e-01 0.000000000e+00 2.221034296e+00 4.572915185e-01 8.893168542e-01 0.000000000e+00 5.605134617e-01 0.000000000e+00 0.000000000e+00 1.000000000e+00 0.000000000e+00
8.608258064e-01 -5.088997260e-01 0.000000000e+00 2.459082050e+00 5.088997260e-01 8.608258064e-01 0.000000000e+00 6.961193083e-01 0.000000000e+00 0.000000000e+00 1.000000000e+00 0.000000000e+00
8.327203615e-01 -5.536937778e-01 0.000000000e+00 2.687781769e+00 5.536937778e-01 8.327203615e-01 0.000000000e+00 8.386240699e-01 0.000000000e+00 0.000000000e+00 1.000000000e+00 0.000000000e+00
7.977666639e-01 -6.029662926e-01 0.000000000e+00 2.932935343e+00 6.029662926e-01 7.977666639e-01 0.000000000e+00 1.007113642e+00 0.000000000e+00 0.000000000e+00 1.000000000e+00 0.000000000e+00
7.602540686e-01 -6.496258548e-01 0.000000000e+00 3.162255826e+00 6.496258548e-01 7.602540686e-01 0.000000000e+00 1.189215257e+00 0.000000000e+00 0.000000000e+00 1.000000000e+00 0.000000000e+00
7.268437489e-01 -6.868028573e-01 0.000000000e+00 3.346204263e+00 6.868028573e-01 7.268437489e-01 0.000000000e+00 1.345822835e+00 0.000000000e+00 0.000000000e+00 1.000000000e+00 0.000000000e+00
6.830171103e-01 -7.304023733e-01 0.000000000e+00 3.547537208e+00 7.304023733e-01 6.830171103e-01 0.000000000e+00 1.564742263e+00 0.000000000e+00 0.000000000e+00 1.000000000e+00 0.000000000e+00
6.480369917e-01 -7.616088611e-01 0.000000000e+00 3.695342478e+00 7.616088611e-01 6.480369917e-01 0.000000000e+00 1.738930824e+00 0.000000000e+00 0.000000000e+00 1.000000000e+00 0.000000000e+00
6.095015246e-01 -7.927848961e-01 0.000000000e+00 3.851716653e+00 7.927848961e-01 6.095015246e-01 0.000000000e+00 1.916583328e+00 0.000000000e+00 0.000000000e+00 1.000000000e+00 0.000000000e+00
5.671074743e-01 -8.236438020e-01 0.000000000e+00 4.000774161e+00 8.236438020e-01 5.671074743e-01 0.000000000e+00 2.128269012e+00 0.000000000e+00 0.000000000e+00 1.000000000e+00 0.000000000e+00
5.193885115e-01 -8.545382227e-01 0.000000000e+00 4.143788797e+00 8.545382227e-01 5.193885115e-01 0.000000000e+00 2.360063999e+00 0.000000000e+00 0.000000000e+00 1.000000000e+00 0.000000000e+00
4.670043949e-01 -8.842549944e-01 0.000000000e+00 4.272943196e+00 8.842549944e-01 4.670043949e-01 0.000000000e+00 2.600119360e+00 0.000000000e+00 0.000000000e+00 1.000000000e+00 0.000000000e+00
4.149280219e-01 -9.098542392e-01 0.000000000e+00 4.401886823e+00 9.098542392e-01 4.149280219e-01 0.000000000e+00 2.857727136e+00 0.000000000e+00 0.000000000e+00 1.000000000e+00 0.000000000e+00
3.679852242e-01 -9.298316378e-01 0.000000000e+00 4.502105630e+00 9.298316378e-01 3.679852242e-01 0.000000000e+00 3.096170549e+00 0.000000000e+00 0.000000000e+00 1.000000000e+00 0.000000000e+00
2.997269242e-01 -9.540250368e-01 0.000000000e+00 4.622250516e+00 9.540250368e-01 2.997269242e-01 0.000000000e+00 3.418779462e+00 0.000000000e+00 0.000000000e+00 1.000000000e+00 0.000000000e+00
2.534216945e-01 -9.673559039e-01 0.000000000e+00 4.687316597e+00 9.673559039e-01 2.534216945e-01 0.000000000e+00 3.649603985e+00 0.000000000e+00 0.000000000e+00 1.000000000e+00 0.000000000e+00
1.985116892e-01 -9.800985202e-01 0.000000000e+00 4.737391865e+00 9.800985202e-01 1.985116892e-01 0.000000000e+00 3.930992984e+00 0.000000000e+00 0.000000000e+00 1.000000000e+00 0.000000000e+00
1.444996596e-01 -9.895048501e-01 0.000000000e+00 4.794573538e+00 9.895048501e-01 1.444996596e-01 0.000000000e+00 4.195219903e+00 0.000000000e+00 0.000000000e+00 1.000000000e+00 0.000000000e+00
9.582353154e-02 -9.953983378e-01 0.000000000e+00 4.812076376e+00 9.953983378e-01 9.582353154e-02 0.000000000e+00 4.430769491e+00 0.000000000e+00 0.000000000e+00 1.000000000e+00 0.000000000e+00
2.591296337e-02 -9.996642028e-01 0.000000000e+00 4.850866495e+00 9.996642028e-01 2.591296337e-02 0.000000000e+00 4.755448761e+00 0.000000000e+00 0.000000000e+00 1.000000000e+00 0.000000000e+00
-3.054981697e-02 -9.995332454e-01 0.000000000e+00 4.843102724e+00 9.995332454e-01 -3.054981697e-02 0.000000000e+00 5.043152621e+00 0.000000000e+00 0.000000000e+00 1.000000000e+00 0.000000000e+00
-9.727052049e-02 -9.952579795e-01 0.000000000e+00 4.823324535e+00 9.952579795e-01 -9.727052049e-02 0.000000000e+00 5.358710109e+00 0.000000000e+00 0.000000000e+00 1.000000000e+00 0.000000000e+00
-1.650894544e-01 -9.862785976e-01 0.000000000e+00 4.790042620e+00 9.862785976e-01 -1.650894544e-01 0.000000000e+00 5.670189230e+00 0.000000000e+00 0.000000000e+00 1.000000000e+00 0.000000000e+00
-2.166215827e-01 -9.762556478e-01 0.000000000e+00 4.738927878e+00 9.762556478e-01 -2.166215827e-01 0.000000000e+00 5.922136123e+00 0.000000000e+00 0.000000000e+00 1.000000000e+00 0.000000000e+00
-2.610730275e-01 -9.653190531e-01 0.000000000e+00 4.681916728e+00 9.653190531e-01 -2.610730275e-01 0.000000000e+00 6.148899623e+00 0.000000000e+00 0.000000000e+00 1.000000000e+00 0.000000000e+00
-3.049994755e-01 -9.523525187e-01 0.000000000e+00 4.613310637e+00 9.523525187e-01 -3.049994755e-01 0.000000000e+00 6.367003874e+00 0.000000000e+00 0.000000000e+00 1.000000000e+00 0.000000000e+00
-3.391598344e-01 -9.407287636e-01 0.000000000e+00 4.560296490e+00 9.407287636e-01 -3.391598344e-01 0.000000000e+00 6.590631591e+00 0.000000000e+00 0.000000000e+00 1.000000000e+00 0.000000000e+00
-3.832778099e-01 -9.236331092e-01 0.000000000e+00 4.472349944e+00 9.236331092e-01 -3.832778099e-01 0.000000000e+00 6.820233121e+00 0.000000000e+00 0.000000000e+00 1.000000000e+00 0.000000000e+00
-4.363610001e-01 -8.997716808e-01 0.000000000e+00 4.358280341e+00 8.997716808e-01 -4.363610001e-01 0.000000000e+00 7.085769618e+00 0.000000000e+00 0.000000000e+00 1.000000000e+00 0.000000000e+00
-4.883476565e-01 -8.726491657e-01 0.000000000e+00 4.238206678e+00 8.726491657e-01 -4.883476565e-01 0.000000000e+00 7.343536113e+00 0.000000000e+00 0.000000000e+00 1.000000000e+00 0.000000000e+00
-5.413256072e-01 -8.408130512e-01 0.000000000e+00 4.079903805e+00 8.408130512e-01 -5.413256072e-01 0.000000000e+00 7.597516070e+00 0.000000000e+00 0.000000000e+00 1.000000000e+00 0.000000000e+00
-5.575027807e-01 -8.301750716e-01 0.000000000e+00 3.979821615e+00 8.301750716e-01 -5.575027807e-01 0.000000000e+00 7.739468452e+00 0.000000000e+00 0.000000000e+00 1.000000000e+00 0.000000000e+00
-6.032810062e-01 -7.975287001e-01 0.000000000e+00 3.823643981e+00 7.975287001e-01 -6.032810062e-01 0.000000000e+00 7.957305928e+00 0.000000000e+00 0.000000000e+00 1.000000000e+00 0.000000000e+00
-6.430739820e-01 -7.658040569e-01 0.000000000e+00 3.647742447e+00 7.658040569e-01 -6.430739820e-01 0.000000000e+00 8.167566366e+00 0.000000000e+00 0.000000000e+00 1.000000000e+00 0.000000000e+00
-6.894445360e-01 -7.243384788e-01 0.000000000e+00 3.461230238e+00 7.243384788e-01 -6.894445360e-01 0.000000000e+00 8.359568889e+00 0.000000000e+00 0.000000000e+00 1.000000000e+00 0.000000000e+00
-7.276661861e-01 -6.859314263e-01 0.000000000e+00 3.267200251e+00 6.859314263e-01 -7.276661861e-01 0.000000000e+00 8.550583092e+00 0.000000000e+00 0.000000000e+00 1.000000000e+00 0.000000000e+00
-7.601002985e-01 -6.498057681e-01 0.000000000e+00 3.070360428e+00 6.498057681e-01 -7.601002985e-01 0.000000000e+00 8.729468611e+00 0.000000000e+00 0.000000000e+00 1.000000000e+00 0.000000000e+00
-7.945067746e-01 -6.072552882e-01 0.000000000e+00 2.861365415e+00 6.072552882e-01 -7.945067746e-01 0.000000000e+00 8.889558334e+00 0.000000000e+00 0.000000000e+00 1.000000000e+00 0.000000000e+00
-8.207499193e-01 -5.712876421e-01 0.000000000e+00 2.672417373e+00 5.712876421e-01 -8.207499193e-01 0.000000000e+00 9.028825858e+00 0.000000000e+00 0.000000000e+00 1.000000000e+00 0.000000000e+00
-8.494436679e-01 -5.276793108e-01 0.000000000e+00 2.457074007e+00 5.276793108e-01 -8.494436679e-01 0.000000000e+00 9.177321251e+00 0.000000000e+00 0.000000000e+00 1.000000000e+00 0.000000000e+00
-8.854355030e-01 -4.647622727e-01 0.000000000e+00 2.156358739e+00 4.647622727e-01 -8.854355030e-01 0.000000000e+00 9.353415145e+00 0.000000000e+00 0.000000000e+00 1.000000000e+00 0.000000000e+00
-9.126896212e-01 -4.086534661e-01 0.000000000e+00 1.889800385e+00 4.086534661e-01 -9.126896212e-01 0.000000000e+00 9.485000709e+00 0.000000000e+00 0.000000000e+00 1.000000000e+00 0.000000000e+00
-9.294164231e-01 -3.690326714e-01 0.000000000e+00 1.680431694e+00 3.690326714e-01 -9.294164231e-01 0.000000000e+00 9.568352928e+00 0.000000000e+00 0.000000000e+00 1.000000000e+00 0.000000000e+00
-9.506936210e-01 -3.101316479e-01 0.000000000e+00 1.394245104e+00 3.101316479e-01 -9.506936210e-01 0.000000000e+00 9.668055924e+00 0.000000000e+00 0.000000000e+00 1.000000000e+00 0.000000000e+00
-9.654771273e-01 -2.604878437e-01 0.000000000e+00 1.135722770e+00 2.604878437e-01 -9.654771273e-01 0.000000000e+00 9.742977953e+00 0.000000000e+00 0.000000000e+00 1.000000000e+00 0.000000000e+00
-9.797465186e-01 -2.002417523e-01 0.000000000e+00 8.202263851e-01 2.002417523e-01 -9.797465186e-01 0.000000000e+00 9.827496742e+00 0.000000000e+00 0.000000000e+00 1.000000000e+00 0.000000000e+00
-9.899050697e-01 -1.417319756e-01 0.000000000e+00 5.388761018e-01 1.417319756e-01 -9.899050697e-01 0.000000000e+00 9.876692748e+00 0.000000000e+00 0.000000000e+00 1.000000000e+00 0.000000000e+00
-9.965217507e-01 -8.333306912e-02 0.000000000e+00 2.580669069e-01 8.333306912e-02 -9.965217507e-01 0.000000000e+00 9.899147832e+00 0.000000000e+00 0.000000000e+00 1.000000000e+00 0.000000000e+00
-9.997028138e-01 -2.437794287e-02 0.000000000e+00 -3.189921698e-02 2.437794287e-02 -9.997028138e-01 0.000000000e+00 9.919567632e+00 0.000000000e+00 0.000000000e+00 1.000000000e+00 0.000000000e+00
-9.995753336e-01 2.914022068e-02 0.000000000e+00 -2.960647832e-01 -2.914022068e-02 -9.995753336e-01 0.000000000e+00 9.918636939e+00 0.000000000e+00 0.000000000e+00 1.000000000e+00 0.000000000e+00
-9.965992132e-01 8.240150619e-02 0.000000000e+00 -5.417903913e-01 -8.240150619e-02 -9.965992132e-01 0.000000000e+00 9.892093010e+00 0.000000000e+00 0.000000000e+00 1.000000000e+00 0.000000000e+00
-9.905029064e-01 1.374917902e-01 0.000000000e+00 -8.106049691e-01 -1.374917902e-01 -9.905029064e-01 0.000000000e+00 9.870502538e+00 0.000000000e+00 0.000000000e+00 1.000000000e+00 0.000000000e+00
-9.824758234e-01 1.863900654e-01 0.000000000e+00 -1.057227078e+00 -1.863900654e-01 -9.824758234e-01 0.000000000e+00 9.819231345e+00 0.000000000e+00 0.000000000e+00 1.000000000e+00 0.000000000e+00
-9.699463709e-01 2.433187982e-01 0.000000000e+00 -1.334024152e+00 -2.433187982e-01 -9.699463709e-01 0.000000000e+00 9.759250144e+00 0.000000000e+00 0.000000000e+00 1.000000000e+00 0.000000000e+00
-9.547837360e-01 2.973012234e-01 0.000000000e+00 -1.577121624e+00 -2.973012234e-01 -9.547837360e-01 0.000000000e+00 9.696188313e+00 0.000000000e+00 0.000000000e+00 1.000000000e+00 0.000000000e+00
-9.359209420e-01 3.522101509e-01 0.000000000e+00 -1.816697155e+00 -3.522101509e-01 -9.359209420e-01 0.000000000e+00 9.612887944e+00 0.000000000e+00 0.000000000e+00 1.000000000e+00 0.000000000e+00
-9.142040885e-01 4.052540988e-01 0.000000000e+00 -2.044864031e+00 -4.052540988e-01 -9.142040885e-01 0.000000000e+00 9.535939932e+00 0.000000000e+00 0.000000000e+00 1.000000000e+00 0.000000000e+00
-8.712521501e-01 4.908357066e-01 0.000000000e+00 -2.397742740e+00 -4.908357066e-01 -8.712521501e-01 0.000000000e+00 9.357676241e+00 0.000000000e+00 0.000000000e+00 1.000000000e+00 0.000000000e+00
-8.411424535e-01 5.408136213e-01 0.000000000e+00 -2.650682097e+00 -5.408136213e-01 -8.411424535e-01 0.000000000e+00 9.188547450e+00 0.000000000e+00 0.000000000e+00 1.000000000e+00 0.000000000e+00
-8.074488725e-01 5.899375546e-01 0.000000000e+00 -2.882324097e+00 -5.899375546e-01 -8.074488725e-01 0.000000000e+00 9.021481690e+00 0.000000000e+00 0.000000000e+00 1.000000000e+00 0.000000000e+00
-7.719078010e-01 6.357344940e-01 0.000000000e+00 -3.126918802e+00 -6.357344940e-01 -7.719078010e-01 0.000000000e+00 8.843377185e+00 0.000000000e+00 0.000000000e+00 1.000000000e+00 0.000000000e+00
-7.310760443e-01 6.822959896e-01 0.000000000e+00 -3.360369518e+00 -6.822959896e-01 -7.310760443e-01 0.000000000e+00 8.647383819e+00 0.000000000e+00 0.000000000e+00 1.000000000e+00 0.000000000e+00
-6.822107988e-01 7.311555416e-01 0.000000000e+00 -3.596983960e+00 -7.311555416e-01 -6.822107988e-01 0.000000000e+00 8.413273744e+00 0.000000000e+00 0.000000000e+00 1.000000000e+00 0.000000000e+00
-6.264244452e-01 7.794821451e-01 0.000000000e+00 -3.837596633e+00 -7.794821451e-01 -6.264244452e-01 0.000000000e+00 8.153182394e+00 0.000000000e+00 0.000000000e+00 1.000000000e+00 0.000000000e+00
-5.779172986e-01 8.160953351e-01 0.000000000e+00 -4.021261481e+00 -8.160953351e-01 -5.779172986e-01 0.000000000e+00 7.899338052e+00 0.000000000e+00 0.000000000e+00 1.000000000e+00 0.000000000e+00
-5.309923737e-01 8.473765981e-01 0.000000000e+00 -4.160046419e+00 -8.473765981e-01 -5.309923737e-01 0.000000000e+00 7.689348512e+00 0.000000000e+00 0.000000000e+00 1.000000000e+00 0.000000000e+00
-4.737138178e-01 8.806788398e-01 0.000000000e+00 -4.313063741e+00 -8.806788398e-01 -4.737138178e-01 0.000000000e+00 7.424847996e+00 0.000000000e+00 0.000000000e+00 1.000000000e+00 0.000000000e+00
-4.279647676e-01 9.037954181e-01 0.000000000e+00 -4.423965765e+00 -9.037954181e-01 -4.279647676e-01 0.000000000e+00 7.193067937e+00 0.000000000e+00 0.000000000e+00 1.000000000e+00 0.000000000e+00
-3.784791728e-01 9.256098075e-01 0.000000000e+00 -4.533990939e+00 -9.256098075e-01 -3.784791728e-01 0.000000000e+00 6.958240692e+00 0.000000000e+00 0.000000000e+00 1.000000000e+00 0.000000000e+00
-3.138895676e-01 9.494594985e-01 0.000000000e+00 -4.649882021e+00 -9.494594985e-01 -3.138895676e-01 0.000000000e+00 6.640426754e+00 0.000000000e+00 0.000000000e+00 1.000000000e+00 0.000000000e+00
-2.690232597e-01 9.631336801e-01 0.000000000e+00 -4.713435578e+00 -9.631336801e-01 -2.690232597e-01 0.000000000e+00 6.415133791e+00 0.000000000e+00 0.000000000e+00 1.000000000e+00 0.000000000e+00
-2.084556810e-01 9.780318139e-01 0.000000000e+00 -4.778657010e+00 -9.780318139e-01 -2.084556810e-01 0.000000000e+00 6.132734280e+00 0.000000000e+00 0.000000000e+00 1.000000000e+00 0.000000000e+00
-1.519413259e-01 9.883895151e-01 0.000000000e+00 -4.825096037e+00 -9.883895151e-01 -1.519413259e-01 0.000000000e+00 5.865322840e+00 0.000000000e+00 0.000000000e+00 1.000000000e+00 0.000000000e+00
