1.000000000e+00 0.000000000e+00 0.000000000e+00 0.000000000e+00 0.000000000e+00 1.000000000e+00 0.000000000e+00 0.000000000e+00 0.000000000e+00 0.000000000e+00 1.000000000e+00 0.000000000e+00
9.980666167e-01 -6.215326711e-02 0.000000000e+00 1.003569211e-02 6.215326711e-02 9.980666167e-01 0.000000000e+00 2.861893667e-01 0.000000000e+00 0.000000000e+00 1.000000000e+00 0.000000000e+00
9.920558309e-01 -1.257983637e-01 0.000000000e+00 -1.218468781e-02 1.257983637e-01 9.920558309e-01 0.000000000e+00 5.681131311e-01 0.000000000e+00 0.000000000e+00 1.000000000e+00 0.000000000e+00
9.829034564e-01 -1.841216861e-01 0.000000000e+00 -6.719310189e-02 1.841216861e-01 9.829034564e-01 0.000000000e+00 8.401134833e-01 0.000000000e+00 0.000000000e+00 1.000000000e+00 0.000000000e+00
9.696470099e-01 -2.445090512e-01 0.000000000e+00 -1.427583290e-01 2.445090512e-01 9.696470099e-01 0.000000000e+00 1.113563761e+00 0.000000000e+00 0.000000000e+00 1.000000000e+00 0.000000000e+00
9.519520212e-01 -3.062472030e-01 0.000000000e+00 -2.090413498e-01 3.062472030e-01 9.519520212e-01 0.000000000e+00 1.387171996e+00 0.000000000e+00 0.000000000e+00 1.000000000e+00 0.000000000e+00
9.297230965e-01 -3.682593704e-01 0.000000000e+00 -2.952259533e-01 3.682593704e-01 9.297230965e-01 0.000000000e+00 1.652354651e+00 0.000000000e+00 0.000000000e+00 1.000000000e+00 0.000000000e+00
9.044773109e-01 -4.265217392e-01 0.000000000e+00 -3.984649388e-01 4.265217392e-01 9.044773109e-01 0.000000000e+00 1.924673246e+00 0.000000000e+00 0.000000000e+00 1.000000000e+00 0.000000000e+00
8.762535441e-01 -4.818503153e-01 0.000000000e+00 -5.383928994e-01 4.818503153e-01 8.762535441e-01 0.000000000e+00 2.173551551e+00 0.000000000e+00 0.000000000e+00 1.000000000e+00 0.000000000e+00
8.454641320e-01 -5.340322102e-01 0.000000000e+00 -6.882348200e-01 5.340322102e-01 8.454641320e-01 0.000000000e+00 2.405062723e+00 0.000000000e+00 0.000000000e+00 1.000000000e+00 0.000000000e+00
8.094014857e-01 -5.872556811e-01 0.000000000e+00 -8.485551308e-01 5.872556811e-01 8.094014857e-01 0.000000000e+00 2.644485872e+00 0.000000000e+00 0.000000000e+00 1.000000000e+00 0.000000000e+00
7.709738776e-01 -6.368667679e-01 0.000000000e+00 -1.023748653e+00 6.368667679e-01 7.709738776e-01 0.000000000e+00 2.878051400e+00 0.000000000e+00 0.000000000e+00 1.000000000e+00 0.000000000e+00
7.300741251e-01 -6.833679623e-01 0.000000000e+00 -1.212260511e+00 6.833679623e-01 7.300741251e-01 0.000000000e+00 3.088243241e+00 0.000000000e+00 0.000000000e+00 1.000000000e+00 0.000000000e+00
6.869479961e-01 -7.267065781e-01 0.000000000e+00 -1.414435410e+00 7.267065781e-01 6.869479961e-01 0.000000000e+00 3.272985009e+00 0.000000000e+00 0.000000000e+00 1.000000000e+00 0.000000000e+00
6.386553009e-01 -7.694929543e-01 0.000000000e+00 -1.620195361e+00 7.694929543e-01 6.386553009e-01 0.000000000e+00 3.475593741e+00 0.000000000e+00 0.000000000e+00 1.000000000e+00 0.000000000e+00
5.885623687e-01 -8.084518156e-01 0.000000000e+00 -1.835666129e+00 8.084518156e-01 5.885623687e-01 0.000000000e+00 3.656035191e+00 0.000000000e+00 0.000000000e+00 1.000000000e+00 0.000000000e+00
5.353197700e-01 -8.446494799e-01 0.000000000e+00 -2.065131201e+00 8.446494799e-01 5.353197700e-01 0.000000000e+00 3.823729609e+00 0.000000000e+00 0.000000000e+00 1.000000000e+00 0.000000000e+00
4.837059350e-01 -8.752305801e-01 0.000000000e+00 -2.308084534e+00 8.752305801e-01 4.837059350e-01 0.000000000e+00 3.962136042e+00 0.000000000e+00 0.000000000e+00 1.000000000e+00 0.000000000e+00
4.290214604e-01 -9.032942968e-01 0.000000000e+00 -2.567701607e+00 9.032942968e-01 4.290214604e-01 0.000000000e+00 4.080878353e+00 0.000000000e+00 0.000000000e+00 1.000000000e+00 0.000000000e+00
3.688991675e-01 -9.294694208e-01 0.000000000e+00 -2.827366881e+00 9.294694208e-01 3.688991675e-01 0.000000000e+00 4.186913448e+00 0.000000000e+00 0.000000000e+00 1.000000000e+00 0.000000000e+00
3.101688592e-01 -9.506814812e-01 0.000000000e+00 -3.097357645e+00 9.506814812e-01 3.101688592e-01 0.000000000e+00 4.278122377e+00 0.000000000e+00 0.000000000e+00 1.000000000e+00 0.000000000e+00
2.503630978e-01 -9.681520125e-01 0.000000000e+00 -3.364810713e+00 9.681520125e-01 2.503630978e-01 0.000000000e+00 4.349240447e+00 0.000000000e+00 0.000000000e+00 1.000000000e+00 0.000000000e+00
1.973995374e-01 -9.803231216e-01 0.000000000e+00 -3.637615831e+00 9.803231216e-01 1.973995374e-01 0.000000000e+00 4.354108618e+00 0.000000000e+00 0.000000000e+00 1.000000000e+00 0.000000000e+00
1.364321459e-01 -9.906494181e-01 0.000000000e+00 -3.919778822e+00 9.906494181e-01 1.364321459e-01 0.000000000e+00 4.401076566e+00 0.000000000e+00 0.000000000e+00 1.000000000e+00 0.000000000e+00
7.479141334e-02 -9.971992000e-01 0.000000000e+00 -4.204744852e+00 9.971992000e-01 7.479141334e-02 0.000000000e+00 4.425965169e+00 0.000000000e+00 0.000000000e+00 1.000000000e+00 0.000000000e+00
1.307641588e-02 -9.999145000e-01 0.000000000e+00 -4.490404643e+00 9.999145000e-01 1.307641588e-02 0.000000000e+00 4.431379221e+00 0.000000000e+00 0.000000000e+00 1.000000000e+00 0.000000000e+00
-5.113925288e-02 -9.986915324e-01 0.000000000e+00 -4.777068578e+00 9.986915324e-01 -5.113925288e-02 0.000000000e+00 4.435493705e+00 0.000000000e+00 0.000000000e+00 1.000000000e+00 0.000000000e+00
-1.182512421e-01 -9.929837077e-01 0.000000000e+00 -5.057529687e+00 9.929837077e-01 -1.182512421e-01 0.000000000e+00 4.432170042e+00 0.000000000e+00 0.000000000e+00 1.000000000e+00 0.000000000e+00
-1.799438023e-01 -9.836768921e-01 0.000000000e+00 -5.338041007e+00 9.836768921e-01 -1.799438023e-01 0.000000000e+00 4.373825720e+00 0.000000000e+00 0.000000000e+00 1.000000000e+00 0.000000000e+00
-2.428576853e-01 -9.700619283e-01 0.000000000e+00 -5.615692434e+00 9.700619283e-01 -2.428576853e-01 0.000000000e+00 4.333462440e+00 0.000000000e+00 0.000000000e+00 1.000000000e+00 0.000000000e+00
-3.049321726e-01 -9.523740705e-01 0.000000000e+00 -5.891040591e+00 9.523740705e-01 -3.049321726e-01 0.000000000e+00 4.247296551e+00 0.000000000e+00 0.000000000e+00 1.000000000e+00 0.000000000e+00
-3.624888499e-01 -9.319881081e-01 0.000000000e+00 -6.157174255e+00 9.319881081e-01 -3.624888499e-01 0.000000000e+00 4.153897542e+00 0.000000000e+00 0.000000000e+00 1.000000000e+00 0.000000000e+00
-4.155010330e-01 -9.095927064e-01 0.000000000e+00 -6.384443467e+00 9.095927064e-01 -4.155010330e-01 0.000000000e+00 4.019161091e+00 0.000000000e+00 0.000000000e+00 1.000000000e+00 0.000000000e+00
-4.698966773e-01 -8.827214242e-01 0.000000000e+00 -6.636886607e+00 8.827214242e-01 -4.698966773e-01 0.000000000e+00 3.891047238e+00 0.000000000e+00 0.000000000e+00 1.000000000e+00 0.000000000e+00
-5.234454288e-01 -8.520592016e-01 0.000000000e+00 -6.876436597e+00 8.520592016e-01 -5.234454288e-01 0.000000000e+00 3.750462270e+00 0.000000000e+00 0.000000000e+00 1.000000000e+00 0.000000000e+00
-5.779550352e-01 -8.160686107e-01 0.000000000e+00 -7.117576788e+00 8.160686107e-01 -5.779550352e-01 0.000000000e+00 3.606751648e+00 0.000000000e+00 0.000000000e+00 1.000000000e+00 0.000000000e+00
-6.260423723e-01 -7.797890408e-01 0.000000000e+00 -7.343650925e+00 7.797890408e-01 -6.260423723e-01 0.000000000e+00 3.431068658e+00 0.000000000e+00 0.000000000e+00 1.000000000e+00 0.000000000e+00
-6.746382035e-01 -7.381485584e-01 0.000000000e+00 -7.557275173e+00 7.381485584e-01 -6.746382035e-01 0.000000000e+00 3.245085455e+00 0.000000000e+00 0.000000000e+00 1.000000000e+00 0.000000000e+00
-7.179716566e-01 -6.960723384e-01 0.000000000e+00 -7.754514648e+00 6.960723384e-01 -7.179716566e-01 0.000000000e+00 3.032403497e+00 0.000000000e+00 0.000000000e+00 1.000000000e+00 0.000000000e+00
-7.602330808e-01 -6.496504159e-01 0.000000000e+00 -7.939135828e+00 6.496504159e-01 -7.602330808e-01 0.000000000e+00 2.820801829e+00 0.000000000e+00 0.000000000e+00 1.000000000e+00 0.000000000e+00
-8.001435656e-01 -5.998085315e-01 0.000000000e+00 -8.112002479e+00 5.998085315e-01 -8.001435656e-01 0.000000000e+00 2.600997923e+00 0.000000000e+00 0.000000000e+00 1.000000000e+00 0.000000000e+00
-8.377506636e-01 -5.460529513e-01 0.000000000e+00 -8.283623303e+00 5.460529513e-01 -8.377506636e-01 0.000000000e+00 2.374477129e+00 0.000000000e+00 0.000000000e+00 1.000000000e+00 0.000000000e+00
-8.694792033e-01 -4.939695486e-01 0.000000000e+00 -8.420017568e+00 4.939695486e-01 -8.694792033e-01 0.000000000e+00 2.126919371e+00 0.000000000e+00 0.000000000e+00 1.000000000e+00 0.000000000e+00
-8.989482773e-01 -4.380547850e-01 0.000000000e+00 -8.546843594e+00 4.380547850e-01 -8.989482773e-01 0.000000000e+00 1.861521543e+00 0.000000000e+00 0.000000000e+00 1.000000000e+00 0.000000000e+00
-9.257855953e-01 -3.780489803e-01 0.000000000e+00 -8.674461412e+00 3.780489803e-01 -9.257855953e-01 0.000000000e+00 1.607231118e+00 0.000000000e+00 0.000000000e+00 1.000000000e+00 0.000000000e+00
-9.474225580e-01 -3.199851505e-01 0.000000000e+00 -8.763773902e+00 3.199851505e-01 -9.474225580e-01 0.000000000e+00 1.338146660e+00 0.000000000e+00 0.000000000e+00 1.000000000e+00 0.000000000e+00
-9.648378145e-01 -2.628459467e-01 0.000000000e+00 -8.843176400e+00 2.628459467e-01 -9.648378145e-01 0.000000000e+00 1.069549687e+00 0.000000000e+00 0.000000000e+00 1.000000000e+00 0.000000000e+00
-9.800131946e-01 -1.989324973e-01 0.000000000e+00 -8.927013136e+00 1.989324973e-01 -9.800131946e-01 0.000000000e+00 8.143834674e-01 0.000000000e+00 0.000000000e+00 1.000000000e+00 0.000000000e+00
-9.906847817e-01 -1.361751197e-01 0.000000000e+00 -8.964947122e+00 1.361751197e-01 -9.906847817e-01 0.000000000e+00 5.328937295e-01 0.000000000e+00 0.000000000e+00 1.000000000e+00 0.000000000e+00
-9.971503014e-01 -7.544054878e-02 0.000000000e+00 -8.996249092e+00 7.544054878e-02 -9.971503014e-01 0.000000000e+00 2.483773151e-01 0.000000000e+00 0.000000000e+00 1.000000000e+00 0.000000000e+00
-9.999651357e-01 -8.350292495e-03 0.000000000e+00 -9.011143206e+00 8.350292495e-03 -9.999651357e-01 0.000000000e+00 -2.439889369e-02 0.000000000e+00 0.000000000e+00 1.000000000e+00 0.000000000e+00
-9.984474181e-01 5.570236387e-02 0.000000000e+00 -9.004940943e+00 -5.570236387e-02 -9.984474181e-01 0.000000000e+00 -3.091125396e-01 0.000000000e+00 0.000000000e+00 1.000000000e+00 0.000000000e+00
-9.931563113e-01 1.167927281e-01 0.000000000e+00 -8.977097570e+00 -1.167927281e-01 -9.931563113e-01 0.000000000e+00 -5.982035538e-01 0.000000000e+00 0.000000000e+00 1.000000000e+00 0.000000000e+00
-9.836159327e-01 1.802767232e-01 0.000000000e+00 -8.947600144e+00 -1.802767232e-01 -9.836159327e-01 0.000000000e+00 -8.713304554e-01 0.000000000e+00 0.000000000e+00 1.000000000e+00 0.000000000e+00
-9.708328371e-01 2.397573824e-01 0.000000000e+00 -8.878644356e+00 -2.397573824e-01 -9.708328371e-01 0.000000000e+00 -1.154248830e+00 0.000000000e+00 0.000000000e+00 1.000000000e+00 0.000000000e+00
-9.541006797e-01 2.994860480e-01 0.000000000e+00 -8.802787740e+00 -2.994860480e-01 -9.541006797e-01 0.000000000e+00 -1.418686387e+00 0.000000000e+00 0.000000000e+00 1.000000000e+00 0.000000000e+00
-9.326260946e-01 3.608442429e-01 0.000000000e+00 -8.707057822e+00 -3.608442429e-01 -9.326260946e-01 0.000000000e+00 -1.703331203e+00 0.000000000e+00 0.000000000e+00 1.000000000e+00 0.000000000e+00
-9.074617985e-01 4.201346026e-01 0.000000000e+00 -8.590672734e+00 -4.201346026e-01 -9.074617985e-01 0.000000000e+00 -1.959557606e+00 0.000000000e+00 0.000000000e+00 1.000000000e+00 0.000000000e+00
-8.802348313e-01 4.745383459e-01 0.000000000e+00 -8.456825922e+00 -4.745383459e-01 -8.802348313e-01 0.000000000e+00 -2.209328777e+00 0.000000000e+00 0.000000000e+00 1.000000000e+00 0.000000000e+00
-8.455827839e-01 5.338443178e-01 0.000000000e+00 -8.335838871e+00 -5.338443178e-01 -8.455827839e-01 0.000000000e+00 -2.464137769e+00 0.000000000e+00 0.000000000e+00 1.000000000e+00 0.000000000e+00
-8.091299742e-01 5.876297174e-01 0.000000000e+00 -8.200045628e+00 -5.876297174e-01 -8.091299742e-01 0.000000000e+00 -2.697776075e+00 0.000000000e+00 0.000000000e+00 1.000000000e+00 0.000000000e+00
-7.725805026e-01 6.349168190e-01 0.000000000e+00 -8.017605671e+00 -6.349168190e-01 -7.725805026e-01 0.000000000e+00 -2.920802952e+00 0.000000000e+00 0.000000000e+00 1.000000000e+00 0.000000000e+00
-7.301412085e-01 6.832962869e-01 0.000000000e+00 -7.824402554e+00 -6.832962869e-01 -7.301412085e-01 0.000000000e+00 -3.133814405e+00 0.000000000e+00 0.000000000e+00 1.000000000e+00 0.000000000e+00
-6.849695988e-01 7.285716497e-01 0.000000000e+00 -7.638608062e+00 -7.285716497e-01 -6.849695988e-01 0.000000000e+00 -3.341014163e+00 0.000000000e+00 0.000000000e+00 1.000000000e+00 0.000000000e+00
-6.402291111e-01 7.681840178e-01 0.000000000e+00 -7.416924223e+00 -7.681840178e-01 -6.402291111e-01 0.000000000e+00 -3.503937653e+00 0.000000000e+00 0.000000000e+00 1.000000000e+00 0.000000000e+00
-5.855319884e-01 8.106493019e-01 0.000000000e+00 -7.206176755e+00 -8.106493019e-01 -5.855319884e-01 0.000000000e+00 -3.690156503e+00 0.000000000e+00 0.000000000e+00 1.000000000e+00 0.000000000e+00
-5.385910436e-01 8.425673194e-01 0.000000000e+00 -6.969176146e+00 -8.425673194e-01 -5.385910436e-01 0.000000000e+00 -3.855032515e+00 0.000000000e+00 0.000000000e+00 1.000000000e+00 0.000000000e+00
-4.824190214e-01 8.759405732e-01 0.000000000e+00 -6.728242182e+00 -8.759405732e-01 -4.824190214e-01 0.000000000e+00 -4.006482154e+00 0.000000000e+00 0.000000000e+00 1.000000000e+00 0.000000000e+00
-4.300998956e-01 9.027813023e-01 0.000000000e+00 -6.466961748e+00 -9.027813023e-01 -4.300998956e-01 0.000000000e+00 -4.112301952e+00 0.000000000e+00 0.000000000e+00 1.000000000e+00 0.000000000e+00
-3.719937273e-01 9.282352433e-01 0.000000000e+00 -6.211178101e+00 -9.282352433e-01 -3.719937273e-01 0.000000000e+00 -4.231448045e+00 0.000000000e+00 0.000000000e+00 1.000000000e+00 0.000000000e+00
-3.104233081e-01 9.505984272e-01 0.000000000e+00 -5.950400100e+00 -9.505984272e-01 -3.104233081e-01 0.000000000e+00 -4.331963643e+00 0.000000000e+00 0.000000000e+00 1.000000000e+00 0.000000000e+00
-2.551301357e-01 9.669067245e-01 0.000000000e+00 -5.667027055e+00 -9.669067245e-01 -2.551301357e-01 0.000000000e+00 -4.385466070e+00 0.000000000e+00 0.000000000e+00 1.000000000e+00 0.000000000e+00
-1.958668772e-01 9.806304943e-01 0.000000000e+00 -5.386963099e+00 -9.806304943e-01 -1.958668772e-01 0.000000000e+00 -4.447072551e+00 0.000000000e+00 0.000000000e+00 1.000000000e+00 0.000000000e+00
-1.290214898e-01 9.916417978e-01 0.000000000e+00 -5.108189267e+00 -9.916417978e-01 -1.290214898e-01 0.000000000e+00 -4.513100373e+00 0.000000000e+00 0.000000000e+00 1.000000000e+00 0.000000000e+00
-6.906987045e-02 9.976118248e-01 0.000000000e+00 -4.823034776e+00 -9.976118248e-01 -6.906987045e-02 0.000000000e+00 -4.526413615e+00 0.000000000e+00 0.000000000e+00 1.000000000e+00 0.000000000e+00
-1.084555438e-02 9.999411852e-01 0.000000000e+00 -4.538753495e+00 -9.999411852e-01 -1.084555438e-02 0.000000000e+00 -4.517923877e+00 0.000000000e+00 0.000000000e+00 1.000000000e+00 0.000000000e+00
5.149545934e-02 9.986732287e-01 0.000000000e+00 -4.255157659e+00 -9.986732287e-01 5.149545934e-02 0.000000000e+00 -4.504669022e+00 0.000000000e+00 0.000000000e+00 1.000000000e+00 0.000000000e+00
1.182650736e-01 9.929820604e-01 0.000000000e+00 -3.977383459e+00 -9.929820604e-01 1.182650736e-01 0.000000000e+00 -4.486735121e+00 0.000000000e+00 0.000000000e+00 1.000000000e+00 0.000000000e+00
1.791299928e-01 9.838254142e-01 0.000000000e+00 -3.693028813e+00 -9.838254142e-01 1.791299928e-01 0.000000000e+00 -4.438472165e+00 0.000000000e+00 0.000000000e+00 1.000000000e+00 0.000000000e+00
2.430185712e-01 9.700216359e-01 0.000000000e+00 -3.410542311e+00 -9.700216359e-01 2.430185712e-01 0.000000000e+00 -4.380540125e+00 0.000000000e+00 0.000000000e+00 1.000000000e+00 0.000000000e+00
3.038966318e-01 9.527050106e-01 0.000000000e+00 -3.134176271e+00 -9.527050106e-01 3.038966318e-01 0.000000000e+00 -4.300795831e+00 0.000000000e+00 0.000000000e+00 1.000000000e+00 0.000000000e+00
3.630906726e-01 9.317538105e-01 0.000000000e+00 -2.880312511e+00 -9.317538105e-01 3.630906726e-01 0.000000000e+00 -4.202901309e+00 0.000000000e+00 0.000000000e+00 1.000000000e+00 0.000000000e+00
4.196077113e-01 9.077055517e-01 0.000000000e+00 -2.623051235e+00 -9.077055517e-01 4.196077113e-01 0.000000000e+00 -4.080073861e+00 0.000000000e+00 0.000000000e+00 1.000000000e+00 0.000000000e+00
4.771594061e-01 8.788167620e-01 0.000000000e+00 -2.370013893e+00 -8.788167620e-01 4.771594061e-01 0.000000000e+00 -3.960180353e+00 0.000000000e+00 0.000000000e+00 1.000000000e+00 0.000000000e+00
5.336546367e-01 8.457025061e-01 0.000000000e+00 -2.136257755e+00 -8.457025061e-01 5.336546367e-01 0.000000000e+00 -3.814084100e+00 0.000000000e+00 0.000000000e+00 1.000000000e+00 0.000000000e+00
5.810615667e-01 8.138596044e-01 0.000000000e+00 -1.898657820e+00 -8.138596044e-01 5.810615667e-01 0.000000000e+00 -3.667337137e+00 0.000000000e+00 0.000000000e+00 1.000000000e+00 0.000000000e+00
6.346275429e-01 7.728181428e-01 0.000000000e+00 -1.661030281e+00 -7.728181428e-01 6.346275429e-01 0.000000000e+00 -3.503091731e+00 0.000000000e+00 0.000000000e+00 1.000000000e+00 0.000000000e+00
6.836721303e-01 7.297892972e-01 0.000000000e+00 -1.444663957e+00 -7.297892972e-01 6.836721303e-01 0.000000000e+00 -3.312671462e+00 0.000000000e+00 0.000000000e+00 1.000000000e+00 0.000000000e+00
7.251781250e-01 6.885613168e-01 0.000000000e+00 -1.241025518e+00 -6.885613168e-01 7.251781250e-01 0.000000000e+00 -3.099970338e+00 0.000000000e+00 0.000000000e+00 1.000000000e+00 0.000000000e+00
7.668525118e-01 6.418233597e-01 0.000000000e+00 -1.047044951e+00 -6.418233597e-01 7.668525118e-01 0.000000000e+00 -2.879921253e+00 0.000000000e+00 0.000000000e+00 1.000000000e+00 0.000000000e+00
8.052867021e-01 5.928855938e-01 0.000000000e+00 -8.903792195e-01 -5.928855938e-01 8.052867021e-01 0.000000000e+00 -2.648875408e+00 0.000000000e+00 0.000000000e+00 1.000000000e+00 0.000000000e+00
8.414844814e-01 5.402812855e-01 0.000000000e+00 -7.169368442e-01 -5.402812855e-01 8.414844814e-01 0.000000000e+00 -2.434777046e+00 0.000000000e+00 0.000000000e+00 1.000000000e+00 0.000000000e+00
8.736497317e-01 4.865553887e-01 0.000000000e+00 -5.629911732e-01 -4.865553887e-01 8.736497317e-01 0.000000000e+00 -2.192210345e+00 0.000000000e+00 0.000000000e+00 1.000000000e+00 0.000000000e+00
9.030816467e-01 4.294689040e-01 0.000000000e+00 -4.371650794e-01 -4.294689040e-01 9.030816467e-01 0.000000000e+00 -1.933482762e+00 0.000000000e+00 0.000000000e+00 1.000000000e+00 0.000000000e+00
9.288481023e-01 3.704607981e-01 0.000000000e+00 -3.043972306e-01 -3.704607981e-01 9.288481023e-01 0.000000000e+00 -1.687349017e+00 0.000000000e+00 0.000000000e+00 1.000000000e+00 0.000000000e+00
9.495808109e-01 3.135223812e-01 0.000000000e+00 -2.152758140e-01 -3.135223812e-01 9.495808109e-01 0.000000000e+00 -1.416158443e+00 0.000000000e+00 0.000000000e+00 1.000000000e+00 0.000000000e+00
9.684033458e-01 2.493891735e-01 0.000000000e+00 -1.313652870e-01 -2.493891735e-01 9.684033458e-01 0.000000000e+00 -1.142734841e+00 0.000000000e+00 0.000000000e+00 1.000000000e+00 0.000000000e+00
9.821595467e-01 1.880495276e-01 0.000000000e+00 -8.110208477e-02 -1.880495276e-01 9.821595467e-01 0.000000000e+00 -8.465314043e-01 0.000000000e+00 0.000000000e+00 1.000000000e+00 0.000000000e+00
9.921217016e-01 1.252778085e-01 0.000000000e+00 -2.377266595e-02 -1.252778085e-01 9.921217016e-01 0.000000000e+00 -5.672124282e-01 0.000000000e+00 0.000000000e+00 1.000000000e+00 0.000000000e+00
9.980039722e-01 6.315117929e-02 0.000000000e+00 -5.387544611e-03 -6.315117929e-02 9.980039722e-01 0.000000000e+00 -2.760774083e-01 0.000000000e+00 0.000000000e+00 1.000000000e+00 0.000000000e+00
9.999999967e-01 -8.123503908e-05 0.000000000e+00 1.127308020e-05 8.123503908e-05 9.999999967e-01 0.000000000e+00 -3.095797563e-05 0.000000000e+00 0.000000000e+00 1.000000000e+00 0.000000000e+00
9.980615644e-01 -6.223434489e-02 0.000000000e+00 1.002371655e-02 6.223434489e-02 9.980615644e-01 0.000000000e+00 2.861592230e-01 0.000000000e+00 0.000000000e+00 1.000000000e+00 0.000000000e+00
9.920547801e-01 -1.258066507e-01 0.000000000e+00 -1.218466651e-02 1.258066507e-01 9.920547801e-01 0.000000000e+00 5.681130221e-01 0.000000000e+00 0.000000000e+00 1.000000000e+00 0.000000000e+00
9.829031495e-01 -1.841233246e-01 0.000000000e+00 -6.719327542e-02 1.841233246e-01 9.829031495e-01 0.000000000e+00 8.401134396e-01 0.000000000e+00 0.000000000e+00 1.000000000e+00 0.000000000e+00
9.696466023e-01 -2.445106676e-01 0.000000000e+00 -1.427589584e-01 2.445106676e-01 9.696466023e-01 0.000000000e+00 1.113563592e+00 0.000000000e+00 0.000000000e+00 1.000000000e+00 0.000000000e+00
9.519519687e-01 -3.062473662e-01 0.000000000e+00 -2.090413670e-01 3.062473662e-01 9.519519687e-01 0.000000000e+00 1.387171992e+00 0.000000000e+00 0.000000000e+00 1.000000000e+00 0.000000000e+00
9.297230839e-01 -3.682594023e-01 0.000000000e+00 -2.952259557e-01 3.682594023e-01 9.297230839e-01 0.000000000e+00 1.652354650e+00 0.000000000e+00 0.000000000e+00 1.000000000e+00 0.000000000e+00
9.044772963e-01 -4.265217701e-01 0.000000000e+00 -3.984649506e-01 4.265217701e-01 9.044772963e-01 0.000000000e+00 1.924673241e+00 0.000000000e+00 0.000000000e+00 1.000000000e+00 0.000000000e+00
8.762535424e-01 -4.818503184e-01 0.000000000e+00 -5.383928997e-01 4.818503184e-01 8.762535424e-01 0.000000000e+00 2.173551551e+00 0.000000000e+00 0.000000000e+00 1.000000000e+00 0.000000000e+00
8.454641316e-01 -5.340322108e-01 0.000000000e+00 -6.882348200e-01 5.340322108e-01 8.454641316e-01 0.000000000e+00 2.405062723e+00 0.000000000e+00 0.000000000e+00 1.000000000e+00 0.000000000e+00
8.094014853e-01 -5.872556817e-01 0.000000000e+00 -8.485551310e-01 5.872556817e-01 8.094014853e-01 0.000000000e+00 2.644485872e+00 0.000000000e+00 0.000000000e+00 1.000000000e+00 0.000000000e+00
7.709738776e-01 -6.368667679e-01 0.000000000e+00 -1.023748653e+00 6.368667679e-01 7.709738776e-01 0.000000000e+00 2.878051400e+00 0.000000000e+00 0.000000000e+00 1.000000000e+00 0.000000000e+00
7.300741251e-01 -6.833679623e-01 0.000000000e+00 -1.212260511e+00 6.833679623e-01 7.300741251e-01 0.000000000e+00 3.088243241e+00 0.000000000e+00 0.000000000e+00 1.000000000e+00 0.000000000e+00
6.869479961e-01 -7.267065781e-01 0.000000000e+00 -1.414435410e+00 7.267065781e-01 6.869479961e-01 0.000000000e+00 3.272985009e+00 0.000000000e+00 0.000000000e+00 1.000000000e+00 0.000000000e+00
6.386553008e-01 -7.694929543e-01 0.000000000e+00 -1.620195361e+00 7.694929543e-01 6.386553008e-01 0.000000000e+00 3.475593741e+00 0.000000000e+00 0.000000000e+00 1.000000000e+00 0.000000000e+00
5.885623687e-01 -8.084518156e-01 0.000000000e+00 -1.835666129e+00 8.084518156e-01 5.885623687e-01 0.000000000e+00 3.656035191e+00 0.000000000e+00 0.000000000e+00 1.000000000e+00 0.000000000e+00
5.353197695e-01 -8.446494802e-01 0.000000000e+00 -2.065131201e+00 8.446494802e-01 5.353197695e-01 0.000000000e+00 3.823729609e+00 0.000000000e+00 0.000000000e+00 1.000000000e+00 0.000000000e+00
4.837059328e-01 -8.752305814e-01 0.000000000e+00 -2.308084534e+00 8.752305814e-01 4.837059328e-01 0.000000000e+00 3.962136042e+00 0.000000000e+00 0.000000000e+00 1.000000000e+00 0.000000000e+00
4.290214580e-01 -9.032942979e-01 0.000000000e+00 -2.567701607e+00 9.032942979e-01 4.290214580e-01 0.000000000e+00 4.080878352e+00 0.000000000e+00 0.000000000e+00 1.000000000e+00 0.000000000e+00
3.688991438e-01 -9.294694302e-01 0.000000000e+00 -2.827366881e+00 9.294694302e-01 3.688991438e-01 0.000000000e+00 4.186913449e+00 0.000000000e+00 0.000000000e+00 1.000000000e+00 0.000000000e+00
3.101687380e-01 -9.506815208e-01 0.000000000e+00 -3.097357645e+00 9.506815208e-01 3.101687380e-01 0.000000000e+00 4.278122378e+00 0.000000000e+00 0.000000000e+00 1.000000000e+00 0.000000000e+00
2.503629744e-01 -9.681520444e-01 0.000000000e+00 -3.364810722e+00 9.681520444e-01 2.503629744e-01 0.000000000e+00 4.349240413e+00 0.000000000e+00 0.000000000e+00 1.000000000e+00 0.000000000e+00
1.973983229e-01 -9.803233661e-01 0.000000000e+00 -3.637615828e+00 9.803233661e-01 1.973983229e-01 0.000000000e+00 4.354108612e+00 0.000000000e+00 0.000000000e+00 1.000000000e+00 0.000000000e+00
1.364260059e-01 -9.906502637e-01 0.000000000e+00 -3.919778466e+00 9.906502637e-01 1.364260059e-01 0.000000000e+00 4.401075691e+00 0.000000000e+00 0.000000000e+00 1.000000000e+00 0.000000000e+00
7.478523270e-02 -9.971996635e-01 0.000000000e+00 -4.204744650e+00 9.971996635e-01 7.478523270e-02 0.000000000e+00 4.425962528e+00 0.000000000e+00 0.000000000e+00 1.000000000e+00 0.000000000e+00
1.301718714e-02 -9.999152728e-01 0.000000000e+00 -4.490393902e+00 9.999152728e-01 1.301718714e-02 0.000000000e+00 4.431348984e+00 0.000000000e+00 0.000000000e+00 1.000000000e+00 0.000000000e+00
