1.000000000e+00 0.000000000e+00 0.000000000e+00 0.000000000e+00 0.000000000e+00 1.000000000e+00 0.000000000e+00 0.000000000e+00 0.000000000e+00 0.000000000e+00 1.000000000e+00 0.000000000e+00
9.979523094e-01 6.396239586e-02 0.000000000e+00 2.850891803e-02 -6.396239586e-02 9.979523094e-01 0.000000000e+00 3.548577564e-01 0.000000000e+00 0.000000000e+00 1.000000000e+00 0.000000000e+00
9.921034652e-01 1.254221449e-01 0.000000000e+00 6.778131650e-02 -1.254221449e-01 9.921034652e-01 0.000000000e+00 7.106204925e-01 0.000000000e+00 0.000000000e+00 1.000000000e+00 0.000000000e+00
9.887042129e-01 1.498798832e-01 0.000000000e+00 1.209534952e-01 -1.498798832e-01 9.887042129e-01 0.000000000e+00 1.061259495e+00 0.000000000e+00 0.000000000e+00 1.000000000e+00 0.000000000e+00
9.866988099e-01 1.625590922e-01 0.000000000e+00 1.674421010e-01 -1.625590922e-01 9.866988099e-01 0.000000000e+00 1.409898807e+00 0.000000000e+00 0.000000000e+00 1.000000000e+00 0.000000000e+00
9.824402396e-01 1.865775325e-01 0.000000000e+00 2.317821143e-01 -1.865775325e-01 9.824402396e-01 0.000000000e+00 1.759569677e+00 0.000000000e+00 0.000000000e+00 1.000000000e+00 0.000000000e+00
9.783784151e-01 2.068228151e-01 0.000000000e+00 2.975045998e-01 -2.068228151e-01 9.783784151e-01 0.000000000e+00 2.091692908e+00 0.000000000e+00 0.000000000e+00 1.000000000e+00 0.000000000e+00
9.726308876e-01 2.323556680e-01 0.000000000e+00 3.806605760e-01 -2.323556680e-01 9.726308876e-01 0.000000000e+00 2.443781601e+00 0.000000000e+00 0.000000000e+00 1.000000000e+00 0.000000000e+00
9.715889140e-01 2.366748447e-01 0.000000000e+00 4.845973805e-01 -2.366748447e-01 9.715889140e-01 0.000000000e+00 2.775997692e+00 0.000000000e+00 0.000000000e+00 1.000000000e+00 0.000000000e+00
9.704831023e-01 2.411691277e-01 0.000000000e+00 5.607128019e-01 -2.411691277e-01 9.704831023e-01 0.000000000e+00 3.122228785e+00 0.000000000e+00 0.000000000e+00 1.000000000e+00 0.000000000e+00
9.712162928e-01 2.381993129e-01 0.000000000e+00 6.388717062e-01 -2.381993129e-01 9.712162928e-01 0.000000000e+00 3.456516616e+00 0.000000000e+00 0.000000000e+00 1.000000000e+00 0.000000000e+00
9.742517864e-01 2.254627611e-01 0.000000000e+00 7.058932307e-01 -2.254627611e-01 9.742517864e-01 0.000000000e+00 3.791871675e+00 0.000000000e+00 0.000000000e+00 1.000000000e+00 0.000000000e+00
9.751679751e-01 2.214665219e-01 0.000000000e+00 7.784802682e-01 -2.214665219e-01 9.751679751e-01 0.000000000e+00 4.136917431e+00 0.000000000e+00 0.000000000e+00 1.000000000e+00 0.000000000e+00
9.792593882e-01 2.026105884e-01 0.000000000e+00 8.556845508e-01 -2.026105884e-01 9.792593882e-01 0.000000000e+00 4.487956311e+00 0.000000000e+00 0.000000000e+00 1.000000000e+00 0.000000000e+00
9.816465231e-01 1.907094745e-01 0.000000000e+00 9.840760110e-01 -1.907094745e-01 9.816465231e-01 0.000000000e+00 4.816008635e+00 0.000000000e+00 0.000000000e+00 1.000000000e+00 0.000000000e+00
9.786978745e-01 2.053057974e-01 0.000000000e+00 1.082082918e+00 -2.053057974e-01 9.786978745e-01 0.000000000e+00 5.158229567e+00 0.000000000e+00 0.000000000e+00 1.000000000e+00 0.000000000e+00
9.727080748e-01 2.320323280e-01 0.000000000e+00 1.145554197e+00 -2.320323280e-01 9.727080748e-01 0.000000000e+00 5.495618558e+00 0.000000000e+00 0.000000000e+00 1.000000000e+00 0.000000000e+00
9.571486725e-01 2.895969936e-01 0.000000000e+00 1.262911778e+00 -2.895969936e-01 9.571486725e-01 0.000000000e+00 5.827563408e+00 0.000000000e+00 0.000000000e+00 1.000000000e+00 0.000000000e+00
9.347598921e-01 3.552800924e-01 0.000000000e+00 1.391052182e+00 -3.552800924e-01 9.347598921e-01 0.000000000e+00 6.157992083e+00 0.000000000e+00 0.000000000e+00 1.000000000e+00 0.000000000e+00
8.948636519e-01 4.463396068e-01 0.000000000e+00 1.529409626e+00 -4.463396068e-01 8.948636519e-01 0.000000000e+00 6.468241322e+00 0.000000000e+00 0.000000000e+00 1.000000000e+00 0.000000000e+00
8.535079742e-01 5.210797807e-01 0.000000000e+00 1.714951014e+00 -5.210797807e-01 8.535079742e-01 0.000000000e+00 6.769673990e+00 0.000000000e+00 0.000000000e+00 1.000000000e+00 0.000000000e+00
8.129054584e-01 5.823956694e-01 0.000000000e+00 1.917651823e+00 -5.823956694e-01 8.129054584e-01 0.000000000e+00 7.051754675e+00 0.000000000e+00 0.000000000e+00 1.000000000e+00 0.000000000e+00
7.473712386e-01 6.644066765e-01 0.000000000e+00 2.121201007e+00 -6.644066765e-01 7.473712386e-01 0.000000000e+00 7.344758666e+00 0.000000000e+00 0.000000000e+00 1.000000000e+00 0.000000000e+00
6.747534512e-01 7.380432102e-01 0.000000000e+00 2.376842116e+00 -7.380432102e-01 6.747534512e-01 0.000000000e+00 7.580038701e+00 0.000000000e+00 0.000000000e+00 1.000000000e+00 0.000000000e+00
6.043169176e-01 7.967440386e-01 0.000000000e+00 2.658813826e+00 -7.967440386e-01 6.043169176e-01 0.000000000e+00 7.801682809e+00 0.000000000e+00 0.000000000e+00 1.000000000e+00 0.000000000e+00
5.454393914e-01 8.381502672e-01 0.000000000e+00 2.993140703e+00 -8.381502672e-01 5.454393914e-01 0.000000000e+00 7.943382958e+00 0.000000000e+00 0.000000000e+00 1.000000000e+00 0.000000000e+00
4.778225728e-01 8.784563671e-01 0.000000000e+00 3.296375958e+00 -8.784563671e-01 4.778225728e-01 0.000000000e+00 8.124337876e+00 0.000000000e+00 0.000000000e+00 1.000000000e+00 0.000000000e+00
4.180121760e-01 9.084414239e-01 0.000000000e+00 3.607528973e+00 -9.084414239e-01 4.180121760e-01 0.000000000e+00 8.272947978e+00 0.000000000e+00 0.000000000e+00 1.000000000e+00 0.000000000e+00
3.684129337e-01 9.296622560e-01 0.000000000e+00 3.930498925e+00 -9.296622560e-01 3.684129337e-01 0.000000000e+00 8.405165722e+00 0.000000000e+00 0.000000000e+00 1.000000000e+00 0.000000000e+00
3.148073881e-01 9.491555765e-01 0.000000000e+00 4.267887858e+00 -9.491555765e-01 3.148073881e-01 0.000000000e+00 8.513589483e+00 0.000000000e+00 0.000000000e+00 1.000000000e+00 0.000000000e+00
2.713555449e-01 9.624791781e-01 0.000000000e+00 4.607418479e+00 -9.624791781e-01 2.713555449e-01 0.000000000e+00 8.592225068e+00 0.000000000e+00 0.000000000e+00 1.000000000e+00 0.000000000e+00
2.625878399e-01 9.649080922e-01 0.000000000e+00 4.949018719e+00 -9.649080922e-01 2.625878399e-01 0.000000000e+00 8.687943565e+00 0.000000000e+00 0.000000000e+00 1.000000000e+00 0.000000000e+00
2.716932219e-01 9.623839115e-01 0.000000000e+00 5.287738688e+00 -9.623839115e-01 2.716932219e-01 0.000000000e+00 8.789517393e+00 0.000000000e+00 0.000000000e+00 1.000000000e+00 0.000000000e+00
2.981500489e-01 9.545190141e-01 0.000000000e+00 5.625694259e+00 -9.545190141e-01 2.981500489e-01 0.000000000e+00 8.885076302e+00 0.000000000e+00 0.000000000e+00 1.000000000e+00 0.000000000e+00
3.250061262e-01 9.457119106e-01 0.000000000e+00 5.965338741e+00 -9.457119106e-01 3.250061262e-01 0.000000000e+00 8.994193184e+00 0.000000000e+00 0.000000000e+00 1.000000000e+00 0.000000000e+00
3.301319941e-01 9.439347787e-01 0.000000000e+00 6.302474400e+00 -9.439347787e-01 3.301319941e-01 0.000000000e+00 9.110731430e+00 0.000000000e+00 0.000000000e+00 1.000000000e+00 0.000000000e+00
3.531492819e-01 9.355669857e-01 0.000000000e+00 6.625758947e+00 -9.355669857e-01 3.531492819e-01 0.000000000e+00 9.223967633e+00 0.000000000e+00 0.000000000e+00 1.000000000e+00 0.000000000e+00
4.012350715e-01 9.159751183e-01 0.000000000e+00 6.954120643e+00 -9.159751183e-01 4.012350715e-01 0.000000000e+00 9.348010375e+00 0.000000000e+00 0.000000000e+00 1.000000000e+00 0.000000000e+00
4.316186364e-01 9.020561805e-01 0.000000000e+00 7.270491409e+00 -9.020561805e-01 4.316186364e-01 0.000000000e+00 9.511653520e+00 0.000000000e+00 0.000000000e+00 1.000000000e+00 0.000000000e+00
4.405827640e-01 8.977119962e-01 0.000000000e+00 7.595942100e+00 -8.977119962e-01 4.405827640e-01 0.000000000e+00 9.678545860e+00 0.000000000e+00 0.000000000e+00 1.000000000e+00 0.000000000e+00
4.023264003e-01 9.154962958e-01 0.000000000e+00 7.924171984e+00 -9.154962958e-01 4.023264003e-01 0.000000000e+00 9.825122865e+00 0.000000000e+00 0.000000000e+00 1.000000000e+00 0.000000000e+00
3.477953402e-01 9.375704781e-01 0.000000000e+00 8.253698668e+00 -9.375704781e-01 3.477953402e-01 0.000000000e+00 9.948242479e+00 0.000000000e+00 0.000000000e+00 1.000000000e+00 0.000000000e+00
2.884877855e-01 9.574835756e-01 0.000000000e+00 8.594753144e+00 -9.574835756e-01 2.884877855e-01 0.000000000e+00 1.005210042e+01 0.000000000e+00 0.000000000e+00 1.000000000e+00 0.000000000e+00
2.255259378e-01 9.742371638e-01 0.000000000e+00 8.926612292e+00 -9.742371638e-01 2.255259378e-01 0.000000000e+00 1.012775278e+01 0.000000000e+00 0.000000000e+00 1.000000000e+00 0.000000000e+00
1.991755030e-01 9.799638356e-01 0.000000000e+00 9.280928218e+00 -9.799638356e-01 1.991755030e-01 0.000000000e+00 1.018149976e+01 0.000000000e+00 0.000000000e+00 1.000000000e+00 0.000000000e+00
1.435789568e-01 9.896388650e-01 0.000000000e+00 9.617927313e+00 -9.896388650e-01 1.435789568e-01 0.000000000e+00 1.024615316e+01 0.000000000e+00 0.000000000e+00 1.000000000e+00 0.000000000e+00
7.134370570e-02 9.974517911e-01 0.000000000e+00 9.983626190e+00 -9.974517911e-01 7.134370570e-02 0.000000000e+00 1.026135626e+01 0.000000000e+00 0.000000000e+00 1.000000000e+00 0.000000000e+00
6.356320453e-03 9.999797984e-01 0.000000000e+00 1.034190955e+01 -9.999797984e-01 6.356320453e-03 0.000000000e+00 1.024331092e+01 0.000000000e+00 0.000000000e+00 1.000000000e+00 0.000000000e+00
-5.256059579e-02 9.986177366e-01 0.000000000e+00 1.070009380e+01 -9.986177366e-01 -5.256059579e-02 0.000000000e+00 1.021562422e+01 0.000000000e+00 0.000000000e+00 1.000000000e+00 0.000000000e+00
-9.650901281e-02 9.953321106e-01 0.000000000e+00 1.103892152e+01 -9.953321106e-01 -9.650901281e-02 0.000000000e+00 1.016447570e+01 0.000000000e+00 0.000000000e+00 1.000000000e+00 0.000000000e+00
-1.287397205e-01 9.916784178e-01 0.000000000e+00 1.139065025e+01 -9.916784178e-01 -1.287397205e-01 0.000000000e+00 1.011911094e+01 0.000000000e+00 0.000000000e+00 1.000000000e+00 0.000000000e+00
-1.863972954e-01 9.824744517e-01 0.000000000e+00 1.174398339e+01 -9.824744517e-01 -1.863972954e-01 0.000000000e+00 1.006203462e+01 0.000000000e+00 0.000000000e+00 1.000000000e+00 0.000000000e+00
-2.606504639e-01 9.654332373e-01 0.000000000e+00 1.207211337e+01 -9.654332373e-01 -2.606504639e-01 0.000000000e+00 9.958905094e+00 0.000000000e+00 0.000000000e+00 1.000000000e+00 0.000000000e+00
-3.019645860e-01 9.533191432e-01 0.000000000e+00 1.240648079e+01 -9.533191432e-01 -3.019645860e-01 0.000000000e+00 9.807805244e+00 0.000000000e+00 0.000000000e+00 1.000000000e+00 0.000000000e+00
-3.304858152e-01 9.438109588e-01 0.000000000e+00 1.274260927e+01 -9.438109588e-01 -3.304858152e-01 0.000000000e+00 9.702528553e+00 0.000000000e+00 0.000000000e+00 1.000000000e+00 0.000000000e+00
-3.484664012e-01 9.373212721e-01 0.000000000e+00 1.306723021e+01 -9.373212721e-01 -3.484664012e-01 0.000000000e+00 9.586198434e+00 0.000000000e+00 0.000000000e+00 1.000000000e+00 0.000000000e+00
-3.772414636e-01 9.261149379e-01 0.000000000e+00 1.340532354e+01 -9.261149379e-01 -3.772414636e-01 0.000000000e+00 9.434466601e+00 0.000000000e+00 0.000000000e+00 1.000000000e+00 0.000000000e+00
-4.193712417e-01 9.078148278e-01 0.000000000e+00 1.374326761e+01 -9.078148278e-01 -4.193712417e-01 0.000000000e+00 9.286623822e+00 0.000000000e+00 0.000000000e+00 1.000000000e+00 0.000000000e+00
-4.504154155e-01 8.928191046e-01 0.000000000e+00 1.405614151e+01 -8.928191046e-01 -4.504154155e-01 0.000000000e+00 9.123610563e+00 0.000000000e+00 0.000000000e+00 1.000000000e+00 0.000000000e+00
-4.801228224e-01 8.772012742e-01 0.000000000e+00 1.435931022e+01 -8.772012742e-01 -4.801228224e-01 0.000000000e+00 8.943421054e+00 0.000000000e+00 0.000000000e+00 1.000000000e+00 0.000000000e+00
-4.874935124e-01 8.731266090e-01 0.000000000e+00 1.465596213e+01 -8.731266090e-01 -4.874935124e-01 0.000000000e+00 8.776963977e+00 0.000000000e+00 0.000000000e+00 1.000000000e+00 0.000000000e+00
-4.677984055e-01 8.838351949e-01 0.000000000e+00 1.499380518e+01 -8.838351949e-01 -4.677984055e-01 0.000000000e+00 8.640746769e+00 0.000000000e+00 0.000000000e+00 1.000000000e+00 0.000000000e+00
-4.758504119e-01 8.795262279e-01 0.000000000e+00 1.530369193e+01 -8.795262279e-01 -4.758504119e-01 0.000000000e+00 8.465358684e+00 0.000000000e+00 0.000000000e+00 1.000000000e+00 0.000000000e+00
-4.910733636e-01 8.711182190e-01 0.000000000e+00 1.561042217e+01 -8.711182190e-01 -4.910733636e-01 0.000000000e+00 8.291056531e+00 0.000000000e+00 0.000000000e+00 1.000000000e+00 0.000000000e+00
-5.001529050e-01 8.659371061e-01 0.000000000e+00 1.591375163e+01 -8.659371061e-01 -5.001529050e-01 0.000000000e+00 8.114253657e+00 0.000000000e+00 0.000000000e+00 1.000000000e+00 0.000000000e+00
-4.883769606e-01 8.726327660e-01 0.000000000e+00 1.620322533e+01 -8.726327660e-01 -4.883769606e-01 0.000000000e+00 7.942155895e+00 0.000000000e+00 0.000000000e+00 1.000000000e+00 0.000000000e+00
-4.682736674e-01 8.835834836e-01 0.000000000e+00 1.652663414e+01 -8.835834836e-01 -4.682736674e-01 0.000000000e+00 7.766601914e+00 0.000000000e+00 0.000000000e+00 1.000000000e+00 0.000000000e+00
-4.433127020e-01 8.963670276e-01 0.000000000e+00 1.683617660e+01 -8.963670276e-01 -4.433127020e-01 0.000000000e+00 7.622098756e+00 0.000000000e+00 0.000000000e+00 1.000000000e+00 0.000000000e+00
-4.189148823e-01 9.080255070e-01 0.000000000e+00 1.715916359e+01 -9.080255070e-01 -4.189148823e-01 0.000000000e+00 7.478004570e+00 0.000000000e+00 0.000000000e+00 1.000000000e+00 0.000000000e+00
-3.907532380e-01 9.204954682e-01 0.000000000e+00 1.747549030e+01 -9.204954682e-01 -3.907532380e-01 0.000000000e+00 7.329670809e+00 0.000000000e+00 0.000000000e+00 1.000000000e+00 0.000000000e+00
-3.657883448e-01 9.306980643e-01 0.000000000e+00 1.779599075e+01 -9.306980643e-01 -3.657883448e-01 0.000000000e+00 7.207047633e+00 0.000000000e+00 0.000000000e+00 1.000000000e+00 0.000000000e+00
-3.216008625e-01 9.468753272e-01 0.000000000e+00 1.813081051e+01 -9.468753272e-01 -3.216008625e-01 0.000000000e+00 7.092837468e+00 0.000000000e+00 0.000000000e+00 1.000000000e+00 0.000000000e+00
-2.886973103e-01 9.574204212e-01 0.000000000e+00 1.848528607e+01 -9.574204212e-01 -2.886973103e-01 0.000000000e+00 6.990605421e+00 0.000000000e+00 0.000000000e+00 1.000000000e+00 0.000000000e+00
-2.412404372e-01 9.704653788e-01 0.000000000e+00 1.880434211e+01 -9.704653788e-01 -2.412404372e-01 0.000000000e+00 6.915529144e+00 0.000000000e+00 0.000000000e+00 1.000000000e+00 0.000000000e+00
-2.168899565e-01 9.761960596e-01 0.000000000e+00 1.915231220e+01 -9.761960596e-01 -2.168899565e-01 0.000000000e+00 6.833787265e+00 0.000000000e+00 0.000000000e+00 1.000000000e+00 0.000000000e+00
-1.904932119e-01 9.816885128e-01 0.000000000e+00 1.948988589e+01 -9.816885128e-01 -1.904932119e-01 0.000000000e+00 6.763922418e+00 0.000000000e+00 0.000000000e+00 1.000000000e+00 0.000000000e+00
-1.597119887e-01 9.871636544e-01 0.000000000e+00 1.985228863e+01 -9.871636544e-01 -1.597119887e-01 0.000000000e+00 6.708829253e+00 0.000000000e+00 0.000000000e+00 1.000000000e+00 0.000000000e+00
-1.103043051e-01 9.938978621e-01 0.000000000e+00 2.019925882e+01 -9.938978621e-01 -1.103043051e-01 0.000000000e+00 6.674596944e+00 0.000000000e+00 0.000000000e+00 1.000000000e+00 0.000000000e+00
-8.691148380e-02 9.962160378e-01 0.000000000e+00 2.054274143e+01 -9.962160378e-01 -8.691148380e-02 0.000000000e+00 6.654900778e+00 0.000000000e+00 0.000000000e+00 1.000000000e+00 0.000000000e+00
-6.243341464e-02 9.980491314e-01 0.000000000e+00 2.089193621e+01 -9.980491314e-01 -6.243341464e-02 0.000000000e+00 6.655513168e+00 0.000000000e+00 0.000000000e+00 1.000000000e+00 0.000000000e+00
-5.978993612e-02 9.982109815e-01 0.000000000e+00 2.124070723e+01 -9.982109815e-01 -5.978993612e-02 0.000000000e+00 6.637550758e+00 0.000000000e+00 0.000000000e+00 1.000000000e+00 0.000000000e+00
-3.982669839e-02 9.992066023e-01 0.000000000e+00 2.157779877e+01 -9.992066023e-01 -3.982669839e-02 0.000000000e+00 6.600211319e+00 0.000000000e+00 0.000000000e+00 1.000000000e+00 0.000000000e+00
-4.882532054e-02 9.988073328e-01 0.000000000e+00 2.192765105e+01 -9.988073328e-01 -4.882532054e-02 0.000000000e+00 6.568801398e+00 0.000000000e+00 0.000000000e+00 1.000000000e+00 0.000000000e+00
-3.702006204e-02 9.993145226e-01 0.000000000e+00 2.227785903e+01 -9.993145226e-01 -3.702006204e-02 0.000000000e+00 6.544467634e+00 0.000000000e+00 0.000000000e+00 1.000000000e+00 0.000000000e+00
-6.409697372e-02 9.979436747e-01 0.000000000e+00 2.262738907e+01 -9.979436747e-01 -6.409697372e-02 0.000000000e+00 6.520753743e+00 0.000000000e+00 0.000000000e+00 1.000000000e+00 0.000000000e+00
-9.349628713e-02 9.956196283e-01 0.000000000e+00 2.297531580e+01 -9.956196283e-01 -9.349628713e-02 0.000000000e+00 6.485174226e+00 0.000000000e+00 0.000000000e+00 1.000000000e+00 0.000000000e+00
-1.377265476e-01 9.904702914e-01 0.000000000e+00 2.331943844e+01 -9.904702914e-01 -1.377265476e-01 0.000000000e+00 6.432515371e+00 0.000000000e+00 0.000000000e+00 1.000000000e+00 0.000000000e+00
-1.946550134e-01 9.808717682e-01 0.000000000e+00 2.366506284e+01 -9.808717682e-01 -1.946550134e-01 0.000000000e+00 6.374643423e+00 0.000000000e+00 0.000000000e+00 1.000000000e+00 0.000000000e+00
-2.543851550e-01 9.671029898e-01 0.000000000e+00 2.401261694e+01 -9.671029898e-01 -2.543851550e-01 0.000000000e+00 6.287123136e+00 0.000000000e+00 0.000000000e+00 1.000000000e+00 0.000000000e+00
-2.843025367e-01 9.587346179e-01 0.000000000e+00 2.434421837e+01 -9.587346179e-01 -2.843025367e-01 0.000000000e+00 6.188499787e+00 0.000000000e+00 0.000000000e+00 1.000000000e+00 0.000000000e+00
-3.303554481e-01 9.438565982e-01 0.000000000e+00 2.467996495e+01 -9.438565982e-01 -3.303554481e-01 0.000000000e+00 6.088128782e+00 0.000000000e+00 0.000000000e+00 1.000000000e+00 0.000000000e+00
-3.590297832e-01 9.333261031e-01 0.000000000e+00 2.501629709e+01 -9.333261031e-01 -3.590297832e-01 0.000000000e+00 5.989112467e+00 0.000000000e+00 0.000000000e+00 1.000000000e+00 0.000000000e+00
-4.191350222e-01 9.079239137e-01 0.000000000e+00 2.533098682e+01 -9.079239137e-01 -4.191350222e-01 0.000000000e+00 5.832351602e+00 0.000000000e+00 0.000000000e+00 1.000000000e+00 0.000000000e+00
-4.472815084e-01 8.943932313e-01 0.000000000e+00 2.564580059e+01 -8.943932313e-01 -4.472815084e-01 0.000000000e+00 5.673894859e+00 0.000000000e+00 0.000000000e+00 1.000000000e+00 0.000000000e+00
-4.589727106e-01 8.884503649e-01 0.000000000e+00 2.596806485e+01 -8.884503649e-01 -4.589727106e-01 0.000000000e+00 5.499525844e+00 0.000000000e+00 0.000000000e+00 1.000000000e+00 0.000000000e+00
-4.385412828e-01 8.987110455e-01 0.000000000e+00 2.627942082e+01 -8.987110455e-01 -4.385412828e-01 0.000000000e+00 5.334559991e+00 0.000000000e+00 0.000000000e+00 1.000000000e+00 0.000000000e+00
-3.733990288e-01 9.276708281e-01 0.000000000e+00 2.659997067e+01 -9.276708281e-01 -3.733990288e-01 0.000000000e+00 5.208197141e+00 0.000000000e+00 0.000000000e+00 1.000000000e+00 0.000000000e+00
-3.109439131e-01 9.504282629e-01 0.000000000e+00 2.692502937e+01 -9.504282629e-01 -3.109439131e-01 0.000000000e+00 5.120598388e+00 0.000000000e+00 0.000000000e+00 1.000000000e+00 0.000000000e+00
-2.808658889e-01 9.597470252e-01 0.000000000e+00 2.725902312e+01 -9.597470252e-01 -2.808658889e-01 0.000000000e+00 5.021746938e+00 0.000000000e+00 0.000000000e+00 1.000000000e+00 0.000000000e+00
-2.644699011e-01 9.643939400e-01 0.000000000e+00 2.760130463e+01 -9.643939400e-01 -2.644699011e-01 0.000000000e+00 4.927100074e+00 0.000000000e+00 0.000000000e+00 1.000000000e+00 0.000000000e+00
-2.374354022e-01 9.714033301e-01 0.000000000e+00 2.794713166e+01 -9.714033301e-01 -2.374354022e-01 0.000000000e+00 4.842020297e+00 0.000000000e+00 0.000000000e+00 1.000000000e+00 0.000000000e+00
