1.000000000e+00 0.000000000e+00 0.000000000e+00 0.000000000e+00 0.000000000e+00 1.000000000e+00 0.000000000e+00 0.000000000e+00 0.000000000e+00 0.000000000e+00 1.000000000e+00 0.000000000e+00
1.000000000e+00 -5.454432821e-18 0.000000000e+00 -1.527721723e-14 5.454432821e-18 1.000000000e+00 0.000000000e+00 3.666256861e-14 0.000000000e+00 0.000000000e+00 1.000000000e+00 0.000000000e+00
1.000000000e+00 -1.090886564e-17 0.000000000e+00 -3.055443642e-14 1.090886564e-17 1.000000000e+00 0.000000000e+00 7.332514154e-14 0.000000000e+00 0.000000000e+00 1.000000000e+00 0.000000000e+00
1.000000000e+00 -1.090886564e-17 0.000000000e+00 -3.055443642e-14 1.090886564e-17 1.000000000e+00 0.000000000e+00 7.332514154e-14 0.000000000e+00 0.000000000e+00 1.000000000e+00 0.000000000e+00
1.000000000e+00 -2.181773129e-17 0.000000000e+00 -6.110888261e-14 2.181773129e-17 1.000000000e+00 0.000000000e+00 1.466503047e-13 0.000000000e+00 0.000000000e+00 1.000000000e+00 0.000000000e+00
1.000000000e+00 -2.727216411e-17 0.000000000e+00 -7.638611352e-14 2.727216411e-17 1.000000000e+00 0.000000000e+00 1.833129035e-13 0.000000000e+00 0.000000000e+00 1.000000000e+00 0.000000000e+00
9.935690935e-01 -1.132274545e-01 0.000000000e+00 7.832830341e-01 1.132274545e-01 9.935690935e-01 0.000000000e+00 1.452976896e-01 0.000000000e+00 0.000000000e+00 1.000000000e+00 0.000000000e+00
9.779081220e-01 -2.090351765e-01 0.000000000e+00 1.423690180e+00 2.090351765e-01 9.779081220e-01 0.000000000e+00 2.060663977e-01 0.000000000e+00 0.000000000e+00 1.000000000e+00 0.000000000e+00
9.457669074e-01 -3.248460511e-01 0.000000000e+00 2.165014123e+00 3.248460511e-01 9.457669074e-01 0.000000000e+00 3.173758093e-01 0.000000000e+00 0.000000000e+00 1.000000000e+00 0.000000000e+00
9.457669074e-01 -3.248460511e-01 0.000000000e+00 2.165014123e+00 3.248460511e-01 9.457669074e-01 0.000000000e+00 3.173758093e-01 0.000000000e+00 0.000000000e+00 1.000000000e+00 0.000000000e+00
9.457669074e-01 -3.248460511e-01 0.000000000e+00 2.165014123e+00 3.248460511e-01 9.457669074e-01 0.000000000e+00 3.173758093e-01 0.000000000e+00 0.000000000e+00 1.000000000e+00 0.000000000e+00
9.457669074e-01 -3.248460511e-01 0.000000000e+00 2.165014123e+00 3.248460511e-01 9.457669074e-01 0.000000000e+00 3.173758093e-01 0.000000000e+00 0.000000000e+00 1.000000000e+00 0.000000000e+00
9.457669074e-01 -3.248460511e-01 0.000000000e+00 2.165014123e+00 3.248460511e-01 9.457669074e-01 0.000000000e+00 3.173758093e-01 0.000000000e+00 0.000000000e+00 1.000000000e+00 0.000000000e+00
9.457669074e-01 -3.248460511e-01 0.000000000e+00 2.165014123e+00 3.248460511e-01 9.457669074e-01 0.000000000e+00 3.173758093e-01 0.000000000e+00 0.000000000e+00 1.000000000e+00 0.000000000e+00
9.457669074e-01 -3.248460511e-01 0.000000000e+00 2.165014123e+00 3.248460511e-01 9.457669074e-01 0.000000000e+00 3.173758093e-01 0.000000000e+00 0.000000000e+00 1.000000000e+00 0.000000000e+00
9.457669074e-01 -3.248460511e-01 0.000000000e+00 2.165014123e+00 3.248460511e-01 9.457669074e-01 0.000000000e+00 3.173758093e-01 0.000000000e+00 0.000000000e+00 1.000000000e+00 0.000000000e+00
9.457669074e-01 -3.248460511e-01 0.000000000e+00 2.165014123e+00 3.248460511e-01 9.457669074e-01 0.000000000e+00 3.173758093e-01 0.000000000e+00 0.000000000e+00 1.000000000e+00 0.000000000e+00
9.457669074e-01 -3.248460511e-01 0.000000000e+00 2.165014123e+00 3.248460511e-01 9.457669074e-01 0.000000000e+00 3.173758093e-01 0.000000000e+00 0.000000000e+00 1.000000000e+00 0.000000000e+00
9.457669074e-01 -3.248460511e-01 0.000000000e+00 2.165014123e+00 3.248460511e-01 9.457669074e-01 0.000000000e+00 3.173758093e-01 0.000000000e+00 0.000000000e+00 1.000000000e+00 0.000000000e+00
9.457669074e-01 -3.248460511e-01 0.000000000e+00 2.165014123e+00 3.248460511e-01 9.457669074e-01 0.000000000e+00 3.173758093e-01 0.000000000e+00 0.000000000e+00 1.000000000e+00 0.000000000e+00
9.457669074e-01 -3.248460511e-01 0.000000000e+00 2.165014123e+00 3.248460511e-01 9.457669074e-01 0.000000000e+00 3.173758093e-01 0.000000000e+00 0.000000000e+00 1.000000000e+00 0.000000000e+00
9.457669074e-01 -3.248460511e-01 0.000000000e+00 2.165014123e+00 3.248460511e-01 9.457669074e-01 0.000000000e+00 3.173758093e-01 0.000000000e+00 0.000000000e+00 1.000000000e+00 0.000000000e+00
9.457669074e-01 -3.248460511e-01 0.000000000e+00 2.165014123e+00 3.248460511e-01 9.457669074e-01 0.000000000e+00 3.173758093e-01 0.000000000e+00 0.000000000e+00 1.000000000e+00 0.000000000e+00
9.465817859e-01 -3.224638316e-01 0.000000000e+00 2.483083360e+00 3.224638316e-01 9.465817859e-01 0.000000000e+00 3.201338200e-01 0.000000000e+00 0.000000000e+00 1.000000000e+00 0.000000000e+00
9.507591364e-01 -3.099307417e-01 0.000000000e+00 2.780776001e+00 3.099307417e-01 9.507591364e-01 0.000000000e+00 2.451450942e-01 0.000000000e+00 0.000000000e+00 1.000000000e+00 0.000000000e+00
9.530275836e-01 -3.028835171e-01 0.000000000e+00 3.097223868e+00 3.028835171e-01 9.530275836e-01 0.000000000e+00 1.525628537e-01 0.000000000e+00 0.000000000e+00 1.000000000e+00 0.000000000e+00
9.530275836e-01 -3.028835171e-01 0.000000000e+00 3.097223868e+00 3.028835171e-01 9.530275836e-01 0.000000000e+00 1.525628537e-01 0.000000000e+00 0.000000000e+00 1.000000000e+00 0.000000000e+00
9.530275836e-01 -3.028835171e-01 0.000000000e+00 3.097223868e+00 3.028835171e-01 9.530275836e-01 0.000000000e+00 1.525628537e-01 0.000000000e+00 0.000000000e+00 1.000000000e+00 0.000000000e+00
9.530275836e-01 -3.028835171e-01 0.000000000e+00 3.097223868e+00 3.028835171e-01 9.530275836e-01 0.000000000e+00 1.525628537e-01 0.000000000e+00 0.000000000e+00 1.000000000e+00 0.000000000e+00
9.530275836e-01 -3.028835171e-01 0.000000000e+00 3.097223868e+00 3.028835171e-01 9.530275836e-01 0.000000000e+00 1.525628537e-01 0.000000000e+00 0.000000000e+00 1.000000000e+00 0.000000000e+00
9.530275836e-01 -3.028835171e-01 0.000000000e+00 3.097223868e+00 3.028835171e-01 9.530275836e-01 0.000000000e+00 1.525628537e-01 0.000000000e+00 0.000000000e+00 1.000000000e+00 0.000000000e+00
9.530275836e-01 -3.028835171e-01 0.000000000e+00 3.097223868e+00 3.028835171e-01 9.530275836e-01 0.000000000e+00 1.525628537e-01 0.000000000e+00 0.000000000e+00 1.000000000e+00 0.000000000e+00
9.530275836e-01 -3.028835171e-01 0.000000000e+00 3.097223868e+00 3.028835171e-01 9.530275836e-01 0.000000000e+00 1.525628537e-01 0.000000000e+00 0.000000000e+00 1.000000000e+00 0.000000000e+00
9.530275836e-01 -3.028835171e-01 0.000000000e+00 3.097223868e+00 3.028835171e-01 9.530275836e-01 0.000000000e+00 1.525628537e-01 0.000000000e+00 0.000000000e+00 1.000000000e+00 0.000000000e+00
9.530275836e-01 -3.028835171e-01 0.000000000e+00 3.097223868e+00 3.028835171e-01 9.530275836e-01 0.000000000e+00 1.525628537e-01 0.000000000e+00 0.000000000e+00 1.000000000e+00 0.000000000e+00
9.530275836e-01 -3.028835171e-01 0.000000000e+00 3.097223868e+00 3.028835171e-01 9.530275836e-01 0.000000000e+00 1.525628537e-01 0.000000000e+00 0.000000000e+00 1.000000000e+00 0.000000000e+00
9.530275836e-01 -3.028835171e-01 0.000000000e+00 3.097223868e+00 3.028835171e-01 9.530275836e-01 0.000000000e+00 1.525628537e-01 0.000000000e+00 0.000000000e+00 1.000000000e+00 0.000000000e+00
9.530275836e-01 -3.028835171e-01 0.000000000e+00 3.097223868e+00 3.028835171e-01 9.530275836e-01 0.000000000e+00 1.525628537e-01 0.000000000e+00 0.000000000e+00 1.000000000e+00 0.000000000e+00
9.530275836e-01 -3.028835171e-01 0.000000000e+00 3.097223868e+00 3.028835171e-01 9.530275836e-01 0.000000000e+00 1.525628537e-01 0.000000000e+00 0.000000000e+00 1.000000000e+00 0.000000000e+00
9.530275836e-01 -3.028835171e-01 0.000000000e+00 3.097223868e+00 3.028835171e-01 9.530275836e-01 0.000000000e+00 1.525628537e-01 0.000000000e+00 0.000000000e+00 1.000000000e+00 0.000000000e+00
9.530275836e-01 -3.028835171e-01 0.000000000e+00 3.097223868e+00 3.028835171e-01 9.530275836e-01 0.000000000e+00 1.525628537e-01 0.000000000e+00 0.000000000e+00 1.000000000e+00 0.000000000e+00
9.530275836e-01 -3.028835171e-01 0.000000000e+00 3.097223868e+00 3.028835171e-01 9.530275836e-01 0.000000000e+00 1.525628537e-01 0.000000000e+00 0.000000000e+00 1.000000000e+00 0.000000000e+00
9.303626722e-01 -3.666405572e-01 0.000000000e+00 2.930709894e+00 3.666405572e-01 9.303626722e-01 0.000000000e+00 6.088481005e-01 0.000000000e+00 0.000000000e+00 1.000000000e+00 0.000000000e+00
9.303626722e-01 -3.666405572e-01 0.000000000e+00 2.930709894e+00 3.666405572e-01 9.303626722e-01 0.000000000e+00 6.088481005e-01 0.000000000e+00 0.000000000e+00 1.000000000e+00 0.000000000e+00
8.372926637e-01 -5.467549683e-01 0.000000000e+00 2.460804525e+00 5.467549683e-01 8.372926637e-01 0.000000000e+00 1.499964860e+00 0.000000000e+00 0.000000000e+00 1.000000000e+00 0.000000000e+00
7.600825068e-01 -6.498265790e-01 0.000000000e+00 2.147960208e+00 6.498265790e-01 7.600825068e-01 0.000000000e+00 1.902448121e+00 0.000000000e+00 0.000000000e+00 1.000000000e+00 0.000000000e+00
6.683825846e-01 -7.438176662e-01 0.000000000e+00 1.796556953e+00 7.438176662e-01 6.683825846e-01 0.000000000e+00 2.270956656e+00 0.000000000e+00 0.000000000e+00 1.000000000e+00 0.000000000e+00
5.726959773e-01 -8.197678437e-01 0.000000000e+00 1.398887057e+00 8.197678437e-01 5.726959773e-01 0.000000000e+00 2.573048697e+00 0.000000000e+00 0.000000000e+00 1.000000000e+00 0.000000000e+00
4.504334002e-01 -8.928100313e-01 0.000000000e+00 9.791630867e-01 8.928100313e-01 4.504334002e-01 0.000000000e+00 2.854403529e+00 0.000000000e+00 0.000000000e+00 1.000000000e+00 0.000000000e+00
3.288326365e-01 -9.443882132e-01 0.000000000e+00 5.364098770e-01 9.443882132e-01 3.288326365e-01 0.000000000e+00 3.060925770e+00 0.000000000e+00 0.000000000e+00 1.000000000e+00 0.000000000e+00
2.041238036e-01 -9.789450816e-01 0.000000000e+00 4.870898192e-02 9.789450816e-01 2.041238036e-01 0.000000000e+00 3.185677163e+00 0.000000000e+00 0.000000000e+00 1.000000000e+00 0.000000000e+00
7.481960996e-02 -9.971970848e-01 0.000000000e+00 -4.468291992e-01 9.971970848e-01 7.481960996e-02 0.000000000e+00 3.263222063e+00 0.000000000e+00 0.000000000e+00 1.000000000e+00 0.000000000e+00
-5.216769534e-02 -9.986383387e-01 0.000000000e+00 -9.509305804e-01 9.986383387e-01 -5.216769534e-02 0.000000000e+00 3.257496905e+00 0.000000000e+00 0.000000000e+00 1.000000000e+00 0.000000000e+00
-1.770091861e-01 -9.842091993e-01 0.000000000e+00 -1.421813270e+00 9.842091993e-01 -1.770091861e-01 0.000000000e+00 3.212409767e+00 0.000000000e+00 0.000000000e+00 1.000000000e+00 0.000000000e+00
-3.023483777e-01 -9.531974919e-01 0.000000000e+00 -1.902972612e+00 9.531974919e-01 -3.023483777e-01 0.000000000e+00 3.079791746e+00 0.000000000e+00 0.000000000e+00 1.000000000e+00 0.000000000e+00
-4.215434202e-01 -9.068082184e-01 0.000000000e+00 -2.371434802e+00 9.068082184e-01 -4.215434202e-01 0.000000000e+00 2.876756944e+00 0.000000000e+00 0.000000000e+00 1.000000000e+00 0.000000000e+00
-5.302253163e-01 -8.478567768e-01 0.000000000e+00 -2.811237153e+00 8.478567768e-01 -5.302253163e-01 0.000000000e+00 2.635876265e+00 0.000000000e+00 0.000000000e+00 1.000000000e+00 0.000000000e+00
-6.354528395e-01 -7.721396822e-01 0.000000000e+00 -3.229894112e+00 7.721396822e-01 -6.354528395e-01 0.000000000e+00 2.346490118e+00 0.000000000e+00 0.000000000e+00 1.000000000e+00 0.000000000e+00
-7.302598674e-01 -6.831694710e-01 0.000000000e+00 -3.602315755e+00 6.831694710e-01 -7.302598674e-01 0.000000000e+00 2.013989450e+00 0.000000000e+00 0.000000000e+00 1.000000000e+00 0.000000000e+00
-8.135910365e-01 -5.814375507e-01 0.000000000e+00 -3.936727744e+00 5.814375507e-01 -8.135910365e-01 0.000000000e+00 1.631870126e+00 0.000000000e+00 0.000000000e+00 1.000000000e+00 0.000000000e+00
-8.813882157e-01 -4.723926473e-01 0.000000000e+00 -4.207815049e+00 4.723926473e-01 -8.813882157e-01 0.000000000e+00 1.198786131e+00 0.000000000e+00 0.000000000e+00 1.000000000e+00 0.000000000e+00
-9.336994848e-01 -3.580576379e-01 0.000000000e+00 -4.404331007e+00 3.580576379e-01 -9.336994848e-01 0.000000000e+00 7.357984796e-01 0.000000000e+00 0.000000000e+00 1.000000000e+00 0.000000000e+00
-9.729179012e-01 -2.311509412e-01 0.000000000e+00 -4.587660469e+00 2.311509412e-01 -9.729179012e-01 0.000000000e+00 2.761881789e-01 0.000000000e+00 0.000000000e+00 1.000000000e+00 0.000000000e+00
-9.941464769e-01 -1.080406516e-01 0.000000000e+00 -4.665128522e+00 1.080406516e-01 -9.941464769e-01 0.000000000e+00 -2.210810208e-01 0.000000000e+00 0.000000000e+00 1.000000000e+00 0.000000000e+00
-9.998694271e-01 1.615947800e-02 0.000000000e+00 -4.701765975e+00 -1.615947800e-02 -9.998694271e-01 0.000000000e+00 -7.229571190e-01 0.000000000e+00 0.000000000e+00 1.000000000e+00 0.000000000e+00
-9.894391567e-01 1.449488019e-01 0.000000000e+00 -4.664245637e+00 -1.449488019e-01 -9.894391567e-01 0.000000000e+00 -1.242112501e+00 0.000000000e+00 0.000000000e+00 1.000000000e+00 0.000000000e+00
-9.631615698e-01 2.689233916e-01 0.000000000e+00 -4.558190853e+00 -2.689233916e-01 -9.631615698e-01 0.000000000e+00 -1.737345400e+00 0.000000000e+00 0.000000000e+00 1.000000000e+00 0.000000000e+00
-9.227455112e-01 3.854098099e-01 0.000000000e+00 -4.390910787e+00 -3.854098099e-01 -9.227455112e-01 0.000000000e+00 -2.214335683e+00 0.000000000e+00 0.000000000e+00 1.000000000e+00 0.000000000e+00
-8.673394588e-01 4.977170513e-01 0.000000000e+00 -4.142846492e+00 -4.977170513e-01 -8.673394588e-01 0.000000000e+00 -2.692423212e+00 0.000000000e+00 0.000000000e+00 1.000000000e+00 0.000000000e+00
-7.960219952e-01 6.052676955e-01 0.000000000e+00 -3.872986101e+00 -6.052676955e-01 -7.960219952e-01 0.000000000e+00 -3.113929474e+00 0.000000000e+00 0.000000000e+00 1.000000000e+00 0.000000000e+00
-7.158145187e-01 6.982904659e-01 0.000000000e+00 -3.526127226e+00 -6.982904659e-01 -7.158145187e-01 0.000000000e+00 -3.487638288e+00 0.000000000e+00 0.000000000e+00 1.000000000e+00 0.000000000e+00
-6.249437868e-01 7.806697531e-01 0.000000000e+00 -3.155684047e+00 -7.806697531e-01 -6.249437868e-01 0.000000000e+00 -3.837248404e+00 0.000000000e+00 0.000000000e+00 1.000000000e+00 0.000000000e+00
-5.210694489e-01 8.535142819e-01 0.000000000e+00 -2.745571011e+00 -8.535142819e-01 -5.210694489e-01 0.000000000e+00 -4.123702930e+00 0.000000000e+00 0.000000000e+00 1.000000000e+00 0.000000000e+00
-4.077477150e-01 9.130946287e-01 0.000000000e+00 -2.311011914e+00 -9.130946287e-01 -4.077477150e-01 0.000000000e+00 -4.372704234e+00 0.000000000e+00 0.000000000e+00 1.000000000e+00 0.000000000e+00
-2.917808113e-01 9.564852106e-01 0.000000000e+00 -1.832725211e+00 -9.564852106e-01 -2.917808113e-01 0.000000000e+00 -4.532632723e+00 0.000000000e+00 0.000000000e+00 1.000000000e+00 0.000000000e+00
-1.718906660e-01 9.851160332e-01 0.000000000e+00 -1.328675021e+00 -9.851160332e-01 -1.718906660e-01 0.000000000e+00 -4.658932898e+00 0.000000000e+00 0.000000000e+00 1.000000000e+00 0.000000000e+00
-4.560792024e-02 9.989594174e-01 0.000000000e+00 -8.400543179e-01 -9.989594174e-01 -4.560792024e-02 0.000000000e+00 -4.706814127e+00 0.000000000e+00 0.000000000e+00 1.000000000e+00 0.000000000e+00
6.938771566e-02 9.975897678e-01 0.000000000e+00 -3.837522493e-01 -9.975897678e-01 6.938771566e-02 0.000000000e+00 -4.619642392e+00 0.000000000e+00 0.000000000e+00 1.000000000e+00 0.000000000e+00
1.943811972e-01 9.809260676e-01 0.000000000e+00 1.080616266e-01 -9.809260676e-01 1.943811972e-01 0.000000000e+00 -4.587385021e+00 0.000000000e+00 0.000000000e+00 1.000000000e+00 0.000000000e+00
3.179436518e-01 9.481096109e-01 0.000000000e+00 6.031904692e-01 -9.481096109e-01 3.179436518e-01 0.000000000e+00 -4.457990549e+00 0.000000000e+00 0.000000000e+00 1.000000000e+00 0.000000000e+00
4.345274586e-01 9.006585856e-01 0.000000000e+00 1.073760243e+00 -9.006585856e-01 4.345274586e-01 0.000000000e+00 -4.261470858e+00 0.000000000e+00 0.000000000e+00 1.000000000e+00 0.000000000e+00
5.474137932e-01 8.368620788e-01 0.000000000e+00 1.510083036e+00 -8.368620788e-01 5.474137932e-01 0.000000000e+00 -4.044022285e+00 0.000000000e+00 0.000000000e+00 1.000000000e+00 0.000000000e+00
6.606570686e-01 7.506878430e-01 0.000000000e+00 1.965376356e+00 -7.506878430e-01 6.606570686e-01 0.000000000e+00 -3.843200888e+00 0.000000000e+00 0.000000000e+00 1.000000000e+00 0.000000000e+00
7.507772389e-01 6.605554765e-01 0.000000000e+00 2.320426362e+00 -6.605554765e-01 7.507772389e-01 0.000000000e+00 -3.488583334e+00 0.000000000e+00 0.000000000e+00 1.000000000e+00 0.000000000e+00
8.304562066e-01 5.570839155e-01 0.000000000e+00 2.638775277e+00 -5.570839155e-01 8.304562066e-01 0.000000000e+00 -3.123262147e+00 0.000000000e+00 0.000000000e+00 1.000000000e+00 0.000000000e+00
8.946786632e-01 4.467102973e-01 0.000000000e+00 2.897354730e+00 -4.467102973e-01 8.946786632e-01 0.000000000e+00 -2.713503410e+00 0.000000000e+00 0.000000000e+00 1.000000000e+00 0.000000000e+00
9.437261077e-01 3.307280357e-01 0.000000000e+00 3.093999979e+00 -3.307280357e-01 9.437261077e-01 0.000000000e+00 -2.274483945e+00 0.000000000e+00 0.000000000e+00 1.000000000e+00 0.000000000e+00
9.776040539e-01 2.104526403e-01 0.000000000e+00 3.216846573e+00 -2.104526403e-01 9.776040539e-01 0.000000000e+00 -1.794508254e+00 0.000000000e+00 0.000000000e+00 1.000000000e+00 0.000000000e+00
9.963181094e-01 8.573345284e-02 0.000000000e+00 3.271185541e+00 -8.573345284e-02 9.963181094e-01 0.000000000e+00 -1.320420094e+00 0.000000000e+00 0.000000000e+00 1.000000000e+00 0.000000000e+00
9.992157809e-01 -3.959574695e-02 0.000000000e+00 3.286723292e+00 3.959574695e-02 9.992157809e-01 0.000000000e+00 -8.164344708e-01 0.000000000e+00 0.000000000e+00 1.000000000e+00 0.000000000e+00
9.865064963e-01 -1.637221208e-01 0.000000000e+00 3.215246360e+00 1.637221208e-01 9.865064963e-01 0.000000000e+00 -3.275208822e-01 0.000000000e+00 0.000000000e+00 1.000000000e+00 0.000000000e+00
9.587903203e-01 -2.841146278e-01 0.000000000e+00 3.097224212e+00 2.841146278e-01 9.587903203e-01 0.000000000e+00 1.525619124e-01 0.000000000e+00 0.000000000e+00 1.000000000e+00 0.000000000e+00
9.282386918e-01 -3.719851220e-01 0.000000000e+00 2.930710257e+00 3.719851220e-01 9.282386918e-01 0.000000000e+00 6.088479191e-01 0.000000000e+00 0.000000000e+00 1.000000000e+00 0.000000000e+00
8.741478047e-01 -4.856599794e-01 0.000000000e+00 2.721534527e+00 4.856599794e-01 8.741478047e-01 0.000000000e+00 1.071041263e+00 0.000000000e+00 0.000000000e+00 1.000000000e+00 0.000000000e+00
8.313101890e-01 -5.558087527e-01 0.000000000e+00 2.461214080e+00 5.558087527e-01 8.313101890e-01 0.000000000e+00 1.500427880e+00 0.000000000e+00 0.000000000e+00 1.000000000e+00 0.000000000e+00
7.587660045e-01 -6.513633014e-01 0.000000000e+00 2.147526901e+00 6.513633014e-01 7.587660045e-01 0.000000000e+00 1.902127762e+00 0.000000000e+00 0.000000000e+00 1.000000000e+00 0.000000000e+00
6.680873679e-01 -7.440828374e-01 0.000000000e+00 1.796549262e+00 7.440828374e-01 6.680873679e-01 0.000000000e+00 2.270951308e+00 0.000000000e+00 0.000000000e+00 1.000000000e+00 0.000000000e+00
5.723706293e-01 -8.199950382e-01 0.000000000e+00 1.398759520e+00 8.199950382e-01 5.723706293e-01 0.000000000e+00 2.572885521e+00 0.000000000e+00 0.000000000e+00 1.000000000e+00 0.000000000e+00
4.504566870e-01 -8.927982825e-01 0.000000000e+00 9.791600570e-01 8.927982825e-01 4.504566870e-01 0.000000000e+00 2.854401419e+00 0.000000000e+00 0.000000000e+00 1.000000000e+00 0.000000000e+00
3.291440081e-01 -9.442797371e-01 0.000000000e+00 5.363769640e-01 9.442797371e-01 3.291440081e-01 0.000000000e+00 3.061056913e+00 0.000000000e+00 0.000000000e+00 1.000000000e+00 0.000000000e+00
2.058334540e-01 -9.785870371e-01 0.000000000e+00 4.606391471e-02 9.785870371e-01 2.058334540e-01 0.000000000e+00 3.196537346e+00 0.000000000e+00 0.000000000e+00 1.000000000e+00 0.000000000e+00
