1.000000000e+00 0.000000000e+00 0.000000000e+00 0.000000000e+00 0.000000000e+00 1.000000000e+00 0.000000000e+00 0.000000000e+00 0.000000000e+00 0.000000000e+00 1.000000000e+00 0.000000000e+00
9.999977485e-01 -2.098423937e-03 3.156018582e-04 -1.303102661e-02 2.097565454e-03 9.999941650e-01 2.696314576e-03 -2.627729082e-02 -3.212580277e-04 -2.695646510e-03 9.999963151e-01 1.310442009e+00
9.999935948e-01 -3.348869461e-03 -1.263070286e-03 2.647103763e-02 3.352909751e-03 9.999892258e-01 3.210348744e-03 -6.721484140e-02 1.252305639e-03 -3.214563142e-03 9.999940491e-01 2.624082776e+00
9.999863568e-01 -5.021734395e-03 -1.438224038e-03 5.530653841e-02 5.025606194e-03 9.999837232e-01 2.701228738e-03 -9.457216837e-02 1.424635775e-03 -2.708419832e-03 9.999953174e-01 3.940082034e+00
9.999846562e-01 -5.392442495e-03 -1.268408583e-03 2.508174640e-02 5.396591066e-03 9.999800251e-01 3.290328149e-03 -1.003724283e-01 1.250640342e-03 -3.297122745e-03 9.999937824e-01 5.259190512e+00
9.999858672e-01 -5.314701602e-03 1.393183526e-04 4.865947761e-03 5.314185707e-03 9.999798476e-01 3.473304408e-03 -1.074370038e-01 -1.577751215e-04 -3.472514957e-03 9.999939584e-01 6.579743265e+00
9.999706943e-01 -7.576290299e-03 -1.100139181e-03 7.894185842e-03 7.582139834e-03 9.999565989e-01 5.414000544e-03 -1.432664629e-01 1.059073394e-03 -5.422183293e-03 9.999847390e-01 7.906483639e+00
9.999611808e-01 -8.594953209e-03 -1.940007039e-03 6.194197216e-02 8.607711660e-03 9.999407284e-01 6.666853715e-03 -1.843173207e-01 1.882590756e-03 -6.683293935e-03 9.999758944e-01 9.235037209e+00
9.999674356e-01 -7.733241945e-03 -2.307546562e-03 6.861776127e-02 7.740844840e-03 9.999645800e-01 3.304258275e-03 -1.557908651e-01 2.281912200e-03 -3.322013034e-03 9.999918785e-01 1.056549091e+01
9.999653430e-01 -7.483737261e-03 -3.647803550e-03 6.928302099e-02 7.495170966e-03 9.999670095e-01 3.130880576e-03 -2.115007034e-01 3.624252520e-03 -3.158112980e-03 9.999884455e-01 1.189902811e+01
9.999775760e-01 -5.227536919e-03 -4.185721192e-03 4.481146539e-02 5.237127776e-03 9.999836786e-01 2.283654454e-03 -2.262109649e-01 4.173714988e-03 -2.305524402e-03 9.999886323e-01 1.323661371e+01
9.999932593e-01 -2.907657365e-03 -2.242065999e-03 -1.600290020e-01 2.911897836e-03 9.999939736e-01 1.890383926e-03 -2.584626210e-01 2.236555898e-03 -1.896899851e-03 9.999956998e-01 1.455900182e+01
9.999941021e-01 -2.286957356e-03 -2.562340406e-03 -1.336432964e-01 2.295875129e-03 9.999912995e-01 3.482804399e-03 -2.729027014e-01 2.554353087e-03 -3.488666671e-03 9.999906522e-01 1.590902932e+01
9.999895025e-01 -4.410976472e-03 -1.240254779e-03 -1.660476780e-01 4.419167846e-03 9.999679151e-01 6.681296664e-03 -2.953680923e-01 1.210743943e-03 -6.686707421e-03 9.999769108e-01 1.726014366e+01
9.999748789e-01 -6.998127072e-03 -1.125947523e-03 -1.986037510e-01 7.006827582e-03 9.999441002e-01 7.918383374e-03 -3.140751799e-01 1.070470729e-03 -7.926073776e-03 9.999680152e-01 1.861221185e+01
9.999588556e-01 -9.012560251e-03 -1.029981902e-03 -1.717646446e-01 9.018479911e-03 9.999419564e-01 5.894977835e-03 -3.271052228e-01 9.767932753e-04 -5.904024161e-03 9.999820940e-01 1.996399679e+01
9.999206951e-01 -1.256255121e-02 -8.864931108e-04 -1.827996436e-01 1.256752677e-02 9.999039127e-01 5.850011306e-03 -3.771129367e-01 8.129168635e-04 -5.860688397e-03 9.999824956e-01 2.131779751e+01
9.999551494e-01 -9.331838133e-03 -1.617385103e-03 -1.875194834e-01 9.335997377e-03 9.999530815e-01 2.583401344e-03 -3.580698695e-01 1.593201335e-03 -2.598385380e-03 9.999953550e-01 2.268245602e+01
9.999817661e-01 -6.007206370e-03 -6.171722180e-04 -1.680853412e-01 6.010479522e-03 9.999671068e-01 5.446054524e-03 -3.834156368e-01 5.844363438e-04 -5.449664722e-03 9.999849797e-01 2.404866977e+01
9.999795445e-01 -6.385353393e-03 3.713608321e-04 -2.144972709e-01 6.381495724e-03 9.999335810e-01 9.597396687e-03 -4.107819215e-01 -4.326189362e-04 -9.594830530e-03 9.999538750e-01 2.542437181e+01
9.999638493e-01 -8.502938780e-03 1.049148954e-05 -2.112097003e-01 8.502176424e-03 9.998892646e-01 1.221358163e-02 -4.154020051e-01 -1.143416647e-04 -1.221305090e-02 9.999254114e-01 2.679611136e+01
9.999442132e-01 -1.052796917e-02 -8.558235497e-04 -1.489768308e-01 1.053622335e-02 9.998915216e-01 1.029238176e-02 -4.250215385e-01 7.473728334e-04 -1.030082473e-02 9.999466658e-01 2.816929519e+01
9.998797824e-01 -1.547544983e-02 -9.649811355e-04 -1.442211683e-01 1.548477307e-02 9.998244712e-01 1.054744479e-02 -4.719087078e-01 8.015853008e-04 -1.056111931e-02 9.999439085e-01 2.954408332e+01
9.998644272e-01 -1.646234039e-02 -3.444080499e-04 -1.434850295e-01 1.646453838e-02 9.998335976e-01 7.854689953e-03 -4.911326761e-01 2.150441599e-04 -7.859295590e-03 9.999690921e-01 3.092392085e+01
9.998906028e-01 -1.478103748e-02 5.508498942e-04 -1.640420362e-01 1.477719766e-02 9.998701869e-01 6.422127140e-03 -4.980527491e-01 -6.457040886e-04 -6.413284559e-03 9.999792262e-01 3.230946344e+01
9.999123186e-01 -1.314485760e-02 1.602431444e-03 -2.269802508e-01 1.313724066e-02 9.999027755e-01 4.674662268e-03 -5.494512602e-01 -1.663723419e-03 -4.653200860e-03 9.999877898e-01 3.368983255e+01
9.999208145e-01 -1.247724043e-02 1.638035714e-03 -2.781053049e-01 1.246914897e-02 9.999104446e-01 4.860353423e-03 -5.334822066e-01 -1.698532818e-03 -4.839543642e-03 9.999868468e-01 3.508217620e+01
9.999562399e-01 -8.998235711e-03 2.559285903e-03 -2.722541827e-01 8.983976872e-03 9.999443555e-01 5.529384535e-03 -5.455840169e-01 -2.608898198e-03 -5.506150004e-03 9.999814378e-01 3.647952818e+01
9.999751887e-01 -6.449833272e-03 2.832240559e-03 -2.681750795e-01 6.430735300e-03 9.999568690e-01 6.701174838e-03 -5.550739526e-01 -2.875339862e-03 -6.682795184e-03 9.999735360e-01 3.787772176e+01
9.999764458e-01 -5.963448838e-03 3.397818148e-03 -3.822007391e-01 5.942577047e-03 9.999636148e-01 6.120039796e-03 -5.020279496e-01 -3.434191062e-03 -6.099703847e-03 9.999754997e-01 3.926792185e+01
9.999750723e-01 -3.638771927e-03 6.050958277e-03 -5.200505536e-01 3.604104515e-03 9.999770867e-01 5.730311860e-03 -4.881268219e-01 -6.071670928e-03 -5.708360731e-03 9.999652741e-01 4.066401665e+01
9.999779909e-01 -3.183369853e-03 5.820992223e-03 -5.595882416e-01 3.138440277e-03 9.999653412e-01 7.711454846e-03 -5.375441879e-01 -5.845338888e-03 -7.693016287e-03 9.999533237e-01 4.206948189e+01
9.999897511e-01 -1.913665030e-03 4.103118443e-03 -5.175464025e-01 1.885047744e-03 9.999739528e-01 6.967081406e-03 -5.569331913e-01 -4.116344228e-03 -6.959275427e-03 9.999673116e-01 4.347649664e+01
9.999883360e-01 -2.495998572e-03 4.134951621e-03 -5.396923611e-01 2.467132232e-03 9.999726553e-01 6.971511906e-03 -5.864480023e-01 -4.152239436e-03 -6.961229118e-03 9.999671496e-01 4.488585182e+01
9.999846990e-01 -3.732507558e-03 4.082905365e-03 -5.853719272e-01 3.704150397e-03 9.999691198e-01 6.930990270e-03 -5.865821925e-01 -4.108649257e-03 -6.915760524e-03 9.999676451e-01 4.629833947e+01
9.999846990e-01 -3.732507560e-03 4.082905364e-03 -6.209178345e-01 3.704150399e-03 9.999691198e-01 6.930990270e-03 -6.138333198e-01 -4.108649257e-03 -6.915760524e-03 9.999676451e-01 4.771357556e+01
9.999915264e-01 -4.113274975e-03 -1.675945869e-04 -4.799066422e-01 4.114629126e-03 9.999501770e-01 9.094688850e-03 -6.786259445e-01 1.301772808e-04 -9.095301375e-03 9.999586284e-01 4.912786238e+01
9.999949854e-01 -3.160417746e-03 -2.022178246e-04 -5.192770666e-01 3.162190360e-03 9.999501985e-01 9.465781981e-03 -7.100641853e-01 1.722919285e-04 -9.466373966e-03 9.999551780e-01 5.054968586e+01
9.999974520e-01 -1.334761070e-03 -1.820524895e-03 -5.030565326e-01 1.351831364e-03 9.999548319e-01 9.407802477e-03 -7.143932911e-01 1.807885497e-03 -9.410239549e-03 9.999540884e-01 5.197587301e+01
9.999889694e-01 -3.142008946e-03 -3.491251427e-03 -6.125595795e-01 3.175232466e-03 9.999493394e-01 9.551781799e-03 -6.780873572e-01 3.461062774e-03 -9.562761972e-03 9.999482860e-01 5.340018731e+01
9.999822113e-01 -4.250948321e-03 -4.184072876e-03 -5.364300026e-01 4.297597719e-03 9.999279961e-01 1.120416299e-02 -7.370886695e-01 4.136143288e-03 -1.122194515e-02 9.999284776e-01 5.482458287e+01
9.999695533e-01 -6.183310501e-03 -4.760169773e-03 -5.769512309e-01 6.241331030e-03 9.999052180e-01 1.227195044e-02 -7.648581928e-01 4.683837315e-03 -1.230128660e-02 9.999133663e-01 5.625584611e+01
9.999267769e-01 -1.045925100e-02 -6.086452264e-03 -5.821215781e-01 1.053928453e-02 9.998564128e-01 1.326941011e-02 -7.916632322e-01 5.946790236e-03 -1.333258533e-02 9.998934332e-01 5.768463485e+01
9.998971523e-01 -1.270524776e-02 -6.652932798e-03 -5.808326067e-01 1.278994775e-02 9.998356681e-01 1.284733425e-02 -7.874034817e-01 6.488610944e-03 -1.293110360e-02 9.998953368e-01 5.911289103e+01
9.998193510e-01 -1.750806960e-02 -7.398171449e-03 -5.907956659e-01 1.761663006e-02 9.997341911e-01 1.487284139e-02 -8.264384759e-01 7.135810207e-03 -1.500048548e-02 9.998620233e-01 6.054199279e+01
9.998183703e-01 -1.756561026e-02 -7.394299771e-03 -6.252236638e-01 1.767410275e-02 9.997331872e-01 1.487214182e-02 -8.416087486e-01 7.131088630e-03 -1.500012822e-02 9.998620624e-01 6.196641344e+01
9.997754415e-01 -1.975018834e-02 -7.680923415e-03 -6.210445601e-01 1.986296901e-02 9.996917515e-01 1.489511494e-02 -8.408155642e-01 7.384374456e-03 -1.504433606e-02 9.998595596e-01 6.339062962e+01
9.997513689e-01 -2.093380051e-02 -7.679604284e-03 -6.688585070e-01 2.104560399e-02 9.996692826e-01 1.477863358e-02 -8.925924228e-01 7.367691538e-03 -1.493658106e-02 9.998612982e-01 6.480891653e+01
9.997218458e-01 -2.283808588e-02 -5.886661255e-03 -8.551619614e-01 2.291727505e-02 9.996427284e-01 1.375551074e-02 -8.321644570e-01 5.570408583e-03 -1.388659082e-02 9.998880603e-01 6.621301893e+01
9.998039867e-01 -1.910849136e-02 -5.182065981e-03 -8.682392069e-01 1.917671099e-02 9.997256255e-01 1.345093156e-02 -8.579331083e-01 4.923617145e-03 -1.354766998e-02 9.998961039e-01 6.762658815e+01
9.997912638e-01 -1.980176020e-02 -5.031818486e-03 -8.865144294e-01 1.986883245e-02 9.997094263e-01 1.364889705e-02 -7.465714509e-01 4.760084186e-03 -1.374602438e-02 9.998941886e-01 6.903516241e+01
9.998295530e-01 -1.834073370e-02 -2.117198016e-03 -1.090065186e+00 1.837086476e-02 9.997154242e-01 1.521781584e-02 -7.300030945e-01 1.837489604e-03 -1.525411677e-02 9.998819608e-01 7.043459748e+01
9.999256059e-01 -1.207488783e-02 -1.726203608e-03 -1.046648996e+00 1.210135796e-02 9.997947506e-01 1.624850338e-02 -7.659310755e-01 1.529650450e-03 -1.626818400e-02 9.998664943e-01 7.184342170e+01
9.999721239e-01 -7.466669750e-03 -1.643200615e-05 -1.075861622e+00 7.465963401e-03 9.998420287e-01 1.613000477e-02 -7.678058413e-01 -1.040080083e-04 -1.612967781e-02 9.998699029e-01 7.324332579e+01
9.999746215e-01 -6.920815107e-03 1.690790473e-03 -1.156154068e+00 6.892007014e-03 9.998403097e-01 1.648803669e-02 -7.280833006e-01 -1.804631123e-03 -1.647596531e-02 9.998626335e-01 7.464316706e+01
9.999959075e-01 -1.757446344e-03 2.257530108e-03 -1.144293153e+00 1.721088367e-03 9.998703917e-01 1.600742347e-02 -7.665222089e-01 -2.285369701e-03 -1.600347255e-02 9.998693244e-01 7.604485890e+01
9.999987200e-01 3.449468449e-04 1.562345993e-03 -1.090356132e+00 -3.705141080e-04 9.998655400e-01 1.639404497e-02 -7.861059390e-01 -1.556480845e-03 -1.639460286e-02 9.998643880e-01 7.744012367e+01
9.999966702e-01 -2.281896633e-03 1.205188964e-03 -1.067682095e+00 2.258592839e-03 9.998170090e-01 1.899598194e-02 -8.499602265e-01 -1.248315293e-03 -1.899319665e-02 9.998188337e-01 7.883279207e+01
9.999773193e-01 -6.556373999e-03 1.541025539e-03 -1.165683070e+00 6.524677034e-03 9.997837627e-01 1.974478404e-02 -8.465843889e-01 -1.670146500e-03 -1.973428152e-02 9.998038651e-01 8.021994907e+01
9.999965447e-01 -2.393346471e-03 1.087453362e-03 -1.162262387e+00 2.370627731e-03 9.997884032e-01 2.043352688e-02 -9.441684971e-01 -1.136127770e-03 -2.043087833e-02 9.997906223e-01 8.160217348e+01
9.999878869e-01 1.937584623e-04 4.918173135e-03 -1.326440373e+00 -2.985565166e-04 9.997727320e-01 2.131654786e-02 -1.000600446e+00 -4.912925130e-03 -2.131775801e-02 9.997606795e-01 8.297767104e+01
9.999825055e-01 3.960297183e-04 5.901850001e-03 -1.408090601e+00 -5.079599483e-04 9.998198130e-01 1.897586400e-02 -9.334048586e-01 -5.893271558e-03 -1.897852993e-02 9.998025229e-01 8.436026421e+01
9.999776724e-01 -1.957496805e-03 6.389282965e-03 -1.518519658e+00 1.829384437e-03 9.997983912e-01 1.999575948e-02 -8.982989593e-01 -6.427136464e-03 -1.998362457e-02 9.997796491e-01 8.573751939e+01
9.999946438e-01 -1.953835949e-04 3.267144095e-03 -1.445756503e+00 1.293589789e-04 9.997960179e-01 2.019667704e-02 -9.016932668e-01 -3.270423756e-03 -2.019614623e-02 9.997906881e-01 8.712040635e+01
9.999913225e-01 -2.719734277e-03 3.155622235e-03 -1.524540401e+00 2.653253814e-03 9.997783930e-01 2.088360706e-02 -8.657495669e-01 -3.211720789e-03 -2.087505318e-02 9.997769336e-01 8.849679040e+01
9.999881362e-01 -4.428902600e-03 2.027872044e-03 -1.568237958e+00 4.386938839e-03 9.997853172e-01 2.025029062e-02 -8.408237194e-01 -2.117123259e-03 -2.024115423e-02 9.997928853e-01 8.987333048e+01
9.999806328e-01 -5.812226803e-03 2.225336595e-03 -1.595985707e+00 5.766416698e-03 9.997820173e-01 2.006654633e-02 -8.361789531e-01 -2.341482829e-03 -2.005332548e-02 9.997961700e-01 9.124210957e+01
9.999616817e-01 -8.446615228e-03 2.299944096e-03 -1.603671866e+00 8.398482363e-03 9.997608934e-01 2.018963837e-02 -8.119385046e-01 -2.469928271e-03 -2.016954870e-02 9.997935231e-01 9.260814454e+01
9.999482369e-01 -1.006823131e-02 1.467723274e-03 -1.579751911e+00 1.003821311e-02 9.997653366e-01 1.919651155e-02 -7.500414009e-01 -1.660653771e-03 -1.918078456e-02 9.998146527e-01 9.396886275e+01
9.999303260e-01 -1.161350740e-02 2.114122758e-03 -1.595173348e+00 1.157035584e-02 9.997450121e-01 1.939169011e-02 -7.788448941e-01 -2.338789219e-03 -1.936587787e-02 9.998097283e-01 9.532620674e+01
9.999540432e-01 -9.580675119e-03 -3.493671773e-04 -1.484650592e+00 9.585369236e-03 9.997963177e-01 1.776073613e-02 -7.695157238e-01 1.791361746e-04 -1.776326872e-02 9.998422046e-01 9.667503509e+01
9.999607073e-01 -8.736360862e-03 -1.503278236e-03 -1.477339193e+00 8.761203937e-03 9.998102259e-01 1.739981179e-02 -7.920843749e-01 1.350981918e-03 -1.741229863e-02 9.998474817e-01 9.802676710e+01
9.999452709e-01 -1.041380365e-02 1.003966661e-03 -1.604978317e+00 1.039210758e-02 9.997534997e-01 1.961998735e-02 -8.318580865e-01 -1.208037879e-03 -1.960848024e-02 9.998070055e-01 9.937016308e+01
9.999397480e-01 -1.081578668e-02 1.875917379e-03 -1.644793903e+00 1.077289449e-02 9.997099768e-01 2.153849897e-02 -8.374938497e-01 -2.108329129e-03 -2.151699217e-02 9.997662597e-01 1.007149180e+02
9.999396545e-01 -1.083135776e-02 1.835480294e-03 -1.611246395e+00 1.078523780e-02 9.996654826e-01 2.350748056e-02 -8.236556600e-01 -2.089484226e-03 -2.348626590e-02 9.997219760e-01 1.020598540e+02
9.999124109e-01 -1.284775855e-02 -3.178930249e-03 -1.432212788e+00 1.291193845e-02 9.996946775e-01 2.106735775e-02 -7.657831329e-01 2.907291324e-03 -2.110655863e-02 9.997730047e-01 1.033873361e+02
9.998980219e-01 -1.411754994e-02 -2.154189140e-03 -1.470423482e+00 1.415465785e-02 9.997321348e-01 1.831131685e-02 -7.495890634e-01 1.895101178e-03 -1.833994131e-02 9.998300131e-01 1.047255831e+02
9.999232507e-01 -1.237756277e-02 -5.373046170e-04 -1.524358358e+00 1.238466404e-02 9.997910985e-01 1.625975021e-02 -7.304264784e-01 3.359362943e-04 -1.626515663e-02 9.998676572e-01 1.060608061e+02
9.998652923e-01 -1.640737502e-02 -4.420304906e-04 -1.544280449e+00 1.641269320e-02 9.997008695e-01 1.813270864e-02 -7.335197842e-01 1.443881150e-04 -1.813752093e-02 9.998354912e-01 1.074055229e+02
9.998192240e-01 -1.900277524e-02 -6.433867967e-04 -1.549353883e+00 1.901153062e-02 9.996414133e-01 1.885753282e-02 -7.052266774e-01 2.848106290e-04 -1.886635559e-02 9.998219739e-01 1.087466109e+02
9.997822769e-01 -2.084527878e-02 -9.344003099e-04 -1.507473700e+00 2.085827248e-02 9.996344775e-01 1.720011282e-02 -6.158222334e-01 5.755176186e-04 -1.721585794e-02 9.998516305e-01 1.100816045e+02
9.997027753e-01 -2.387724289e-02 4.923237892e-03 -1.620334280e+00 2.378356831e-02 9.995499841e-01 1.828034810e-02 -6.890785385e-01 -5.357506668e-03 -1.815782257e-02 9.998207792e-01 1.114071563e+02
9.997590976e-01 -2.039738997e-02 8.105133293e-03 -1.669907577e+00 2.026535768e-02 9.996657813e-01 1.605119580e-02 -6.829071270e-01 -8.429826906e-03 -1.588307560e-02 9.998383199e-01 1.127349734e+02
9.997833287e-01 -1.845058949e-02 9.636985856e-03 -1.673972214e+00 1.831009628e-02 9.997276600e-01 1.446880323e-02 -7.214037951e-01 -9.901319268e-03 -1.428921412e-02 9.998488797e-01 1.140581840e+02
9.998209435e-01 -1.351891753e-02 1.324083934e-02 -1.704281138e+00 1.334895452e-02 9.998284344e-01 1.284162186e-02 -7.154422974e-01 -1.341217249e-02 -1.266257113e-02 9.998298720e-01 1.153895134e+02
9.998684787e-01 -1.085790763e-02 1.204703842e-02 -1.653029841e+00 1.069694138e-02 9.998537136e-01 1.334641421e-02 -6.864637238e-01 -1.219019024e-02 -1.321579240e-02 9.998383580e-01 1.167212568e+02
9.998421008e-01 -1.440741871e-02 1.040190644e-02 -1.620504537e+00 1.423668616e-02 9.997657016e-01 1.630517242e-02 -6.865037710e-01 -1.063438473e-02 -1.615450917e-02 9.998129534e-01 1.180553760e+02
9.997916126e-01 -1.744212619e-02 1.060677030e-02 -1.647557207e+00 1.726358857e-02 9.997115437e-01 1.669724521e-02 -6.706309645e-01 -1.089494617e-02 -1.651065479e-02 9.998043301e-01 1.193889841e+02
9.997702434e-01 -1.896973471e-02 9.980464495e-03 -1.614921650e+00 1.880246106e-02 9.996854847e-01 1.659515603e-02 -6.754725564e-01 -1.029213119e-02 -1.640368589e-02 9.998124780e-01 1.207319378e+02
9.997607509e-01 -1.847718611e-02 1.170617628e-02 -1.660066541e+00 1.829828991e-02 9.997168847e-01 1.520931048e-02 -6.035460978e-01 -1.198388734e-02 -1.499146866e-02 9.998158042e-01 1.220937020e+02
9.997873590e-01 -1.645363238e-02 1.243040007e-02 -1.659424217e+00 1.626305360e-02 9.997509824e-01 1.528025839e-02 -6.420886577e-01 -1.267872044e-02 -1.507485291e-02 9.998059806e-01 1.234492948e+02
9.997795133e-01 -1.447713717e-02 1.520977670e-02 -1.643658157e+00 1.425248466e-02 9.997892420e-01 1.477627338e-02 -6.584779230e-01 -1.542048925e-02 -1.455623829e-02 9.997751369e-01 1.248087562e+02
9.997581381e-01 -1.430019264e-02 1.670837623e-02 -1.656691898e+00 1.406972923e-02 9.998053629e-01 1.383036835e-02 -6.165197750e-01 -1.690290109e-02 -1.359194098e-02 9.997647479e-01 1.261618935e+02
9.997380546e-01 -1.468727312e-02 1.755295454e-02 -1.620742798e+00 1.446577095e-02 9.998149608e-01 1.268012644e-02 -5.976788305e-01 -1.773594304e-02 -1.242288792e-02 9.997655266e-01 1.275172848e+02
9.997254201e-01 -1.708933295e-02 1.603243981e-02 -1.558016680e+00 1.688102420e-02 9.997724748e-01 1.303954300e-02 -5.525134361e-01 -1.625162912e-02 -1.276531860e-02 9.997864428e-01 1.288725675e+02
9.997334518e-01 -1.965613918e-02 1.211038678e-02 -1.399369005e+00 1.951113357e-02 9.997378912e-01 1.197767101e-02 -5.044671760e-01 -1.234264731e-02 -1.173819101e-02 9.998549264e-01 1.302202610e+02
9.996627877e-01 -2.357744192e-02 1.088187102e-02 -1.352387179e+00 2.345509577e-02 9.996617364e-01 1.123704800e-02 -4.613819006e-01 -1.114313093e-02 -1.097802340e-02 9.998776493e-01 1.315677167e+02
9.995766045e-01 -2.701909977e-02 1.079722326e-02 -1.337937909e+00 2.689500486e-02 9.995723685e-01 1.147775819e-02 -4.634910919e-01 -1.110272472e-02 -1.118250719e-02 9.998758328e-01 1.329219392e+02
9.995699980e-01 -2.765392477e-02 9.750878383e-03 -1.365692546e+00 2.752740657e-02 9.995380805e-01 1.287895780e-02 -4.792122534e-01 -1.010252799e-02 -1.260500343e-02 9.998695179e-01 1.342737220e+02
9.995529452e-01 -2.955687973e-02 4.505624983e-03 -1.179531216e+00 2.950367815e-02 9.994990978e-01 1.144929595e-02 -4.753810822e-01 -4.841773569e-03 -1.131124498e-02 9.999243036e-01 1.356145194e+02
9.995089931e-01 -3.084175739e-02 5.527986579e-03 -1.240257006e+00 3.077781032e-02 9.994623514e-01 1.130197383e-02 -4.561348984e-01 -5.873587199e-03 -1.112628516e-02 9.999208502e-01 1.369593021e+02
9.995439471e-01 -2.930278231e-02 7.296906945e-03 -1.276165127e+00 2.921957928e-02 9.995096010e-01 1.125937936e-02 -4.652095299e-01 -7.623259692e-03 -1.104103193e-02 9.999099867e-01 1.383108960e+02
9.994796544e-01 -3.154203321e-02 6.746893205e-03 -1.279256381e+00 3.146558191e-02 9.994426165e-01 1.115228470e-02 -4.752331953e-01 -7.094898332e-03 -1.093418673e-02 9.999150494e-01 1.396613231e+02
9.994424995e-01 -3.306095701e-02 4.654383143e-03 -1.237277146e+00 3.300360204e-02 9.993843523e-01 1.190288455e-02 -5.172742032e-01 -5.045038437e-03 -1.174263728e-02 9.999183257e-01 1.410107258e+02
9.995162675e-01 -3.080184175e-02 4.298543051e-03 -1.210877018e+00 3.075301057e-02 9.994665072e-01 1.099787695e-02 -4.983635214e-01 -4.635004675e-03 -1.086036378e-02 9.999302822e-01 1.423599089e+02
9.994726495e-01 -3.235790778e-02 2.718221064e-03 -1.221543421e+00 3.232756266e-02 9.994216406e-01 1.055049661e-02 -4.945861825e-01 -3.058040952e-03 -1.045705934e-02 9.999406474e-01 1.437078107e+02
9.993763438e-01 -3.522640080e-02 2.454401626e-03 -1.297209867e+00 3.520549758e-02 9.993473119e-01 8.094638423e-03 -4.774774128e-01 -2.737944645e-03 -8.003181722e-03 9.999642257e-01 1.450537654e+02
9.991686363e-01 -4.074761289e-02 -1.291601809e-03 -1.237367887e+00 4.075704739e-02 9.991337971e-01 8.397533728e-03 -5.098020883e-01 9.483035662e-04 -8.443194199e-03 9.999639059e-01 1.463957161e+02
9.988315268e-01 -4.830835757e-02 -1.372498022e-03 -1.302665767e+00 4.831963125e-02 9.987825969e-01 9.926596165e-03 -4.874234860e-01 8.912895819e-04 -9.981315801e-03 9.999497882e-01 1.477471468e+02
9.984036185e-01 -5.633801828e-02 -4.030171396e-03 -1.260284299e+00 5.638171724e-02 9.983406624e-01 1.170571234e-02 -5.284959255e-01 3.364007345e-03 -1.191425354e-02 9.999233641e-01 1.490953143e+02
9.982425130e-01 -5.905114771e-02 -4.984688019e-03 -1.259171291e+00 5.909207056e-02 9.982162982e-01 8.505836846e-03 -5.374865161e-01 4.473517394e-03 -8.785443485e-03 9.999514006e-01 1.504407131e+02
9.982150751e-01 -5.948698323e-02 -5.287982106e-03 -1.260628446e+00 5.951704712e-02 9.982108879e-01 5.722278809e-03 -5.601272714e-01 4.938120209e-03 -6.026790051e-03 9.999696459e-01 1.517844244e+02
9.984008897e-01 -5.631346166e-02 -4.945459713e-03 -1.301835458e+00 5.633136205e-02 9.984057884e-01 3.557991260e-03 -5.935659049e-01 4.737212799e-03 -3.830886121e-03 9.999814414e-01 1.531295590e+02
9.984008897e-01 -5.631346166e-02 -4.945459713e-03 -1.267040398e+00 5.633136205e-02 9.984057884e-01 3.557991260e-03 -6.229967872e-01 4.737212799e-03 -3.830886121e-03 9.999814414e-01 1.544761391e+02
9.982814063e-01 -5.840183562e-02 -4.843495505e-03 -1.245846827e+00 5.843610736e-02 9.982647155e-01 7.264920496e-03 -6.434065816e-01 4.410805970e-03 -7.535470072e-03 9.999618800e-01 1.558247430e+02
9.979799980e-01 -6.339123690e-02 -4.180273383e-03 -1.245561764e+00 6.342809652e-02 9.979424284e-01 9.369423547e-03 -6.567427534e-01 3.577732824e-03 -9.615644076e-03 9.999473682e-01 1.571749291e+02
9.977363799e-01 -6.696158601e-02 -6.185651803e-03 -1.285820354e+00 6.702170592e-02 9.977005465e-01 1.008515915e-02 -6.554801969e-01 5.496109932e-03 -1.047690311e-02 9.999300112e-01 1.585235675e+02
9.976159865e-01 -6.873481612e-02 -6.153742845e-03 -1.310453874e+00 6.879426480e-02 9.975803960e-01 1.003507300e-02 -6.659805322e-01 5.449094326e-03 -1.043449147e-02 9.999307120e-01 1.598702129e+02
9.976965260e-01 -6.776670785e-02 -3.052085604e-03 -1.442295595e+00 6.779587192e-02 9.976411591e-01 1.076278134e-02 -6.664498593e-01 2.315527961e-03 -1.094490836e-02 9.999374217e-01 1.612144149e+02
9.977824707e-01 -6.648976744e-02 -3.041716371e-03 -1.485454555e+00 6.651878337e-02 9.977276135e-01 1.071731385e-02 -7.030251243e-01 2.322212710e-03 -1.089587916e-02 9.999379416e-01 1.625632398e+02
9.978168665e-01 -6.601514747e-02 -1.871157859e-03 -1.601103543e+00 6.602948246e-02 9.977764460e-01 9.070350711e-03 -6.900421378e-01 1.268216698e-03 -9.174100509e-03 9.999571128e-01 1.639091985e+02
9.979356181e-01 -6.422228348e-02 2.207949317e-05 -1.611578104e+00 6.421874444e-02 9.978841189e-01 1.016061479e-02 -7.278588473e-01 -6.745706591e-04 -1.013822148e-02 9.999483794e-01 1.652600551e+02
9.979686787e-01 -6.370532675e-02 3.841967956e-04 -1.655616026e+00 6.369737318e-02 9.979097885e-01 1.089489470e-02 -6.991318599e-01 -1.077456570e-03 -1.084829135e-02 9.999405751e-01 1.666175942e+02
9.980118953e-01 -6.302456649e-02 -4.010975518e-04 -1.593730476e+00 6.302485461e-02 9.979404001e-01 1.195096489e-02 -7.639915786e-01 -3.529329300e-04 -1.195248423e-02 9.999285042e-01 1.679759358e+02
9.981226480e-01 -6.124637152e-02 -2.479313954e-04 -1.586144395e+00 6.124534639e-02 9.980610015e-01 1.110157316e-02 -8.100841337e-01 -4.324804172e-04 -1.109591624e-02 9.999383449e-01 1.693355738e+02
9.982634338e-01 -5.890548171e-02 5.109050364e-04 -1.686546988e+00 5.889852221e-02 9.982234793e-01 8.991637636e-03 -8.151128668e-01 -1.039654149e-03 -8.945931510e-03 9.999594439e-01 1.706917392e+02
9.983170741e-01 -5.799090962e-02 2.720006804e-04 -1.800316438e+00 5.798705798e-02 9.982871690e-01 7.760760290e-03 -7.784179798e-01 -7.215883377e-04 -7.731926986e-03 9.999698479e-01 1.720512024e+02
9.981526733e-01 -6.074477177e-02 1.146035011e-03 -2.007758090e+00 6.073186121e-02 9.981124969e-01 9.115077197e-03 -7.239488215e-01 -1.697565150e-03 -9.028637833e-03 9.999578001e-01 1.734034812e+02
9.981223063e-01 -6.124395543e-02 1.019622610e-03 -2.078650962e+00 6.122989973e-02 9.980682982e-01 1.051530070e-02 -6.513795921e-01 -1.661651611e-03 -1.043312480e-02 9.999441929e-01 1.747763149e+02
9.982541467e-01 -5.904107338e-02 1.676350893e-03 -2.078704250e+00 5.901473447e-02 9.981741721e-01 1.286791599e-02 -6.858163343e-01 -2.433025737e-03 -1.274652109e-02 9.999157997e-01 1.761556935e+02
9.981813100e-01 -6.028133119e-02 -4.830974202e-04 -2.028861731e+00 6.028250904e-02 9.980965242e-01 1.301335961e-02 -6.934788944e-01 -3.022847845e-04 -1.301881467e-02 9.999152059e-01 1.775315024e+02
9.977613077e-01 -6.686899110e-02 -9.544411795e-04 -2.186136942e+00 6.687579048e-02 9.976679848e-01 1.364627575e-02 -6.755776108e-01 3.970271630e-05 -1.367955495e-02 9.999064297e-01 1.788980278e+02
9.977422747e-01 -6.715100849e-02 -1.046536057e-03 -2.219734821e+00 6.715804492e-02 9.976944377e-01 9.777836248e-03 -6.920966169e-01 3.875316382e-04 -9.826043895e-03 9.999516482e-01 1.802789616e+02
9.979934754e-01 -6.327114897e-02 -2.405134127e-03 -2.119198978e+00 6.328432356e-02 9.979782989e-01 5.865947112e-03 -7.672426288e-01 2.029126451e-03 -6.006384232e-03 9.999799028e-01 1.816528071e+02
9.982317257e-01 -5.936519320e-02 -3.032439583e-03 -2.162277924e+00 5.937832263e-02 9.982256744e-01 4.440467466e-03 -7.340933688e-01 2.763449839e-03 -4.612676677e-03 9.999855432e-01 1.830403966e+02
9.983785141e-01 -5.686483977e-02 -2.594728911e-03 -2.195843191e+00 5.687862516e-02 9.983654478e-01 5.590580595e-03 -7.546470176e-01 2.272580222e-03 -5.729100161e-03 9.999810062e-01 1.844341969e+02
9.985201860e-01 -5.435348950e-02 -1.770964444e-03 -2.241992078e+00 5.436754120e-02 9.984786228e-01 9.198383697e-03 -7.752239262e-01 1.268305887e-03 -9.281054782e-03 9.999561257e-01 1.858289803e+02
9.986190590e-01 -5.253201222e-02 6.022767632e-04 -2.393917072e+00 5.252060108e-02 9.985436047e-01 1.233920523e-02 -8.434051068e-01 -1.249602890e-03 -1.229053358e-02 9.999236877e-01 1.872187085e+02
9.985303081e-01 -5.415903815e-02 2.005603762e-03 -2.456747516e+00 5.412675195e-02 9.984407059e-01 1.365472696e-02 -8.520752735e-01 -2.742003314e-03 -1.352610190e-02 9.999047585e-01 1.886190827e+02
9.984866632e-01 -5.494103943e-02 2.421887249e-03 -2.472916715e+00 5.490147108e-02 9.983914610e-01 1.415340956e-02 -8.617899827e-01 -3.195594581e-03 -1.399902551e-02 9.998969024e-01 1.900237346e+02
9.983283874e-01 -5.776813496e-02 1.809284064e-03 -2.477964626e+00 5.773358799e-02 9.982133863e-01 1.539052167e-02 -8.893437361e-01 -2.695133306e-03 -1.526033822e-02 9.998799220e-01 1.914317536e+02
9.981447931e-01 -6.086486352e-02 1.562153413e-03 -2.444523719e+00 6.083382194e-02 9.980298082e-01 1.535409096e-02 -8.772238598e-01 -2.493600322e-03 -1.523057418e-02 9.998808987e-01 1.928401393e+02
9.980464003e-01 -6.244666654e-02 1.948523575e-03 -2.361412345e+00 6.240844677e-02 9.979266109e-01 1.573737838e-02 -8.459452509e-01 -2.927230347e-03 -1.558502951e-02 9.998742612e-01 1.942561436e+02
9.978319630e-01 -6.577803895e-02 2.150174827e-03 -2.304093999e+00 6.573110750e-02 9.976867481e-01 1.733707629e-02 -8.456793330e-01 -3.285599811e-03 -1.715815550e-02 9.998473896e-01 1.956748122e+02
9.976508122e-01 -6.829278368e-02 5.380754261e-03 -2.500334979e+00 6.818284601e-02 9.975015121e-01 1.848872508e-02 -8.923518529e-01 -6.629957014e-03 -1.807841645e-02 9.998145901e-01 1.970827034e+02
9.977505982e-01 -6.679915480e-02 5.622876005e-03 -2.523214313e+00 6.671326224e-02 9.976699519e-01 1.428312670e-02 -8.945763320e-01 -6.563875225e-03 -1.387587781e-02 9.998821808e-01 1.985031506e+02
9.980600202e-01 -6.200579006e-02 5.610539510e-03 -2.499063275e+00 6.195000710e-02 9.980328615e-01 9.623094161e-03 -9.049684866e-01 -6.196190359e-03 -9.256852590e-03 9.999379570e-01 1.999270380e+02
9.984690598e-01 -5.506418352e-02 5.241402222e-03 -2.517131762e+00 5.501093458e-02 9.984375348e-01 9.812549600e-03 -8.918406372e-01 -5.773532746e-03 -9.509192738e-03 9.999381189e-01 2.013607338e+02
9.989283209e-01 -4.598431964e-02 5.258525740e-03 -2.509045389e+00 4.591314548e-02 9.988616540e-01 1.293751350e-02 -8.891139457e-01 -5.847462474e-03 -1.268221318e-02 9.999024796e-01 2.027988721e+02
9.989553330e-01 -4.536530145e-02 5.498374192e-03 -2.538435929e+00 4.527724997e-02 9.988588004e-01 1.520090583e-02 -8.838456200e-01 -6.181693125e-03 -1.493607468e-02 9.998693416e-01 2.042364787e+02
9.988996947e-01 -4.667345920e-02 4.581284860e-03 -2.499637853e+00 4.660295656e-02 9.988089961e-01 1.444831500e-02 -8.718650994e-01 -5.250181373e-03 -1.421891602e-02 9.998851224e-01 2.056740063e+02
9.987445783e-01 -4.995267022e-02 3.741384764e-03 -2.443255399e+00 4.989175901e-02 9.986433546e-01 1.490847697e-02 -8.582336722e-01 -4.481027265e-03 -1.470309628e-02 9.998818627e-01 2.071209592e+02
9.986087435e-01 -5.268631761e-02 2.174690278e-03 -2.447387611e+00 5.264661681e-02 9.984937619e-01 1.544477589e-02 -8.824692719e-01 -2.985143045e-03 -1.530879816e-02 9.998783574e-01 2.085705217e+02
9.985256147e-01 -5.421626237e-02 2.682090175e-03 -2.446940584e+00 5.416641001e-02 9.984025638e-01 1.607235405e-02 -9.111106444e-01 -3.549188671e-03 -1.590337801e-02 9.998672341e-01 2.100257293e+02
9.986378808e-01 -5.214745201e-02 1.739617828e-03 -2.391535711e+00 5.211333811e-02 9.985147261e-01 1.589155918e-02 -9.028864652e-01 -2.565738340e-03 -1.577925569e-02 9.998722079e-01 2.114867736e+02
9.988177659e-01 -4.857757724e-02 1.813718822e-03 -2.454594035e+00 4.854223425e-02 9.986916124e-01 1.608461636e-02 -9.137557587e-01 -2.592697468e-03 -1.597755862e-02 9.998689892e-01 2.129461501e+02
9.987348041e-01 -5.026606605e-02 1.453837308e-03 -2.483424383e+00 5.023688295e-02 9.986122042e-01 1.580889652e-02 -9.316719005e-01 -2.246470715e-03 -1.571585891e-02 9.998739746e-01 2.144151125e+02
9.986277828e-01 -5.236408081e-02 7.446071548e-04 -2.473122606e+00 5.234633229e-02 9.985092241e-01 1.546579896e-02 -9.306015813e-01 -1.553349459e-03 -1.540559907e-02 9.998801201e-01 2.158876221e+02
9.986171754e-01 -5.255845851e-02 -1.159892765e-03 -2.395688026e+00 5.257012065e-02 9.984975098e-01 1.546303251e-02 -9.677617193e-01 3.454368851e-04 -1.550262555e-02 9.998797674e-01 2.173604695e+02
9.985947245e-01 -5.294924535e-02 -2.225692032e-03 -2.415363049e+00 5.297675457e-02 9.984831169e-01 1.499762356e-02 -9.574634276e-01 1.428203068e-03 -1.509445770e-02 9.998850522e-01 2.188410246e+02
9.986788033e-01 -5.135279361e-02 -1.881050384e-03 -2.486085814e+00 5.137562250e-02 9.985620979e-01 1.530627416e-02 -1.025705418e+00 1.092325680e-03 -1.538269170e-02 9.998810827e-01 2.203154148e+02
9.986930094e-01 -5.110141578e-02 -9.583056493e-04 -2.536604838e+00 5.111027003e-02 9.985572705e-01 1.646565894e-02 -1.090482201e+00 1.155045900e-04 -1.649311774e-02 9.998639726e-01 2.217996264e+02
9.986758268e-01 -5.140991980e-02 -1.900808982e-03 -2.525507011e+00 5.143359501e-02 9.985513267e-01 1.580611127e-02 -1.085468134e+00 1.085464418e-03 -1.588294668e-02 9.998732689e-01 2.232839569e+02
9.986663553e-01 -5.156892355e-02 -2.481314232e-03 -2.530817558e+00 5.160123859e-02 9.985480105e-01 1.546553958e-02 -1.078188186e+00 1.680170161e-03 -1.557295293e-02 9.998773226e-01 2.247737090e+02
9.986993510e-01 -5.082323701e-02 -4.074897848e-03 -2.473220918e+00 5.087520326e-02 9.986087542e-01 1.386613422e-02 -1.015829713e+00 3.364506838e-03 -1.405541050e-02 9.998955573e-01 2.262617273e+02
9.987612260e-01 -4.958078136e-02 -4.214210611e-03 -2.494235194e+00 4.963227454e-02 9.986810215e-01 1.314742064e-02 -1.028616508e+00 3.556792770e-03 -1.334029482e-02 9.999046883e-01 2.277529480e+02
9.986732161e-01 -5.121597880e-02 -5.360134400e-03 -2.483224147e+00 5.128590367e-02 9.985880885e-01 1.384144174e-02 -1.060160888e+00 4.643663379e-03 -1.409797647e-02 9.998898357e-01 2.292437171e+02
9.985994575e-01 -5.270658583e-02 -4.597740745e-03 -2.497555661e+00 5.276658865e-02 9.985075199e-01 1.408615716e-02 -1.072268950e+00 3.848445457e-03 -1.430903600e-02 9.998902145e-01 2.307380928e+02
9.986382057e-01 -5.195667711e-02 -4.715704876e-03 -2.523716683e+00 5.202235900e-02 9.985320765e-01 1.507867181e-02 -1.109317622e+00 3.925344900e-03 -1.530345985e-02 9.998751901e-01 2.322343319e+02
9.986832092e-01 -5.110123688e-02 -4.528931644e-03 -2.537387773e+00 5.116206836e-02 9.985847284e-01 1.452525130e-02 -1.095036808e+00 3.780263669e-03 -1.473783409e-02 9.998842462e-01 2.337301754e+02
9.988187963e-01 -4.842128067e-02 -4.048668164e-03 -2.522956286e+00 4.847198694e-02 9.987327918e-01 1.353798700e-02 -1.112372769e+00 3.388010991e-03 -1.371824287e-02 9.999001606e-01 2.352315644e+02
9.985315551e-01 -5.416404987e-02 -9.945423048e-04 -2.727514905e+00 5.417159284e-02 9.984745453e-01 1.067805845e-02 -1.027779913e+00 4.146582853e-04 -1.071625425e-02 9.999424933e-01 2.367211898e+02
9.984485640e-01 -5.559684586e-02 -3.075028654e-03 -2.711233642e+00 5.562884348e-02 9.983847982e-01 1.154238054e-02 -1.006259373e+00 2.428341910e-03 -1.169553356e-02 9.999286563e-01 2.382266148e+02
9.985579187e-01 -5.342861245e-02 -5.240846310e-03 -2.621383185e+00 5.349298308e-02 9.984832637e-01 1.302585705e-02 -1.021524624e+00 4.536943860e-03 -1.328742120e-02 9.999014254e-01 2.397346044e+02
9.986643464e-01 -5.150250981e-02 -4.124884955e-03 -2.642935681e+00 5.155394507e-02 9.985786521e-01 1.352280996e-02 -1.022899567e+00 3.422563406e-03 -1.371740226e-02 9.999000545e-01 2.412456425e+02
9.985858160e-01 -5.310102082e-02 -2.578676905e-03 -2.702770205e+00 5.313217368e-02 9.984883475e-01 1.407096700e-02 -1.086446290e+00 1.827596130e-03 -1.418807877e-02 9.998976739e-01 2.427595669e+02
9.985362920e-01 -5.402103743e-02 -2.645954713e-03 -2.711107610e+00 5.404921871e-02 9.984650945e-01 1.208871802e-02 -1.072377780e+00 1.988848334e-03 -1.221403545e-02 9.999234280e-01 2.442744875e+02
9.985791102e-01 -5.327471880e-02 -1.251001976e-03 -2.780894254e+00 5.328674326e-02 9.984886765e-01 1.344938156e-02 -1.082179221e+00 5.325992871e-04 -1.349693329e-02 9.999087704e-01 2.457941970e+02
9.985830218e-01 -5.321434792e-02 -4.263234007e-04 -2.817352570e+00 5.321536904e-02 9.984973995e-01 1.307928554e-02 -1.059130542e+00 -2.703228443e-04 -1.308343943e-02 9.999143716e-01 2.473184397e+02
9.986253032e-01 -5.241495951e-02 -4.193255709e-04 -2.796994523e+00 5.241596659e-02 9.985401251e-01 1.304549897e-02 -1.052256002e+00 -2.650658925e-04 -1.304954472e-02 9.999148159e-01 2.488390182e+02
9.986576496e-01 -5.173822389e-02 -2.460705760e-03 -2.695891356e+00 5.176627647e-02 9.985722420e-01 1.318067432e-02 -1.074781359e+00 1.775247789e-03 -1.329036281e-02 9.999101033e-01 2.503639786e+02
9.988585394e-01 -4.772202995e-02 -2.055777362e-03 -2.624608162e+00 4.774434127e-02 9.987790194e-01 1.268654128e-02 -1.071655066e+00 1.447839794e-03 -1.277021183e-02 9.999174093e-01 2.518902066e+02
9.988372094e-01 -4.816126290e-02 -2.172971073e-03 -2.634423419e+00 4.818462587e-02 9.987611703e-01 1.242443626e-02 -1.060956780e+00 1.571902590e-03 -1.251469304e-02 9.999204526e-01 2.534232359e+02
9.987042089e-01 -5.080782450e-02 -2.909990557e-03 -2.694112884e+00 5.084266768e-02 9.986152825e-01 1.351076269e-02 -1.070707931e+00 2.219508583e-03 -1.364120724e-02 9.999044911e-01 2.549537132e+02
9.986186019e-01 -5.249298661e-02 -2.318258136e-03 -2.727268569e+00 5.252003038e-02 9.985249187e-01 1.377073640e-02 -1.068330209e+00 1.591971435e-03 -1.387346852e-02 9.999024915e-01 2.564880889e+02
9.984683594e-01 -5.532268111e-02 -5.799270249e-04 -2.828762047e+00 5.532532204e-02 9.983665247e-01 1.426152478e-02 -1.074389548e+00 -2.100060589e-04 -1.427176589e-02 9.998981311e-01 2.580231626e+02
9.979982763e-01 -6.324013410e-02 -3.547890639e-04 -2.905246587e+00 6.323843010e-02 9.978881437e-01 1.483757404e-02 -1.037884905e+00 -5.842903718e-04 -1.483030962e-02 9.998898542e-01 2.595601623e+02
9.977995012e-01 -6.629364665e-02 1.143604262e-03 -2.975139712e+00 6.626842761e-02 9.976842095e-01 1.532036684e-02 -1.062610466e+00 -2.156598900e-03 -1.521086954e-02 9.998819823e-01 2.610934808e+02
9.978216332e-01 -6.596721062e-02 5.615551520e-04 -2.933647291e+00 6.595338482e-02 9.977289448e-01 1.367858950e-02 -1.050234716e+00 -1.462618224e-03 -1.361175605e-02 9.999062860e-01 2.626309733e+02
9.979540246e-01 -6.390921192e-02 -1.837784507e-03 -2.820407090e+00 6.392825375e-02 9.978632019e-01 1.349847010e-02 -1.037226065e+00 9.711809459e-04 -1.358833892e-02 9.999072026e-01 2.641652266e+02
9.979588250e-01 -6.377539806e-02 -3.298832411e-03 -2.826473322e+00 6.382029379e-02 9.978328657e-01 1.601693876e-02 -1.080683479e+00 2.270196753e-03 -1.619477783e-02 9.998662787e-01 2.657108440e+02
9.980883658e-01 -6.162414703e-02 -4.698784270e-03 -2.797503863e+00 6.168636350e-02 9.979902083e-01 1.450298820e-02 -1.085235812e+00 3.795606416e-03 -1.476511470e-02 9.998837856e-01 2.672519947e+02
9.980409165e-01 -6.248137076e-02 -3.226034480e-03 -2.840758695e+00 6.251974213e-02 9.979508530e-01 1.361531948e-02 -1.111747009e+00 2.368720037e-03 -1.379033677e-02 9.999021031e-01 2.687911907e+02
9.980045484e-01 -6.307497441e-02 -2.910161232e-03 -2.847074315e+00 6.310995371e-02 9.979067551e-01 1.411530459e-02 -1.117155893e+00 2.013747075e-03 -1.427079833e-02 9.998961392e-01 2.703311243e+02
9.978570879e-01 -6.540037001e-02 -2.005925227e-03 -2.842239534e+00 6.542349381e-02 9.977399401e-01 1.532248174e-02 -1.131484812e+00 9.992957400e-04 -1.542088165e-02 9.998805918e-01 2.718729834e+02
9.980563380e-01 -6.231735559e-02 3.056736212e-04 -2.864852919e+00 6.230538565e-02 9.979397211e-01 1.530855709e-02 -1.156146921e+00 -1.259032644e-03 -1.525975731e-02 9.998827705e-01 2.734196376e+02
9.980643999e-01 -6.218854497e-02 -1.962816759e-04 -2.839735647e+00 6.218446438e-02 9.979514656e-01 1.503212410e-02 -1.140313940e+00 -7.389463394e-04 -1.501523359e-02 9.998869920e-01 2.749621079e+02
9.979981287e-01 -6.323516885e-02 1.024001652e-03 -2.852469436e+00 6.321235333e-02 9.978842672e-01 1.520485826e-02 -1.130485368e+00 -1.983316917e-03 -1.510969054e-02 9.998838751e-01 2.765092054e+02
9.977912725e-01 -6.640209486e-02 1.827116058e-03 -2.902951661e+00 6.636882021e-02 9.976899538e-01 1.448916417e-02 -1.094215028e+00 -2.785006189e-03 -1.433589801e-02 9.998933572e-01 2.780502584e+02
9.975661924e-01 -6.965072291e-02 3.235515123e-03 -2.976111007e+00 6.959958401e-02 9.974784636e-01 1.387849030e-02 -1.049452027e+00 -4.194003536e-03 -1.361952222e-02 9.998984543e-01 2.795986446e+02
9.977957627e-01 -6.629597514e-02 2.908552035e-03 -2.907675197e+00 6.624687771e-02 9.976966694e-01 1.458448129e-02 -1.095117693e+00 -3.868745087e-03 -1.435965114e-02 9.998894105e-01 2.811476661e+02
9.978190234e-01 -6.588105130e-02 4.108958706e-03 -2.936643412e+00 6.581643643e-02 9.977298330e-01 1.426103157e-02 -1.061750827e+00 -5.039162436e-03 -1.395949157e-02 9.998898637e-01 2.827015590e+02
9.976425328e-01 -6.839765923e-02 5.580053359e-03 -2.986648320e+00 6.830560393e-02 9.975472638e-01 1.529055350e-02 -1.075945525e+00 -6.612205028e-03 -1.487335761e-02 9.998675222e-01 2.842517992e+02
9.976873262e-01 -6.775534494e-02 5.404853960e-03 -2.938576766e+00 6.768128875e-02 9.976239137e-01 1.287516658e-02 -1.087561261e+00 -6.264372914e-03 -1.247958304e-02 9.999025041e-01 2.857963995e+02
9.975717614e-01 -6.940002094e-02 5.849618829e-03 -2.904151373e+00 6.933420786e-02 9.975351439e-01 1.078908298e-02 -1.101700518e+00 -6.583962945e-03 -1.035730582e-02 9.999246860e-01 2.873510027e+02
9.977251363e-01 -6.712778550e-02 6.197802578e-03 -2.941220022e+00 6.706105388e-02 9.976945530e-01 1.041124192e-02 -1.070237603e+00 -6.882397487e-03 -9.971926588e-03 9.999265939e-01 2.889044840e+02
9.974382029e-01 -7.147553968e-02 2.877250968e-03 -2.876134236e+00 7.143766688e-02 9.973773953e-01 1.161856464e-02 -1.087570125e+00 -3.700148254e-03 -1.138325614e-02 9.999283626e-01 2.904601779e+02
9.975219606e-01 -7.034095857e-02 1.444906232e-03 -2.875900165e+00 7.031967651e-02 9.974575556e-01 1.155716011e-02 -1.096248359e+00 -2.254174359e-03 -1.142691568e-02 9.999321698e-01 2.920194782e+02
9.975353996e-01 -7.015018301e-02 1.441632562e-03 -2.927416550e+00 7.012894789e-02 9.974709690e-01 1.155839914e-02 -1.106793723e+00 -2.248810444e-03 -1.142881213e-02 9.999321603e-01 2.935814792e+02
9.974876488e-01 -7.083500944e-02 8.898998050e-04 -2.961938320e+00 7.081992120e-02 9.974213017e-01 1.163123646e-02 -1.079294774e+00 -1.711503766e-03 -1.153899207e-02 9.999319589e-01 2.951504753e+02
9.974875002e-01 -7.084174763e-02 3.656552417e-04 -2.991903832e+00 7.083271281e-02 9.974203432e-01 1.163553888e-02 -1.067395633e+00 -1.188993885e-03 -1.158040423e-02 9.999322380e-01 2.967222829e+02
9.975341944e-01 -7.014209063e-02 -2.370268949e-03 -2.888482908e+00 7.016341580e-02 9.974791521e-01 1.060359408e-02 -9.585636838e-01 1.620535605e-03 -1.074375384e-02 9.999409711e-01 2.982933599e+02
9.976405128e-01 -6.863041395e-02 -1.809257432e-03 -2.902105292e+00 6.864725373e-02 9.975687103e-01 1.200928041e-02 -9.721859444e-01 9.806567176e-04 -1.210514522e-02 9.999262492e-01 2.998800917e+02
9.976014939e-01 -6.921691582e-02 5.272873857e-04 -3.055116469e+00 6.920441100e-02 9.975193719e-01 1.287836402e-02 -1.019792262e+00 -1.417380020e-03 -1.281098457e-02 9.999169314e-01 3.014567122e+02
9.977033191e-01 -6.769953544e-02 2.204534769e-03 -3.097424173e+00 6.766736339e-02 9.976314576e-01 1.235324979e-02 -1.005637810e+00 -3.035622507e-03 -1.217570326e-02 9.999212655e-01 3.030484112e+02
9.978486219e-01 -6.548941294e-02 3.043785873e-03 -3.124519248e+00 6.544610003e-02 9.977760680e-01 1.263828124e-02 -1.019630464e+00 -3.864690319e-03 -1.241188760e-02 9.999155010e-01 3.046449612e+02
9.975856137e-01 -6.934853329e-02 3.704624378e-03 -3.105325715e+00 6.929138104e-02 9.975009407e-01 1.380499384e-02 -1.072724211e+00 -4.652722378e-03 -1.351496472e-02 9.998978437e-01 3.062435166e+02
9.975258038e-01 -7.006834645e-02 5.718174893e-03 -3.112853070e+00 6.999983242e-02 9.974817238e-01 1.141201534e-02 -1.059360904e+00 -6.503395994e-03 -1.098350849e-02 9.999185309e-01 3.078468668e+02
9.974294680e-01 -7.125165685e-02 7.593267176e-03 -3.189490303e+00 7.115639438e-02 9.973911255e-01 1.215361251e-02 -1.126281419e+00 -8.439422323e-03 -1.158206174e-02 9.998973107e-01 3.094515853e+02
9.975488109e-01 -6.970476429e-02 6.133168036e-03 -3.220967958e+00 6.964434809e-02 9.975260046e-01 9.567388937e-03 -1.087496146e+00 -6.784887197e-03 -9.116796968e-03 9.999354226e-01 3.110655606e+02
9.976680078e-01 -6.797901120e-02 6.115567843e-03 -3.445472916e+00 6.791762471e-02 9.976433817e-01 9.740596842e-03 -1.087669056e+00 -6.763311925e-03 -9.302527004e-03 9.999338581e-01 3.126618746e+02
9.978028038e-01 -6.594549435e-02 6.384075682e-03 -3.481130570e+00 6.586656339e-02 9.977578140e-01 1.187182987e-02 -1.049795897e+00 -7.152655087e-03 -1.142524800e-02 9.999091475e-01 3.142853752e+02
9.978495948e-01 -6.509671256e-02 7.655340910e-03 -3.477545859e+00 6.498470174e-02 9.977870819e-01 1.406868260e-02 -1.005174471e+00 -8.554225254e-03 -1.354094919e-02 9.998717257e-01 3.159123192e+02
9.979286147e-01 -6.376629126e-02 8.505291053e-03 -3.487784843e+00 6.364033838e-02 9.978698977e-01 1.433787582e-02 -1.015493637e+00 -9.401447078e-03 -1.376689696e-02 9.998610330e-01 3.175415891e+02
9.980308310e-01 -6.172830831e-02 1.113895144e-02 -3.519751465e+00 6.158725139e-02 9.980222819e-01 1.259107988e-02 -1.012851701e+00 -1.189414780e-02 -1.188026851e-02 9.998586842e-01 3.191700721e+02
9.979680905e-01 -6.262787737e-02 1.172345139e-02 -3.568606094e+00 6.249563434e-02 9.979809694e-01 1.132609333e-02 -9.749885424e-01 -1.240911057e-02 -1.057041521e-02 9.998671313e-01 3.207991553e+02
9.980506173e-01 -6.121182995e-02 1.216870060e-02 -3.622387144e+00 6.106844180e-02 9.980635285e-01 1.182533421e-02 -1.025847519e+00 -1.286898661e-02 -1.105915852e-02 9.998560317e-01 3.224294882e+02
9.980336219e-01 -6.138548910e-02 1.267719457e-02 -3.553603297e+00 6.122457291e-02 9.980430381e-01 1.271399554e-02 -1.064688334e+00 -1.343284062e-02 -1.191283919e-02 9.998388085e-01 3.240539092e+02
9.980904773e-01 -6.039455663e-02 1.295749513e-02 -3.558741706e+00 6.023860878e-02 9.981105912e-01 1.210610719e-02 -1.079019372e+00 -1.366415610e-02 -1.130244883e-02 9.998427604e-01 3.256828021e+02
9.981042376e-01 -5.981653273e-02 1.448838351e-02 -3.515031988e+00 5.963994401e-02 9.981438186e-01 1.232860379e-02 -1.119788762e+00 -1.519894478e-02 -1.144114531e-02 9.998190298e-01 3.273117213e+02
9.978981043e-01 -6.251346939e-02 1.707160126e-02 -3.634386759e+00 6.224342797e-02 9.979340742e-01 1.591663398e-02 -1.177776383e+00 -1.803133661e-02 -1.482058389e-02 9.997275735e-01 3.289333388e+02
9.979845714e-01 -6.060456235e-02 1.881176083e-02 -3.704275246e+00 6.030786250e-02 9.980522505e-01 1.595829049e-02 -1.163848663e+00 -1.974226544e-02 -1.479163061e-02 9.996956790e-01 3.305588252e+02
9.978335202e-01 -6.295059855e-02 1.911774323e-02 -3.653103615e+00 6.263043116e-02 9.978935472e-01 1.690850649e-02 -1.217854865e+00 -2.014187321e-02 -1.567452205e-02 9.996742541e-01 3.321760274e+02
9.979449116e-01 -6.110299208e-02 1.929709278e-02 -3.587255272e+00 6.078000836e-02 9.980080561e-01 1.690297535e-02 -1.199866235e+00 -2.029147642e-02 -1.569536078e-02 9.996709017e-01 3.337950244e+02
9.981119815e-01 -5.843524030e-02 1.891547286e-02 -3.612684935e+00 5.818190069e-02 9.982122934e-01 1.367785281e-02 -1.202216466e+00 -1.968092616e-02 -1.255149061e-02 9.997275235e-01 3.354083582e+02
9.980249653e-01 -6.048881212e-02 1.694910993e-02 -3.536192102e+00 6.028086454e-02 9.981028984e-01 1.252283821e-02 -1.247225972e+00 -1.767444735e-02 -1.147639817e-02 9.997779284e-01 3.370137568e+02
9.980349867e-01 -6.031237329e-02 1.698773057e-02 -3.553230075e+00 6.010852418e-02 9.981164869e-01 1.226555921e-02 -1.208169896e+00 -1.769549894e-02 -1.122034981e-02 9.997804624e-01 3.386250859e+02
9.980564746e-01 -6.036593037e-02 1.546699825e-02 -3.521609224e+00 6.011635085e-02 9.980611544e-01 1.612316439e-02 -1.213083039e+00 -1.641029995e-02 -1.516200911e-02 9.997503766e-01 3.402328482e+02
9.981405429e-01 -5.930123839e-02 1.410034255e-02 -3.520363675e+00 5.901708110e-02 9.980609796e-01 1.978042100e-02 -1.216772590e+00 -1.524600516e-02 -1.891147909e-02 9.997049141e-01 3.418506327e+02
9.981972583e-01 -5.845617131e-02 1.360550044e-02 -3.595627810e+00 5.820281094e-02 9.981365328e-01 1.832742986e-02 -1.231238079e+00 -1.465149842e-02 -1.750251187e-02 9.997394639e-01 3.434556344e+02
9.980354363e-01 -6.162194062e-02 1.131390254e-02 -3.582487726e+00 6.141327885e-02 9.979510557e-01 1.794713623e-02 -1.229532124e+00 -1.239665834e-02 -1.721705409e-02 9.997749226e-01 3.450554583e+02
9.980481510e-01 -6.164460798e-02 9.991529570e-03 -3.592325612e+00 6.145457259e-02 9.979416395e-01 1.832538297e-02 -1.210873084e+00 -1.110062445e-02 -1.767558941e-02 9.997821511e-01 3.466584123e+02
9.978547432e-01 -6.495185687e-02 8.195591595e-03 -3.621235356e+00 6.478799367e-02 9.977203217e-01 1.888585437e-02 -1.183408025e+00 -9.403579593e-03 -1.831436342e-02 9.997880559e-01 3.482579081e+02
9.978685874e-01 -6.480367036e-02 7.665934398e-03 -3.574624144e+00 6.465115478e-02 9.977326324e-01 1.870354125e-02 -1.216669627e+00 -8.860611028e-03 -1.816806477e-02 9.997956846e-01 3.498552531e+02
9.978672547e-01 -6.483268959e-02 7.593701226e-03 -3.571690605e+00 6.469639690e-02 9.977602441e-01 1.699622170e-02 -1.208585372e+00 -8.678603955e-03 -1.646868798e-02 9.998267171e-01 3.514502705e+02
9.978316451e-01 -6.517216095e-02 9.197686737e-03 -3.712159312e+00 6.500361489e-02 9.977303798e-01 1.756756056e-02 -1.200320139e+00 -1.032172737e-02 -1.693158497e-02 9.998033724e-01 3.530430358e+02
9.978564421e-01 -6.484856311e-02 8.785486049e-03 -3.732854559e+00 6.469341531e-02 9.977616933e-01 1.692233188e-02 -1.181449175e+00 -9.863210344e-03 -1.631769479e-02 9.998182084e-01 3.546347835e+02
9.978433825e-01 -6.492619835e-02 9.652603517e-03 -3.759163653e+00 6.475788987e-02 9.977590439e-01 1.683169820e-02 -1.183129203e+00 -1.072379063e-02 -1.617031643e-02 9.998117429e-01 3.562279779e+02
9.978282241e-01 -6.531842522e-02 8.505209189e-03 -3.714931942e+00 6.518034478e-02 9.977514037e-01 1.560958356e-02 -1.175293413e+00 -9.505677823e-03 -1.502131057e-02 9.998419887e-01 3.578188692e+02
9.978010738e-01 -6.525585686e-02 1.160561366e-02 -3.747829845e+00 6.507345715e-02 9.977607810e-01 1.545539052e-02 -1.168320115e+00 -1.258818090e-02 -1.466618786e-02 9.998132029e-01 3.594096868e+02
9.978583134e-01 -6.446488868e-02 1.109344697e-02 -3.742358362e+00 6.429779591e-02 9.978208221e-01 1.481217150e-02 -1.161414867e+00 -1.202413736e-02 -1.406716428e-02 9.998287528e-01 3.610013523e+02
9.979205772e-01 -6.377814436e-02 9.320398630e-03 -3.665770505e+00 6.365281506e-02 9.978851175e-01 1.317616766e-02 -1.173253545e+00 -1.014103861e-02 -1.255549923e-02 9.998697509e-01 3.625852458e+02
9.979904534e-01 -6.250129120e-02 1.042322473e-02 -3.673897848e+00 6.234591716e-02 9.979475270e-01 1.461916596e-02 -1.173792583e+00 -1.131554809e-02 -1.393994256e-02 9.998388052e-01 3.641834236e+02
9.978703818e-01 -6.428621511e-02 1.104462289e-02 -3.736120411e+00 6.411631150e-02 9.978281162e-01 1.510460688e-02 -1.166645463e+00 -1.199165326e-02 -1.436429936e-02 9.998249183e-01 3.657798438e+02
9.977312185e-01 -6.625490413e-02 1.194584658e-02 -3.727248680e+00 6.607034021e-02 9.976986630e-01 1.523443442e-02 -1.179759759e+00 -1.292771115e-02 -1.441060467e-02 9.998125868e-01 3.673774793e+02
9.976747501e-01 -6.698205606e-02 1.258956736e-02 -3.725797607e+00 6.681747398e-02 9.976796283e-01 1.306845080e-02 -1.158665776e+00 -1.343570659e-02 -1.219686030e-02 9.998353456e-01 3.689834866e+02
9.978208073e-01 -6.498986261e-02 1.139975134e-02 -3.664103572e+00 6.482579674e-02 9.977953377e-01 1.421549214e-02 -1.176121777e+00 -1.229848162e-02 -1.344551588e-02 9.998339689e-01 3.705714100e+02
9.978535193e-01 -6.436392624e-02 1.206809775e-02 -3.648703181e+00 6.416582860e-02 9.978087102e-01 1.614076487e-02 -1.192041472e+00 -1.308053605e-02 -1.533175954e-02 9.997968977e-01 3.722120670e+02
9.978535193e-01 -6.436392624e-02 1.206809775e-02 -3.593024324e+00 6.416582860e-02 9.978087102e-01 1.614076487e-02 -1.193633314e+00 -1.308053605e-02 -1.533175954e-02 9.997968977e-01 3.738215193e+02
9.977620113e-01 -6.551080902e-02 1.339039909e-02 -3.580978727e+00 6.529226928e-02 9.977354196e-01 1.615400750e-02 -1.208587805e+00 -1.441833756e-02 -1.524356547e-02 9.997798484e-01 3.753777325e+02
9.977611987e-01 -6.552078238e-02 1.340214625e-02 -3.563135971e+00 6.530233972e-02 9.977350705e-01 1.613485409e-02 -1.221285561e+00 -1.442895960e-02 -1.522353985e-02 9.997800003e-01 3.769841865e+02
9.977096648e-01 -6.649066832e-02 1.242641663e-02 -3.522610971e+00 6.628173202e-02 9.976640001e-01 1.653103146e-02 -1.220601944e+00 -1.349654786e-02 -1.566952544e-02 9.997861317e-01 3.785896773e+02
9.978296020e-01 -6.463642464e-02 1.257847593e-02 -3.516375312e+00 6.443028647e-02 9.977914160e-01 1.615637391e-02 -1.221167139e+00 -1.359498556e-02 -1.531087334e-02 9.997903548e-01 3.802042426e+02
9.978794429e-01 -6.419846214e-02 1.073195382e-02 -3.473845955e+00 6.402145645e-02 9.978187211e-01 1.609512014e-02 -1.214131293e+00 -1.174182640e-02 -1.537391420e-02 9.998128686e-01 3.818172104e+02
9.980759161e-01 -6.091759948e-02 1.155472998e-02 -3.456795991e+00 6.073901246e-02 9.980375773e-01 1.522388643e-02 -1.213712658e+00 -1.245945733e-02 -1.449277151e-02 9.998173441e-01 3.834381647e+02
9.981643757e-01 -5.932690542e-02 1.217363452e-02 -3.451212014e+00 5.914708773e-02 9.981419949e-01 1.463489274e-02 -1.212679355e+00 -1.301925874e-02 -1.388799355e-02 9.998187949e-01 3.850489905e+02
9.980264857e-01 -6.190902070e-02 1.050747312e-02 -3.406865483e+00 6.173965008e-02 9.979681170e-01 1.574334865e-02 -1.241279764e+00 -1.146077846e-02 -1.506355121e-02 9.998208539e-01 3.866651921e+02
9.982423072e-01 -5.830670526e-02 1.061245397e-02 -3.398759288e+00 5.811846968e-02 9.981605319e-01 1.725676908e-02 -1.270226914e+00 -1.159911805e-02 -1.660965740e-02 9.997947688e-01 3.882831972e+02
9.984523000e-01 -5.411618330e-02 1.282354546e-02 -3.410081206e+00 5.389869515e-02 9.984061005e-01 1.673885009e-02 -1.240989354e+00 -1.370894870e-02 -1.602177101e-02 9.997776591e-01 3.899034320e+02
9.984711837e-01 -5.306818342e-02 1.546167143e-02 -3.427915244e+00 5.280720976e-02 9.984629813e-01 1.682479081e-02 -1.242672467e+00 -1.633076764e-02 -1.598258107e-02 9.997388975e-01 3.915336460e+02
9.985148481e-01 -5.216608968e-02 1.570978173e-02 -3.412091927e+00 5.189760282e-02 9.985070392e-01 1.703911386e-02 -1.241211741e+00 -1.657519159e-02 -1.619850817e-02 9.997313996e-01 3.931559565e+02
