1.000000000e+00 0.000000000e+00 0.000000000e+00 0.000000000e+00 0.000000000e+00 1.000000000e+00 0.000000000e+00 0.000000000e+00 0.000000000e+00 0.000000000e+00 1.000000000e+00 0.000000000e+00
9.834920844e-01 -1.809511534e-01 0.000000000e+00 8.980686015e-01 1.809511534e-01 9.834920844e-01 0.000000000e+00 1.204953858e-01 0.000000000e+00 0.000000000e+00 1.000000000e+00 0.000000000e+00
9.416819671e-01 -3.365041943e-01 0.000000000e+00 1.725087544e+00 3.365041943e-01 9.416819671e-01 0.000000000e+00 3.792310888e-01 0.000000000e+00 0.000000000e+00 1.000000000e+00 0.000000000e+00
8.664770206e-01 -4.992169596e-01 0.000000000e+00 2.539956462e+00 4.992169596e-01 8.664770206e-01 0.000000000e+00 7.839697993e-01 0.000000000e+00 0.000000000e+00 1.000000000e+00 0.000000000e+00
7.612980158e-01 -6.484021369e-01 0.000000000e+00 3.269795627e+00 6.484021369e-01 7.612980158e-01 0.000000000e+00 1.337079338e+00 0.000000000e+00 0.000000000e+00 1.000000000e+00 0.000000000e+00
6.405915115e-01 -7.678818369e-01 0.000000000e+00 3.883986547e+00 7.678818369e-01 6.405915115e-01 0.000000000e+00 1.946595435e+00 0.000000000e+00 0.000000000e+00 1.000000000e+00 0.000000000e+00
5.121079833e-01 -8.589210752e-01 0.000000000e+00 4.363473096e+00 8.589210752e-01 5.121079833e-01 0.000000000e+00 2.691764320e+00 0.000000000e+00 0.000000000e+00 1.000000000e+00 0.000000000e+00
3.422078110e-01 -9.396242941e-01 0.000000000e+00 4.734959128e+00 9.396242941e-01 3.422078110e-01 0.000000000e+00 3.567666452e+00 0.000000000e+00 0.000000000e+00 1.000000000e+00 0.000000000e+00
1.795036160e-01 -9.837573135e-01 0.000000000e+00 4.928316268e+00 9.837573135e-01 1.795036160e-01 0.000000000e+00 4.425499058e+00 0.000000000e+00 0.000000000e+00 1.000000000e+00 0.000000000e+00
6.955743900e-03 -9.999758085e-01 0.000000000e+00 4.971082106e+00 9.999758085e-01 6.955743900e-03 0.000000000e+00 5.293814890e+00 0.000000000e+00 0.000000000e+00 1.000000000e+00 0.000000000e+00
-1.545995391e-01 -9.879772176e-01 0.000000000e+00 4.892790642e+00 9.879772176e-01 -1.545995391e-01 0.000000000e+00 6.165538816e+00 0.000000000e+00 0.000000000e+00 1.000000000e+00 0.000000000e+00
-3.125762042e-01 -9.498926869e-01 0.000000000e+00 4.686096260e+00 9.498926869e-01 -3.125762042e-01 0.000000000e+00 6.987232858e+00 0.000000000e+00 0.000000000e+00 1.000000000e+00 0.000000000e+00
-4.689665370e-01 -8.832159346e-01 0.000000000e+00 4.314179145e+00 8.832159346e-01 -4.689665370e-01 0.000000000e+00 7.790846961e+00 0.000000000e+00 0.000000000e+00 1.000000000e+00 0.000000000e+00
-6.264290009e-01 -7.794784839e-01 0.000000000e+00 3.789158862e+00 7.794784839e-01 -6.264290009e-01 0.000000000e+00 8.526560939e+00 0.000000000e+00 0.000000000e+00 1.000000000e+00 0.000000000e+00
-7.511620371e-01 -6.601178637e-01 0.000000000e+00 3.143116009e+00 6.601178637e-01 -7.511620371e-01 0.000000000e+00 9.155224088e+00 0.000000000e+00 0.000000000e+00 1.000000000e+00 0.000000000e+00
-8.517028898e-01 -5.240249875e-01 0.000000000e+00 2.407457854e+00 5.240249875e-01 -8.517028898e-01 0.000000000e+00 9.656383411e+00 0.000000000e+00 0.000000000e+00 1.000000000e+00 0.000000000e+00
-9.253686008e-01 -3.790685330e-01 0.000000000e+00 1.631682951e+00 3.790685330e-01 -9.253686008e-01 0.000000000e+00 1.004670775e+01 0.000000000e+00 0.000000000e+00 1.000000000e+00 0.000000000e+00
-9.772326654e-01 -2.121704921e-01 0.000000000e+00 7.661747508e-01 2.121704921e-01 -9.772326654e-01 0.000000000e+00 1.029396651e+01 0.000000000e+00 0.000000000e+00 1.000000000e+00 0.000000000e+00
-9.989240302e-01 -4.637652363e-02 0.000000000e+00 -1.233915688e-01 4.637652363e-02 -9.989240302e-01 0.000000000e+00 1.036315865e+01 0.000000000e+00 0.000000000e+00 1.000000000e+00 0.000000000e+00
-9.912524063e-01 1.319797980e-01 0.000000000e+00 -1.018689825e+00 -1.319797980e-01 -9.912524063e-01 0.000000000e+00 1.027481419e+01 0.000000000e+00 0.000000000e+00 1.000000000e+00 0.000000000e+00
-9.528938940e-01 3.033038523e-01 0.000000000e+00 -1.883966774e+00 -3.033038523e-01 -9.528938940e-01 0.000000000e+00 1.005062112e+01 0.000000000e+00 0.000000000e+00 1.000000000e+00 0.000000000e+00
-8.668037443e-01 4.986494449e-01 0.000000000e+00 -2.754117546e+00 -4.986494449e-01 -8.668037443e-01 0.000000000e+00 9.631998348e+00 0.000000000e+00 0.000000000e+00 1.000000000e+00 0.000000000e+00
-7.753509638e-01 6.315305875e-01 0.000000000e+00 -3.449075292e+00 -6.315305875e-01 -7.753509638e-01 0.000000000e+00 9.074408403e+00 0.000000000e+00 0.000000000e+00 1.000000000e+00 0.000000000e+00
-6.502808101e-01 7.596939305e-01 0.000000000e+00 -4.104559410e+00 -7.596939305e-01 -6.502808101e-01 0.000000000e+00 8.438774049e+00 0.000000000e+00 0.000000000e+00 1.000000000e+00 0.000000000e+00
-5.113922762e-01 8.593473919e-01 0.000000000e+00 -4.600222959e+00 -8.593473919e-01 -5.113922762e-01 0.000000000e+00 7.693252450e+00 0.000000000e+00 0.000000000e+00 1.000000000e+00 0.000000000e+00
-3.533495718e-01 9.354913576e-01 0.000000000e+00 -4.973692934e+00 -9.354913576e-01 -3.533495718e-01 0.000000000e+00 6.847796603e+00 0.000000000e+00 0.000000000e+00 1.000000000e+00 0.000000000e+00
-1.852276996e-01 9.826956290e-01 0.000000000e+00 -5.207749736e+00 -9.826956290e-01 -1.852276996e-01 0.000000000e+00 5.971190357e+00 0.000000000e+00 0.000000000e+00 1.000000000e+00 0.000000000e+00
-8.913010521e-03 9.999602783e-01 0.000000000e+00 -5.258818681e+00 -9.999602783e-01 -8.913010521e-03 0.000000000e+00 5.077191931e+00 0.000000000e+00 0.000000000e+00 1.000000000e+00 0.000000000e+00
1.730291561e-01 9.849167026e-01 0.000000000e+00 -5.163130496e+00 -9.849167026e-01 1.730291561e-01 0.000000000e+00 4.159052225e+00 0.000000000e+00 0.000000000e+00 1.000000000e+00 0.000000000e+00
3.243823034e-01 9.459260654e-01 0.000000000e+00 -4.923600825e+00 -9.459260654e-01 3.243823034e-01 0.000000000e+00 3.322642429e+00 0.000000000e+00 0.000000000e+00 1.000000000e+00 0.000000000e+00
4.859999215e-01 8.739588528e-01 0.000000000e+00 -4.540404718e+00 -8.739588528e-01 4.859999215e-01 0.000000000e+00 2.499707535e+00 0.000000000e+00 0.000000000e+00 1.000000000e+00 0.000000000e+00
6.251297371e-01 7.805208593e-01 0.000000000e+00 -4.004895144e+00 -7.805208593e-01 6.251297371e-01 0.000000000e+00 1.806525180e+00 0.000000000e+00 0.000000000e+00 1.000000000e+00 0.000000000e+00
7.684680718e-01 6.398881329e-01 0.000000000e+00 -3.290552272e+00 -6.398881329e-01 7.684680718e-01 0.000000000e+00 1.098960009e+00 0.000000000e+00 0.000000000e+00 1.000000000e+00 0.000000000e+00
8.650289582e-01 5.017219364e-01 0.000000000e+00 -2.542475493e+00 -5.017219364e-01 8.650289582e-01 0.000000000e+00 6.344830675e-01 0.000000000e+00 0.000000000e+00 1.000000000e+00 0.000000000e+00
9.382741648e-01 3.458924567e-01 0.000000000e+00 -1.750497193e+00 -3.458924567e-01 9.382741648e-01 0.000000000e+00 2.841690464e-01 0.000000000e+00 0.000000000e+00 1.000000000e+00 0.000000000e+00
9.846082527e-01 1.747758243e-01 0.000000000e+00 -8.934446920e-01 -1.747758243e-01 9.846082527e-01 0.000000000e+00 8.790261211e-02 0.000000000e+00 0.000000000e+00 1.000000000e+00 0.000000000e+00
9.999948536e-01 -3.208222294e-03 0.000000000e+00 6.042274887e-04 3.208222294e-03 9.999948536e-01 0.000000000e+00 -1.419605135e-03 0.000000000e+00 0.000000000e+00 1.000000000e+00 0.000000000e+00
