1.000000000e+00 0.000000000e+00 0.000000000e+00 0.000000000e+00 0.000000000e+00 1.000000000e+00 0.000000000e+00 0.000000000e+00 0.000000000e+00 0.000000000e+00 1.000000000e+00 0.000000000e+00
9.983050419e-01 -5.819831094e-02 0.000000000e+00 2.825745076e-01 5.819831094e-02 9.983050419e-01 0.000000000e+00 9.754533872e-03 0.000000000e+00 0.000000000e+00 1.000000000e+00 0.000000000e+00
9.923661263e-01 -1.233266859e-01 0.000000000e+00 5.756539408e-01 1.233266859e-01 9.923661263e-01 0.000000000e+00 3.349618638e-02 0.000000000e+00 0.000000000e+00 1.000000000e+00 0.000000000e+00
9.841017902e-01 -1.776053672e-01 0.000000000e+00 8.503229547e-01 1.776053672e-01 9.841017902e-01 0.000000000e+00 7.737721537e-02 0.000000000e+00 0.000000000e+00 1.000000000e+00 0.000000000e+00
9.702007590e-01 -2.423024706e-01 0.000000000e+00 1.137423961e+00 2.423024706e-01 9.702007590e-01 0.000000000e+00 1.332986171e-01 0.000000000e+00 0.000000000e+00 1.000000000e+00 0.000000000e+00
9.564590608e-01 -2.918665191e-01 0.000000000e+00 1.361464394e+00 2.918665191e-01 9.564590608e-01 0.000000000e+00 1.912857147e-01 0.000000000e+00 0.000000000e+00 1.000000000e+00 0.000000000e+00
9.409216215e-01 -3.386244264e-01 0.000000000e+00 1.612343205e+00 3.386244264e-01 9.409216215e-01 0.000000000e+00 2.725811918e-01 0.000000000e+00 0.000000000e+00 1.000000000e+00 0.000000000e+00
9.162608270e-01 -4.005821974e-01 0.000000000e+00 1.910576707e+00 4.005821974e-01 9.162608270e-01 0.000000000e+00 3.828896520e-01 0.000000000e+00 0.000000000e+00 1.000000000e+00 0.000000000e+00
8.918940357e-01 -4.522444351e-01 0.000000000e+00 2.164622285e+00 4.522444351e-01 8.918940357e-01 0.000000000e+00 4.912613927e-01 0.000000000e+00 0.000000000e+00 1.000000000e+00 0.000000000e+00
8.643956968e-01 -5.028121710e-01 0.000000000e+00 2.417776449e+00 5.028121710e-01 8.643956968e-01 0.000000000e+00 6.146223951e-01 0.000000000e+00 0.000000000e+00 1.000000000e+00 0.000000000e+00
8.341869830e-01 -5.514817108e-01 0.000000000e+00 2.657594334e+00 5.514817108e-01 8.341869830e-01 0.000000000e+00 7.611335914e-01 0.000000000e+00 0.000000000e+00 1.000000000e+00 0.000000000e+00
8.023920732e-01 -5.967972527e-01 0.000000000e+00 2.872725220e+00 5.967972527e-01 8.023920732e-01 0.000000000e+00 9.155560909e-01 0.000000000e+00 0.000000000e+00 1.000000000e+00 0.000000000e+00
7.672784468e-01 -6.413141079e-01 0.000000000e+00 3.093594378e+00 6.413141079e-01 7.672784468e-01 0.000000000e+00 1.084019453e+00 0.000000000e+00 0.000000000e+00 1.000000000e+00 0.000000000e+00
7.298641068e-01 -6.835922656e-01 0.000000000e+00 3.301204127e+00 6.835922656e-01 7.298641068e-01 0.000000000e+00 1.255911663e+00 0.000000000e+00 0.000000000e+00 1.000000000e+00 0.000000000e+00
6.856862063e-01 -7.278972637e-01 0.000000000e+00 3.518849891e+00 7.278972637e-01 6.856862063e-01 0.000000000e+00 1.454104047e+00 0.000000000e+00 0.000000000e+00 1.000000000e+00 0.000000000e+00
6.390990989e-01 -7.691243994e-01 0.000000000e+00 3.718299514e+00 7.691243994e-01 6.390990989e-01 0.000000000e+00 1.672528244e+00 0.000000000e+00 0.000000000e+00 1.000000000e+00 0.000000000e+00
6.244412831e-01 -7.810717534e-01 0.000000000e+00 3.843340095e+00 7.810717534e-01 6.244412831e-01 0.000000000e+00 1.836050538e+00 0.000000000e+00 0.000000000e+00 1.000000000e+00 0.000000000e+00
5.776536170e-01 -8.162819971e-01 0.000000000e+00 4.015479036e+00 8.162819971e-01 5.776536170e-01 0.000000000e+00 2.052507204e+00 0.000000000e+00 0.000000000e+00 1.000000000e+00 0.000000000e+00
5.242621063e-01 -8.515569528e-01 0.000000000e+00 4.192227400e+00 8.515569528e-01 5.242621063e-01 0.000000000e+00 2.297971229e+00 0.000000000e+00 0.000000000e+00 1.000000000e+00 0.000000000e+00
4.715818678e-01 -8.818222848e-01 0.000000000e+00 4.342686349e+00 8.818222848e-01 4.715818678e-01 0.000000000e+00 2.543846004e+00 0.000000000e+00 0.000000000e+00 1.000000000e+00 0.000000000e+00
4.253797262e-01 -9.050149659e-01 0.000000000e+00 4.462474239e+00 9.050149659e-01 4.253797262e-01 0.000000000e+00 2.767633043e+00 0.000000000e+00 0.000000000e+00 1.000000000e+00 0.000000000e+00
3.754835005e-01 -9.268290785e-01 0.000000000e+00 4.581249707e+00 9.268290785e-01 3.754835005e-01 0.000000000e+00 3.005859065e+00 0.000000000e+00 0.000000000e+00 1.000000000e+00 0.000000000e+00
3.210679055e-01 -9.470561758e-01 0.000000000e+00 4.686699029e+00 9.470561758e-01 3.210679055e-01 0.000000000e+00 3.263473791e+00 0.000000000e+00 0.000000000e+00 1.000000000e+00 0.000000000e+00
2.660959510e-01 -9.639465467e-01 0.000000000e+00 4.776524917e+00 9.639465467e-01 2.660959510e-01 0.000000000e+00 3.519655130e+00 0.000000000e+00 0.000000000e+00 1.000000000e+00 0.000000000e+00
2.074435883e-01 -9.782469819e-01 0.000000000e+00 4.855006483e+00 9.782469819e-01 2.074435883e-01 0.000000000e+00 3.801613917e+00 0.000000000e+00 0.000000000e+00 1.000000000e+00 0.000000000e+00
1.457500752e-01 -9.893214420e-01 0.000000000e+00 4.921709136e+00 9.893214420e-01 1.457500752e-01 0.000000000e+00 4.068082648e+00 0.000000000e+00 0.000000000e+00 1.000000000e+00 0.000000000e+00
9.543849190e-02 -9.954353290e-01 0.000000000e+00 4.962743690e+00 9.954353290e-01 9.543849190e-02 0.000000000e+00 4.313318845e+00 0.000000000e+00 0.000000000e+00 1.000000000e+00 0.000000000e+00
3.571043944e-02 -9.993621788e-01 0.000000000e+00 4.985391076e+00 9.993621788e-01 3.571043944e-02 0.000000000e+00 4.602955897e+00 0.000000000e+00 0.000000000e+00 1.000000000e+00 0.000000000e+00
-2.039198191e-02 -9.997920619e-01 0.000000000e+00 5.000632346e+00 9.997920619e-01 -2.039198191e-02 0.000000000e+00 4.868995704e+00 0.000000000e+00 0.000000000e+00 1.000000000e+00 0.000000000e+00
-7.002218874e-02 -9.975454341e-01 0.000000000e+00 4.988840517e+00 9.975454341e-01 -7.002218874e-02 0.000000000e+00 5.106403990e+00 0.000000000e+00 0.000000000e+00 1.000000000e+00 0.000000000e+00
-1.264188259e-01 -9.919769556e-01 0.000000000e+00 4.972539551e+00 9.919769556e-01 -1.264188259e-01 0.000000000e+00 5.358632246e+00 0.000000000e+00 0.000000000e+00 1.000000000e+00 0.000000000e+00
-1.843416327e-01 -9.828622296e-01 0.000000000e+00 4.938681340e+00 9.828622296e-01 -1.843416327e-01 0.000000000e+00 5.631563390e+00 0.000000000e+00 0.000000000e+00 1.000000000e+00 0.000000000e+00
-2.453033588e-01 -9.694463689e-01 0.000000000e+00 4.901600923e+00 9.694463689e-01 -2.453033588e-01 0.000000000e+00 5.894487486e+00 0.000000000e+00 0.000000000e+00 1.000000000e+00 0.000000000e+00
-2.930530245e-01 -9.560961902e-01 0.000000000e+00 4.838190271e+00 9.560961902e-01 -2.930530245e-01 0.000000000e+00 6.126923708e+00 0.000000000e+00 0.000000000e+00 1.000000000e+00 0.000000000e+00
-3.449473642e-01 -9.386220304e-01 0.000000000e+00 4.755853118e+00 9.386220304e-01 -3.449473642e-01 0.000000000e+00 6.405027764e+00 0.000000000e+00 0.000000000e+00 1.000000000e+00 0.000000000e+00
-3.946270700e-01 -9.188413768e-01 0.000000000e+00 4.665487290e+00 9.188413768e-01 -3.946270700e-01 0.000000000e+00 6.650390350e+00 0.000000000e+00 0.000000000e+00 1.000000000e+00 0.000000000e+00
-4.518063105e-01 -8.921160562e-01 0.000000000e+00 4.574194832e+00 8.921160562e-01 -4.518063105e-01 0.000000000e+00 6.888855857e+00 0.000000000e+00 0.000000000e+00 1.000000000e+00 0.000000000e+00
-4.973559229e-01 -8.675465901e-01 0.000000000e+00 4.462377641e+00 8.675465901e-01 -4.973559229e-01 0.000000000e+00 7.123486790e+00 0.000000000e+00 0.000000000e+00 1.000000000e+00 0.000000000e+00
-5.522092877e-01 -8.337055251e-01 0.000000000e+00 4.317565815e+00 8.337055251e-01 -5.522092877e-01 0.000000000e+00 7.376660581e+00 0.000000000e+00 0.000000000e+00 1.000000000e+00 0.000000000e+00
-5.941550288e-01 -8.043505466e-01 0.000000000e+00 4.178358770e+00 8.043505466e-01 -5.941550288e-01 0.000000000e+00 7.585683550e+00 0.000000000e+00 0.000000000e+00 1.000000000e+00 0.000000000e+00
-6.400628600e-01 -7.683225463e-01 0.000000000e+00 4.038083145e+00 7.683225463e-01 -6.400628600e-01 0.000000000e+00 7.800263036e+00 0.000000000e+00 0.000000000e+00 1.000000000e+00 0.000000000e+00
-6.834412301e-01 -7.300055376e-01 0.000000000e+00 3.853905727e+00 7.300055376e-01 -6.834412301e-01 0.000000000e+00 8.001454457e+00 0.000000000e+00 0.000000000e+00 1.000000000e+00 0.000000000e+00
-7.168077598e-01 -6.972708480e-01 0.000000000e+00 3.693672569e+00 6.972708480e-01 -7.168077598e-01 0.000000000e+00 8.194716220e+00 0.000000000e+00 0.000000000e+00 1.000000000e+00 0.000000000e+00
-7.389419672e-01 -6.737690770e-01 0.000000000e+00 3.549888977e+00 6.737690770e-01 -7.389419672e-01 0.000000000e+00 8.338050732e+00 0.000000000e+00 0.000000000e+00 1.000000000e+00 0.000000000e+00
-7.823767858e-01 -6.228053990e-01 0.000000000e+00 3.355093365e+00 6.228053990e-01 -7.823767858e-01 0.000000000e+00 8.516588730e+00 0.000000000e+00 0.000000000e+00 1.000000000e+00 0.000000000e+00
-8.273763383e-01 -5.616479278e-01 0.000000000e+00 3.117511045e+00 5.616479278e-01 -8.273763383e-01 0.000000000e+00 8.698821482e+00 0.000000000e+00 0.000000000e+00 1.000000000e+00 0.000000000e+00
-8.644857397e-01 -5.026573444e-01 0.000000000e+00 2.900798582e+00 5.026573444e-01 -8.644857397e-01 0.000000000e+00 8.850780633e+00 0.000000000e+00 0.000000000e+00 1.000000000e+00 0.000000000e+00
-8.868558228e-01 -4.620462634e-01 0.000000000e+00 2.675691014e+00 4.620462634e-01 -8.868558228e-01 0.000000000e+00 8.982966233e+00 0.000000000e+00 0.000000000e+00 1.000000000e+00 0.000000000e+00
-9.179916782e-01 -3.965996454e-01 0.000000000e+00 2.417398427e+00 3.965996454e-01 -9.179916782e-01 0.000000000e+00 9.115442484e+00 0.000000000e+00 0.000000000e+00 1.000000000e+00 0.000000000e+00
-9.371495590e-01 -3.489279354e-01 0.000000000e+00 2.182055837e+00 3.489279354e-01 -9.371495590e-01 0.000000000e+00 9.219361742e+00 0.000000000e+00 0.000000000e+00 1.000000000e+00 0.000000000e+00
-9.566230539e-01 -2.913285650e-01 0.000000000e+00 1.932304796e+00 2.913285650e-01 -9.566230539e-01 0.000000000e+00 9.313816637e+00 0.000000000e+00 0.000000000e+00 1.000000000e+00 0.000000000e+00
-9.706307568e-01 -2.405741757e-01 0.000000000e+00 1.686687167e+00 2.405741757e-01 -9.706307568e-01 0.000000000e+00 9.402540406e+00 0.000000000e+00 0.000000000e+00 1.000000000e+00 0.000000000e+00
-9.820104695e-01 -1.888264754e-01 0.000000000e+00 1.443061736e+00 1.888264754e-01 -9.820104695e-01 0.000000000e+00 9.474983793e+00 0.000000000e+00 0.000000000e+00 1.000000000e+00 0.000000000e+00
-9.909059852e-01 -1.345560421e-01 0.000000000e+00 1.181328802e+00 1.345560421e-01 -9.909059852e-01 0.000000000e+00 9.526835005e+00 0.000000000e+00 0.000000000e+00 1.000000000e+00 0.000000000e+00
-9.976638420e-01 -6.831440887e-02 0.000000000e+00 8.735154097e-01 6.831440887e-02 -9.976638420e-01 0.000000000e+00 9.560559422e+00 0.000000000e+00 0.000000000e+00 1.000000000e+00 0.000000000e+00
-9.999387397e-01 -1.106873115e-02 0.000000000e+00 6.189475404e-01 1.106873115e-02 -9.999387397e-01 0.000000000e+00 9.574713289e+00 0.000000000e+00 0.000000000e+00 1.000000000e+00 0.000000000e+00
-9.989712601e-01 4.534778308e-02 0.000000000e+00 3.589656578e-01 -4.534778308e-02 -9.989712601e-01 0.000000000e+00 9.582965488e+00 0.000000000e+00 0.000000000e+00 1.000000000e+00 0.000000000e+00
-9.946045181e-01 1.037393494e-01 0.000000000e+00 8.697631028e-02 -1.037393494e-01 -9.946045181e-01 0.000000000e+00 9.563106795e+00 0.000000000e+00 0.000000000e+00 1.000000000e+00 0.000000000e+00
-9.876018458e-01 1.569795977e-01 0.000000000e+00 -1.740008079e-01 -1.569795977e-01 -9.876018458e-01 0.000000000e+00 9.539658792e+00 0.000000000e+00 0.000000000e+00 1.000000000e+00 0.000000000e+00
-9.773495590e-01 2.116313764e-01 0.000000000e+00 -4.327397926e-01 -2.116313764e-01 -9.773495590e-01 0.000000000e+00 9.498707796e+00 0.000000000e+00 0.000000000e+00 1.000000000e+00 0.000000000e+00
-9.639655648e-01 2.660270474e-01 0.000000000e+00 -6.858318868e-01 -2.660270474e-01 -9.639655648e-01 0.000000000e+00 9.447510710e+00 0.000000000e+00 0.000000000e+00 1.000000000e+00 0.000000000e+00
-9.476560824e-01 3.192928900e-01 0.000000000e+00 -9.283948288e-01 -3.192928900e-01 -9.476560824e-01 0.000000000e+00 9.389383292e+00 0.000000000e+00 0.000000000e+00 1.000000000e+00 0.000000000e+00
-9.271256886e-01 3.747505270e-01 0.000000000e+00 -1.177720852e+00 -3.747505270e-01 -9.271256886e-01 0.000000000e+00 9.306075981e+00 0.000000000e+00 0.000000000e+00 1.000000000e+00 0.000000000e+00
-9.003199992e-01 4.352285595e-01 0.000000000e+00 -1.474214557e+00 -4.352285595e-01 -9.003199992e-01 0.000000000e+00 9.165254904e+00 0.000000000e+00 0.000000000e+00 1.000000000e+00 0.000000000e+00
-8.759850825e-01 4.823381958e-01 0.000000000e+00 -1.691695878e+00 -4.823381958e-01 -8.759850825e-01 0.000000000e+00 9.074416067e+00 0.000000000e+00 0.000000000e+00 1.000000000e+00 0.000000000e+00
-8.464403410e-01 5.324835669e-01 0.000000000e+00 -1.933355882e+00 -5.324835669e-01 -8.464403410e-01 0.000000000e+00 8.940186393e+00 0.000000000e+00 0.000000000e+00 1.000000000e+00 0.000000000e+00
-8.163959192e-01 5.774926000e-01 0.000000000e+00 -2.146901055e+00 -5.774926000e-01 -8.163959192e-01 0.000000000e+00 8.798294119e+00 0.000000000e+00 0.000000000e+00 1.000000000e+00 0.000000000e+00
-7.799673850e-01 6.258201646e-01 0.000000000e+00 -2.360986662e+00 -6.258201646e-01 -7.799673850e-01 0.000000000e+00 8.646405690e+00 0.000000000e+00 0.000000000e+00 1.000000000e+00 0.000000000e+00
-7.380977929e-01 6.746937439e-01 0.000000000e+00 -2.578027415e+00 -6.746937439e-01 -7.380977929e-01 0.000000000e+00 8.467382585e+00 0.000000000e+00 0.000000000e+00 1.000000000e+00 0.000000000e+00
-6.934577323e-01 7.204973098e-01 0.000000000e+00 -2.788120881e+00 -7.204973098e-01 -6.934577323e-01 0.000000000e+00 8.276157838e+00 0.000000000e+00 0.000000000e+00 1.000000000e+00 0.000000000e+00
-6.440938361e-01 7.649464886e-01 0.000000000e+00 -2.991029986e+00 -7.649464886e-01 -6.440938361e-01 0.000000000e+00 8.062004608e+00 0.000000000e+00 0.000000000e+00 1.000000000e+00 0.000000000e+00
-6.145550997e-01 7.888738996e-01 0.000000000e+00 -3.140244386e+00 -7.888738996e-01 -6.145550997e-01 0.000000000e+00 7.862644365e+00 0.000000000e+00 0.000000000e+00 1.000000000e+00 0.000000000e+00
-5.714899032e-01 8.206090973e-01 0.000000000e+00 -3.281529671e+00 -8.206090973e-01 -5.714899032e-01 0.000000000e+00 7.672410699e+00 0.000000000e+00 0.000000000e+00 1.000000000e+00 0.000000000e+00
-4.958812527e-01 8.683903404e-01 0.000000000e+00 -3.445443158e+00 -8.683903404e-01 -4.958812527e-01 0.000000000e+00 7.446382950e+00 0.000000000e+00 0.000000000e+00 1.000000000e+00 0.000000000e+00
-4.572609515e-01 8.893325712e-01 0.000000000e+00 -3.556191778e+00 -8.893325712e-01 -4.572609515e-01 0.000000000e+00 7.258124614e+00 0.000000000e+00 0.000000000e+00 1.000000000e+00 0.000000000e+00
-4.072153821e-01 9.133321590e-01 0.000000000e+00 -3.669277524e+00 -9.133321590e-01 -4.072153821e-01 0.000000000e+00 7.032897533e+00 0.000000000e+00 0.000000000e+00 1.000000000e+00 0.000000000e+00
-3.536170731e-01 9.353902745e-01 0.000000000e+00 -3.782895489e+00 -9.353902745e-01 -3.536170731e-01 0.000000000e+00 6.751835084e+00 0.000000000e+00 0.000000000e+00 1.000000000e+00 0.000000000e+00
-3.134735590e-01 9.495969291e-01 0.000000000e+00 -3.872341263e+00 -9.495969291e-01 -3.134735590e-01 0.000000000e+00 6.539474387e+00 0.000000000e+00 0.000000000e+00 1.000000000e+00 0.000000000e+00
-2.282251073e-01 9.736083917e-01 0.000000000e+00 -3.953958251e+00 -9.736083917e-01 -2.282251073e-01 0.000000000e+00 6.244970505e+00 0.000000000e+00 0.000000000e+00 1.000000000e+00 0.000000000e+00
-1.762633656e-01 9.843430428e-01 0.000000000e+00 -4.007163129e+00 -9.843430428e-01 -1.762633656e-01 0.000000000e+00 5.975059877e+00 0.000000000e+00 0.000000000e+00 1.000000000e+00 0.000000000e+00
-1.179609706e-01 9.930182322e-01 0.000000000e+00 -4.050717746e+00 -9.930182322e-01 -1.179609706e-01 0.000000000e+00 5.718825379e+00 0.000000000e+00 0.000000000e+00 1.000000000e+00 0.000000000e+00
