1.000000000e+00 0.000000000e+00 0.000000000e+00 0.000000000e+00 0.000000000e+00 1.000000000e+00 0.000000000e+00 0.000000000e+00 0.000000000e+00 0.000000000e+00 1.000000000e+00 0.000000000e+00
9.985443541e-01 -5.393674940e-02 0.000000000e+00 2.561916595e-01 5.393674940e-02 9.985443541e-01 0.000000000e+00 6.803855381e-03 0.000000000e+00 0.000000000e+00 1.000000000e+00 0.000000000e+00
9.938790191e-01 -1.104739576e-01 0.000000000e+00 5.230098203e-01 1.104739576e-01 9.938790191e-01 0.000000000e+00 3.060366280e-02 0.000000000e+00 0.000000000e+00 1.000000000e+00 0.000000000e+00
9.876106858e-01 -1.569239728e-01 0.000000000e+00 7.700145502e-01 1.569239728e-01 9.876106858e-01 0.000000000e+00 6.334945242e-02 0.000000000e+00 0.000000000e+00 1.000000000e+00 0.000000000e+00
9.760802767e-01 -2.174104261e-01 0.000000000e+00 1.053351830e+00 2.174104261e-01 9.760802767e-01 0.000000000e+00 1.180323660e-01 0.000000000e+00 0.000000000e+00 1.000000000e+00 0.000000000e+00
9.704015934e-01 -2.414968894e-01 0.000000000e+00 1.299483889e+00 2.414968894e-01 9.704015934e-01 0.000000000e+00 1.760404036e-01 0.000000000e+00 0.000000000e+00 1.000000000e+00 0.000000000e+00
9.537739112e-01 -3.005250843e-01 0.000000000e+00 1.569676767e+00 3.005250843e-01 9.537739112e-01 0.000000000e+00 2.514455499e-01 0.000000000e+00 0.000000000e+00 1.000000000e+00 0.000000000e+00
9.323168837e-01 -3.616424039e-01 0.000000000e+00 1.845549141e+00 3.616424039e-01 9.323168837e-01 0.000000000e+00 3.435622546e-01 0.000000000e+00 0.000000000e+00 1.000000000e+00 0.000000000e+00
9.098042313e-01 -4.150376619e-01 0.000000000e+00 2.097314012e+00 4.150376619e-01 9.098042313e-01 0.000000000e+00 4.434842684e-01 0.000000000e+00 0.000000000e+00 1.000000000e+00 0.000000000e+00
8.815089622e-01 -4.721672899e-01 0.000000000e+00 2.357812504e+00 4.721672899e-01 8.815089622e-01 0.000000000e+00 5.659470105e-01 0.000000000e+00 0.000000000e+00 1.000000000e+00 0.000000000e+00
8.569518855e-01 -5.153964163e-01 0.000000000e+00 2.591277166e+00 5.153964163e-01 8.569518855e-01 0.000000000e+00 6.834347974e-01 0.000000000e+00 0.000000000e+00 1.000000000e+00 0.000000000e+00
8.285604613e-01 -5.598995999e-01 0.000000000e+00 2.815035581e+00 5.598995999e-01 8.285604613e-01 0.000000000e+00 8.228387852e-01 0.000000000e+00 0.000000000e+00 1.000000000e+00 0.000000000e+00
7.935872477e-01 -6.084564737e-01 0.000000000e+00 3.064175305e+00 6.084564737e-01 7.935872477e-01 0.000000000e+00 9.825667789e-01 0.000000000e+00 0.000000000e+00 1.000000000e+00 0.000000000e+00
7.618621993e-01 -6.477391367e-01 0.000000000e+00 3.273450260e+00 6.477391367e-01 7.618621993e-01 0.000000000e+00 1.144029045e+00 0.000000000e+00 0.000000000e+00 1.000000000e+00 0.000000000e+00
7.146796335e-01 -6.994519436e-01 0.000000000e+00 3.503563410e+00 6.994519436e-01 7.146796335e-01 0.000000000e+00 1.368160461e+00 0.000000000e+00 0.000000000e+00 1.000000000e+00 0.000000000e+00
6.790538077e-01 -7.340885003e-01 0.000000000e+00 3.704906388e+00 7.340885003e-01 6.790538077e-01 0.000000000e+00 1.553259398e+00 0.000000000e+00 0.000000000e+00 1.000000000e+00 0.000000000e+00
6.409605083e-01 -7.675738575e-01 0.000000000e+00 3.876737074e+00 7.675738575e-01 6.409605083e-01 0.000000000e+00 1.736941810e+00 0.000000000e+00 0.000000000e+00 1.000000000e+00 0.000000000e+00
6.054708597e-01 -7.958674752e-01 0.000000000e+00 4.056194355e+00 7.958674752e-01 6.054708597e-01 0.000000000e+00 1.925136010e+00 0.000000000e+00 0.000000000e+00 1.000000000e+00 0.000000000e+00
5.345308253e-01 -8.451489790e-01 0.000000000e+00 4.260121830e+00 8.451489790e-01 5.345308253e-01 0.000000000e+00 2.177576755e+00 0.000000000e+00 0.000000000e+00 1.000000000e+00 0.000000000e+00
4.835766714e-01 -8.753020067e-01 0.000000000e+00 4.423833000e+00 8.753020067e-01 4.835766714e-01 0.000000000e+00 2.419281034e+00 0.000000000e+00 0.000000000e+00 1.000000000e+00 0.000000000e+00
4.358208133e-01 -9.000334542e-01 0.000000000e+00 4.580234540e+00 9.000334542e-01 4.358208133e-01 0.000000000e+00 2.662655708e+00 0.000000000e+00 0.000000000e+00 1.000000000e+00 0.000000000e+00
3.749040401e-01 -9.270636228e-01 0.000000000e+00 4.721861356e+00 9.270636228e-01 3.749040401e-01 0.000000000e+00 2.939892572e+00 0.000000000e+00 0.000000000e+00 1.000000000e+00 0.000000000e+00
3.206766797e-01 -9.471887178e-01 0.000000000e+00 4.826858913e+00 9.471887178e-01 3.206766797e-01 0.000000000e+00 3.215602309e+00 0.000000000e+00 0.000000000e+00 1.000000000e+00 0.000000000e+00
2.648255131e-01 -9.642963484e-01 0.000000000e+00 4.945820544e+00 9.642963484e-01 2.648255131e-01 0.000000000e+00 3.470838485e+00 0.000000000e+00 0.000000000e+00 1.000000000e+00 0.000000000e+00
2.094813515e-01 -9.778126423e-01 0.000000000e+00 5.026536954e+00 9.778126423e-01 2.094813515e-01 0.000000000e+00 3.735294009e+00 0.000000000e+00 0.000000000e+00 1.000000000e+00 0.000000000e+00
1.574439625e-01 -9.875279230e-01 0.000000000e+00 5.107133675e+00 9.875279230e-01 1.574439625e-01 0.000000000e+00 4.001588386e+00 0.000000000e+00 0.000000000e+00 1.000000000e+00 0.000000000e+00
9.599056442e-02 -9.953822439e-01 0.000000000e+00 5.157399495e+00 9.953822439e-01 9.599056442e-02 0.000000000e+00 4.303149296e+00 0.000000000e+00 0.000000000e+00 1.000000000e+00 0.000000000e+00
3.699074783e-02 -9.993156081e-01 0.000000000e+00 5.193177367e+00 9.993156081e-01 3.699074783e-02 0.000000000e+00 4.566636820e+00 0.000000000e+00 0.000000000e+00 1.000000000e+00 0.000000000e+00
-2.162681204e-02 -9.997661131e-01 0.000000000e+00 5.236803177e+00 9.997661131e-01 -2.162681204e-02 0.000000000e+00 4.843684641e+00 0.000000000e+00 0.000000000e+00 1.000000000e+00 0.000000000e+00
-6.762427459e-02 -9.977108587e-01 0.000000000e+00 5.260734434e+00 9.977108587e-01 -6.762427459e-02 0.000000000e+00 5.104121259e+00 0.000000000e+00 0.000000000e+00 1.000000000e+00 0.000000000e+00
-1.411988066e-01 -9.899812609e-01 0.000000000e+00 5.239710239e+00 9.899812609e-01 -1.411988066e-01 0.000000000e+00 5.410210887e+00 0.000000000e+00 0.000000000e+00 1.000000000e+00 0.000000000e+00
-1.981448383e-01 -9.801727516e-01 0.000000000e+00 5.225366112e+00 9.801727516e-01 -1.981448383e-01 0.000000000e+00 5.678600407e+00 0.000000000e+00 0.000000000e+00 1.000000000e+00 0.000000000e+00
-2.602569523e-01 -9.655393927e-01 0.000000000e+00 5.160572364e+00 9.655393927e-01 -2.602569523e-01 0.000000000e+00 5.973900342e+00 0.000000000e+00 0.000000000e+00 1.000000000e+00 0.000000000e+00
-3.154022173e-01 -9.489580819e-01 0.000000000e+00 5.123698349e+00 9.489580819e-01 -3.154022173e-01 0.000000000e+00 6.237782707e+00 0.000000000e+00 0.000000000e+00 1.000000000e+00 0.000000000e+00
-3.558856577e-01 -9.345295066e-01 0.000000000e+00 5.054725985e+00 9.345295066e-01 -3.558856577e-01 0.000000000e+00 6.463159845e+00 0.000000000e+00 0.000000000e+00 1.000000000e+00 0.000000000e+00
-4.091338001e-01 -9.124744016e-01 0.000000000e+00 4.976248799e+00 9.124744016e-01 -4.091338001e-01 0.000000000e+00 6.709355606e+00 0.000000000e+00 0.000000000e+00 1.000000000e+00 0.000000000e+00
-4.564373277e-01 -8.897555653e-01 0.000000000e+00 4.885305400e+00 8.897555653e-01 -4.564373277e-01 0.000000000e+00 6.933658678e+00 0.000000000e+00 0.000000000e+00 1.000000000e+00 0.000000000e+00
-5.041217915e-01 -8.636325719e-01 0.000000000e+00 4.804144271e+00 8.636325719e-01 -5.041217915e-01 0.000000000e+00 7.161210699e+00 0.000000000e+00 0.000000000e+00 1.000000000e+00 0.000000000e+00
-5.546877312e-01 -8.320586042e-01 0.000000000e+00 4.683519962e+00 8.320586042e-01 -5.546877312e-01 0.000000000e+00 7.403346944e+00 0.000000000e+00 0.000000000e+00 1.000000000e+00 0.000000000e+00
-6.022257446e-01 -7.983258436e-01 0.000000000e+00 4.536947206e+00 7.983258436e-01 -6.022257446e-01 0.000000000e+00 7.635266135e+00 0.000000000e+00 0.000000000e+00 1.000000000e+00 0.000000000e+00
-6.488361693e-01 -7.609281342e-01 0.000000000e+00 4.355250325e+00 7.609281342e-01 -6.488361693e-01 0.000000000e+00 7.865003838e+00 0.000000000e+00 0.000000000e+00 1.000000000e+00 0.000000000e+00
-6.884776412e-01 -7.252575663e-01 0.000000000e+00 4.195791053e+00 7.252575663e-01 -6.884776412e-01 0.000000000e+00 8.068067450e+00 0.000000000e+00 0.000000000e+00 1.000000000e+00 0.000000000e+00
-7.342525355e-01 -6.788764350e-01 0.000000000e+00 3.982191960e+00 6.788764350e-01 -7.342525355e-01 0.000000000e+00 8.277969538e+00 0.000000000e+00 0.000000000e+00 1.000000000e+00 0.000000000e+00
-7.727888825e-01 -6.346631729e-01 0.000000000e+00 3.791740638e+00 6.346631729e-01 -7.727888825e-01 0.000000000e+00 8.464862193e+00 0.000000000e+00 0.000000000e+00 1.000000000e+00 0.000000000e+00
-8.061655553e-01 -5.916900350e-01 0.000000000e+00 3.584915885e+00 5.916900350e-01 -8.061655553e-01 0.000000000e+00 8.633870117e+00 0.000000000e+00 0.000000000e+00 1.000000000e+00 0.000000000e+00
-8.426447776e-01 -5.384698494e-01 0.000000000e+00 3.393400807e+00 5.384698494e-01 -8.426447776e-01 0.000000000e+00 8.805409216e+00 0.000000000e+00 0.000000000e+00 1.000000000e+00 0.000000000e+00
-8.729629179e-01 -4.877865762e-01 0.000000000e+00 3.182957050e+00 4.877865762e-01 -8.729629179e-01 0.000000000e+00 8.946578670e+00 0.000000000e+00 0.000000000e+00 1.000000000e+00 0.000000000e+00
-8.990759530e-01 -4.377926800e-01 0.000000000e+00 2.950924062e+00 4.377926800e-01 -8.990759530e-01 0.000000000e+00 9.064533642e+00 0.000000000e+00 0.000000000e+00 1.000000000e+00 0.000000000e+00
-9.271844841e-01 -3.746050352e-01 0.000000000e+00 2.687649738e+00 3.746050352e-01 -9.271844841e-01 0.000000000e+00 9.216135069e+00 0.000000000e+00 0.000000000e+00 1.000000000e+00 0.000000000e+00
-9.324027415e-01 -3.614209840e-01 0.000000000e+00 2.491162502e+00 3.614209840e-01 -9.324027415e-01 0.000000000e+00 9.324044487e+00 0.000000000e+00 0.000000000e+00 1.000000000e+00 0.000000000e+00
-9.491613961e-01 -3.147898413e-01 0.000000000e+00 2.272546360e+00 3.147898413e-01 -9.491613961e-01 0.000000000e+00 9.400916252e+00 0.000000000e+00 0.000000000e+00 1.000000000e+00 0.000000000e+00
-9.668402156e-01 -2.553820619e-01 0.000000000e+00 1.996280700e+00 2.553820619e-01 -9.668402156e-01 0.000000000e+00 9.491916123e+00 0.000000000e+00 0.000000000e+00 1.000000000e+00 0.000000000e+00
-9.795027359e-01 -2.014308576e-01 0.000000000e+00 1.747548335e+00 2.014308576e-01 -9.795027359e-01 0.000000000e+00 9.564173847e+00 0.000000000e+00 0.000000000e+00 1.000000000e+00 0.000000000e+00
-9.916203516e-01 -1.291862159e-01 0.000000000e+00 1.499602934e+00 1.291862159e-01 -9.916203516e-01 0.000000000e+00 9.638128121e+00 0.000000000e+00 0.000000000e+00 1.000000000e+00 0.000000000e+00
-9.973876743e-01 -7.223452852e-02 0.000000000e+00 1.253770965e+00 7.223452852e-02 -9.973876743e-01 0.000000000e+00 9.668989603e+00 0.000000000e+00 0.000000000e+00 1.000000000e+00 0.000000000e+00
-9.999942501e-01 -3.391133612e-03 0.000000000e+00 9.597986931e-01 3.391133612e-03 -9.999942501e-01 0.000000000e+00 9.694599090e+00 0.000000000e+00 0.000000000e+00 1.000000000e+00 0.000000000e+00
-9.988290851e-01 4.837828860e-02 0.000000000e+00 7.098556221e-01 -4.837828860e-02 -9.988290851e-01 0.000000000e+00 9.695811122e+00 0.000000000e+00 0.000000000e+00 1.000000000e+00 0.000000000e+00
-9.942103643e-01 1.074511590e-01 0.000000000e+00 4.550228584e-01 -1.074511590e-01 -9.942103643e-01 0.000000000e+00 9.683520031e+00 0.000000000e+00 0.000000000e+00 1.000000000e+00 0.000000000e+00
-9.861369956e-01 1.659331971e-01 0.000000000e+00 2.078625116e-01 -1.659331971e-01 -9.861369956e-01 0.000000000e+00 9.643713521e+00 0.000000000e+00 0.000000000e+00 1.000000000e+00 0.000000000e+00
-9.770750798e-01 2.128950174e-01 0.000000000e+00 -1.082053183e-02 -2.128950174e-01 -9.770750798e-01 0.000000000e+00 9.614415227e+00 0.000000000e+00 0.000000000e+00 1.000000000e+00 0.000000000e+00
-9.601050922e-01 2.796394320e-01 0.000000000e+00 -2.770199190e-01 -2.796394320e-01 -9.601050922e-01 0.000000000e+00 9.552938045e+00 0.000000000e+00 0.000000000e+00 1.000000000e+00 0.000000000e+00
-9.402981379e-01 3.403518942e-01 0.000000000e+00 -5.590965844e-01 -3.403518942e-01 -9.402981379e-01 0.000000000e+00 9.466778294e+00 0.000000000e+00 0.000000000e+00 1.000000000e+00 0.000000000e+00
-9.169056536e-01 3.991040246e-01 0.000000000e+00 -7.974165946e-01 -3.991040246e-01 -9.169056536e-01 0.000000000e+00 9.374470687e+00 0.000000000e+00 0.000000000e+00 1.000000000e+00 0.000000000e+00
-8.877045239e-01 4.604135948e-01 0.000000000e+00 -1.046718642e+00 -4.604135948e-01 -8.877045239e-01 0.000000000e+00 9.270558432e+00 0.000000000e+00 0.000000000e+00 1.000000000e+00 0.000000000e+00
-8.560633256e-01 5.168709535e-01 0.000000000e+00 -1.290543536e+00 -5.168709535e-01 -8.560633256e-01 0.000000000e+00 9.126753643e+00 0.000000000e+00 0.000000000e+00 1.000000000e+00 0.000000000e+00
-8.217988903e-01 5.697776618e-01 0.000000000e+00 -1.497661751e+00 -5.697776618e-01 -8.217988903e-01 0.000000000e+00 8.995581657e+00 0.000000000e+00 0.000000000e+00 1.000000000e+00 0.000000000e+00
-7.886866536e-01 6.147953825e-01 0.000000000e+00 -1.701712387e+00 -6.147953825e-01 -7.886866536e-01 0.000000000e+00 8.844215708e+00 0.000000000e+00 0.000000000e+00 1.000000000e+00 0.000000000e+00
-7.509050902e-01 6.604101343e-01 0.000000000e+00 -1.881230637e+00 -6.604101343e-01 -7.509050902e-01 0.000000000e+00 8.702301610e+00 0.000000000e+00 0.000000000e+00 1.000000000e+00 0.000000000e+00
-7.246961780e-01 6.890685377e-01 0.000000000e+00 -2.048017467e+00 -6.890685377e-01 -7.246961780e-01 0.000000000e+00 8.557967523e+00 0.000000000e+00 0.000000000e+00 1.000000000e+00 0.000000000e+00
-6.825052001e-01 7.308807371e-01 0.000000000e+00 -2.212626281e+00 -7.308807371e-01 -6.825052001e-01 0.000000000e+00 8.394823952e+00 0.000000000e+00 0.000000000e+00 1.000000000e+00 0.000000000e+00
-6.378050022e-01 7.701978832e-01 0.000000000e+00 -2.366287892e+00 -7.701978832e-01 -6.378050022e-01 0.000000000e+00 8.219658121e+00 0.000000000e+00 0.000000000e+00 1.000000000e+00 0.000000000e+00
-5.904338303e-01 8.070860500e-01 0.000000000e+00 -2.507941712e+00 -8.070860500e-01 -5.904338303e-01 0.000000000e+00 8.032846190e+00 0.000000000e+00 0.000000000e+00 1.000000000e+00 0.000000000e+00
-5.413759828e-01 8.407806166e-01 0.000000000e+00 -2.637019459e+00 -8.407806166e-01 -5.413759828e-01 0.000000000e+00 7.835940726e+00 0.000000000e+00 0.000000000e+00 1.000000000e+00 0.000000000e+00
-4.901770339e-01 8.716228975e-01 0.000000000e+00 -2.753495822e+00 -8.716228975e-01 -4.901770339e-01 0.000000000e+00 7.630474265e+00 0.000000000e+00 0.000000000e+00 1.000000000e+00 0.000000000e+00
-4.303958490e-01 9.026402457e-01 0.000000000e+00 -2.885665443e+00 -9.026402457e-01 -4.303958490e-01 0.000000000e+00 7.376963382e+00 0.000000000e+00 0.000000000e+00 1.000000000e+00 0.000000000e+00
-3.872495313e-01 9.219749457e-01 0.000000000e+00 -2.989667816e+00 -9.219749457e-01 -3.872495313e-01 0.000000000e+00 7.164224490e+00 0.000000000e+00 0.000000000e+00 1.000000000e+00 0.000000000e+00
-3.188100957e-01 9.478186129e-01 0.000000000e+00 -3.070277028e+00 -9.478186129e-01 -3.188100957e-01 0.000000000e+00 6.923461841e+00 0.000000000e+00 0.000000000e+00 1.000000000e+00 0.000000000e+00
-2.657986980e-01 9.640285536e-01 0.000000000e+00 -3.131120164e+00 -9.640285536e-01 -2.657986980e-01 0.000000000e+00 6.681553934e+00 0.000000000e+00 0.000000000e+00 1.000000000e+00 0.000000000e+00
-2.094929774e-01 9.778101515e-01 0.000000000e+00 -3.194265337e+00 -9.778101515e-01 -2.094929774e-01 0.000000000e+00 6.426932688e+00 0.000000000e+00 0.000000000e+00 1.000000000e+00 0.000000000e+00
-1.606434667e-01 9.870125007e-01 0.000000000e+00 -3.233356032e+00 -9.870125007e-01 -1.606434667e-01 0.000000000e+00 6.189787519e+00 0.000000000e+00 0.000000000e+00 1.000000000e+00 0.000000000e+00
-1.032120648e-01 9.946593737e-01 0.000000000e+00 -3.258592725e+00 -9.946593737e-01 -1.032120648e-01 0.000000000e+00 5.918660459e+00 0.000000000e+00 0.000000000e+00 1.000000000e+00 0.000000000e+00
