1.000000000e+00 0.000000000e+00 0.000000000e+00 0.000000000e+00 0.000000000e+00 1.000000000e+00 0.000000000e+00 0.000000000e+00 0.000000000e+00 0.000000000e+00 1.000000000e+00 0.000000000e+00
9.983630475e-01 -5.719462681e-02 0.000000000e+00 2.791769869e-01 5.719462681e-02 9.983630475e-01 0.000000000e+00 1.300743589e-02 0.000000000e+00 0.000000000e+00 1.000000000e+00 0.000000000e+00
9.939216721e-01 -1.100895530e-01 0.000000000e+00 5.285421675e-01 1.100895530e-01 9.939216721e-01 0.000000000e+00 3.210319143e-02 0.000000000e+00 0.000000000e+00 1.000000000e+00 0.000000000e+00
9.853270762e-01 -1.706767495e-01 0.000000000e+00 8.137268736e-01 1.706767495e-01 9.853270762e-01 0.000000000e+00 7.345642086e-02 0.000000000e+00 0.000000000e+00 1.000000000e+00 0.000000000e+00
9.734792361e-01 -2.287753853e-01 0.000000000e+00 1.095241266e+00 2.287753853e-01 9.734792361e-01 0.000000000e+00 1.299072140e-01 0.000000000e+00 0.000000000e+00 1.000000000e+00 0.000000000e+00
9.508704978e-01 -3.095889152e-01 0.000000000e+00 1.428633310e+00 3.095889152e-01 9.508704978e-01 0.000000000e+00 2.103196864e-01 0.000000000e+00 0.000000000e+00 1.000000000e+00 0.000000000e+00
9.325001666e-01 -3.611695436e-01 0.000000000e+00 1.697026463e+00 3.611695436e-01 9.325001666e-01 0.000000000e+00 3.054361042e-01 0.000000000e+00 0.000000000e+00 1.000000000e+00 0.000000000e+00
9.064659437e-01 -4.222789279e-01 0.000000000e+00 1.977783812e+00 4.222789279e-01 9.064659437e-01 0.000000000e+00 4.225395334e-01 0.000000000e+00 0.000000000e+00 1.000000000e+00 0.000000000e+00
8.814539856e-01 -4.722699137e-01 0.000000000e+00 2.234921878e+00 4.722699137e-01 8.814539856e-01 0.000000000e+00 5.489467906e-01 0.000000000e+00 0.000000000e+00 1.000000000e+00 0.000000000e+00
8.515383811e-01 -5.242922711e-01 0.000000000e+00 2.480640173e+00 5.242922711e-01 8.515383811e-01 0.000000000e+00 6.903149680e-01 0.000000000e+00 0.000000000e+00 1.000000000e+00 0.000000000e+00
8.211792397e-01 -5.706703569e-01 0.000000000e+00 2.710561449e+00 5.706703569e-01 8.211792397e-01 0.000000000e+00 8.394075096e-01 0.000000000e+00 0.000000000e+00 1.000000000e+00 0.000000000e+00
7.857670758e-01 -6.185225158e-01 0.000000000e+00 2.950730784e+00 6.185225158e-01 7.857670758e-01 0.000000000e+00 1.010539879e+00 0.000000000e+00 0.000000000e+00 1.000000000e+00 0.000000000e+00
7.473568692e-01 -6.644228398e-01 0.000000000e+00 3.177592294e+00 6.644228398e-01 7.473568692e-01 0.000000000e+00 1.196268095e+00 0.000000000e+00 0.000000000e+00 1.000000000e+00 0.000000000e+00
7.107793108e-01 -7.034150776e-01 0.000000000e+00 3.373635664e+00 7.034150776e-01 7.107793108e-01 0.000000000e+00 1.370916286e+00 0.000000000e+00 0.000000000e+00 1.000000000e+00 0.000000000e+00
6.681409723e-01 -7.440347043e-01 0.000000000e+00 3.573090274e+00 7.440347043e-01 6.681409723e-01 0.000000000e+00 1.582116507e+00 0.000000000e+00 0.000000000e+00 1.000000000e+00 0.000000000e+00
6.268213652e-01 -7.791629971e-01 0.000000000e+00 3.755921467e+00 7.791629971e-01 6.268213652e-01 0.000000000e+00 1.784097866e+00 0.000000000e+00 0.000000000e+00 1.000000000e+00 0.000000000e+00
5.812804677e-01 -8.137032739e-01 0.000000000e+00 3.932755656e+00 8.137032739e-01 5.812804677e-01 0.000000000e+00 1.998807506e+00 0.000000000e+00 0.000000000e+00 1.000000000e+00 0.000000000e+00
5.375100059e-01 -8.432573709e-01 0.000000000e+00 4.090843028e+00 8.432573709e-01 5.375100059e-01 0.000000000e+00 2.215157300e+00 0.000000000e+00 0.000000000e+00 1.000000000e+00 0.000000000e+00
4.902198461e-01 -8.715988197e-01 0.000000000e+00 4.244761604e+00 8.715988197e-01 4.902198461e-01 0.000000000e+00 2.447382550e+00 0.000000000e+00 0.000000000e+00 1.000000000e+00 0.000000000e+00
4.370132762e-01 -8.994550552e-01 0.000000000e+00 4.393411983e+00 8.994550552e-01 4.370132762e-01 0.000000000e+00 2.692032752e+00 0.000000000e+00 0.000000000e+00 1.000000000e+00 0.000000000e+00
3.836317429e-01 -9.234861590e-01 0.000000000e+00 4.527513561e+00 9.234861590e-01 3.836317429e-01 0.000000000e+00 2.949538451e+00 0.000000000e+00 0.000000000e+00 1.000000000e+00 0.000000000e+00
3.336094541e-01 -9.427113726e-01 0.000000000e+00 4.634820548e+00 9.427113726e-01 3.336094541e-01 0.000000000e+00 3.197442326e+00 0.000000000e+00 0.000000000e+00 1.000000000e+00 0.000000000e+00
2.715475639e-01 -9.624250207e-01 0.000000000e+00 4.740710040e+00 9.624250207e-01 2.715475639e-01 0.000000000e+00 3.500650776e+00 0.000000000e+00 0.000000000e+00 1.000000000e+00 0.000000000e+00
2.158386254e-01 -9.764290490e-01 0.000000000e+00 4.816166938e+00 9.764290490e-01 2.158386254e-01 0.000000000e+00 3.758708152e+00 0.000000000e+00 0.000000000e+00 1.000000000e+00 0.000000000e+00
1.553255588e-01 -9.878633361e-01 0.000000000e+00 4.877720477e+00 9.878633361e-01 1.553255588e-01 0.000000000e+00 4.055760605e+00 0.000000000e+00 0.000000000e+00 1.000000000e+00 0.000000000e+00
9.517349838e-02 -9.954607000e-01 0.000000000e+00 4.935098362e+00 9.954607000e-01 9.517349838e-02 0.000000000e+00 4.341798412e+00 0.000000000e+00 0.000000000e+00 1.000000000e+00 0.000000000e+00
4.486120665e-02 -9.989932293e-01 0.000000000e+00 4.960033910e+00 9.989932293e-01 4.486120665e-02 0.000000000e+00 4.589511810e+00 0.000000000e+00 0.000000000e+00 1.000000000e+00 0.000000000e+00
-2.310855639e-02 -9.997329617e-01 0.000000000e+00 4.983562062e+00 9.997329617e-01 -2.310855639e-02 0.000000000e+00 4.914955490e+00 0.000000000e+00 0.000000000e+00 1.000000000e+00 0.000000000e+00
-6.901913749e-02 -9.976153360e-01 0.000000000e+00 4.989563378e+00 9.976153360e-01 -6.901913749e-02 0.000000000e+00 5.151531480e+00 0.000000000e+00 0.000000000e+00 1.000000000e+00 0.000000000e+00
-1.404792815e-01 -9.900836184e-01 0.000000000e+00 4.973146025e+00 9.900836184e-01 -1.404792815e-01 0.000000000e+00 5.496771811e+00 0.000000000e+00 0.000000000e+00 1.000000000e+00 0.000000000e+00
-1.994944415e-01 -9.798989580e-01 0.000000000e+00 4.952541562e+00 9.798989580e-01 -1.994944415e-01 0.000000000e+00 5.781020798e+00 0.000000000e+00 0.000000000e+00 1.000000000e+00 0.000000000e+00
-2.490990962e-01 -9.684780020e-01 0.000000000e+00 4.903751142e+00 9.684780020e-01 -2.490990962e-01 0.000000000e+00 6.021505026e+00 0.000000000e+00 0.000000000e+00 1.000000000e+00 0.000000000e+00
-2.982343326e-01 -9.544926835e-01 0.000000000e+00 4.842942535e+00 9.544926835e-01 -2.982343326e-01 0.000000000e+00 6.264044177e+00 0.000000000e+00 0.000000000e+00 1.000000000e+00 0.000000000e+00
-3.478739285e-01 -9.375413217e-01 0.000000000e+00 4.763157490e+00 9.375413217e-01 -3.478739285e-01 0.000000000e+00 6.491153326e+00 0.000000000e+00 0.000000000e+00 1.000000000e+00 0.000000000e+00
-4.048596808e-01 -9.143788268e-01 0.000000000e+00 4.661348145e+00 9.143788268e-01 -4.048596808e-01 0.000000000e+00 6.766536443e+00 0.000000000e+00 0.000000000e+00 1.000000000e+00 0.000000000e+00
-4.621571492e-01 -8.867980432e-01 0.000000000e+00 4.536669232e+00 8.867980432e-01 -4.621571492e-01 0.000000000e+00 7.040797105e+00 0.000000000e+00 0.000000000e+00 1.000000000e+00 0.000000000e+00
-5.329611899e-01 -8.461396871e-01 0.000000000e+00 4.372377414e+00 8.461396871e-01 -5.329611899e-01 0.000000000e+00 7.367677561e+00 0.000000000e+00 0.000000000e+00 1.000000000e+00 0.000000000e+00
-5.820350136e-01 -8.131637246e-01 0.000000000e+00 4.277588452e+00 8.131637246e-01 -5.820350136e-01 0.000000000e+00 7.618470232e+00 0.000000000e+00 0.000000000e+00 1.000000000e+00 0.000000000e+00
-6.351131898e-01 -7.724190807e-01 0.000000000e+00 4.088896686e+00 7.724190807e-01 -6.351131898e-01 0.000000000e+00 7.872618692e+00 0.000000000e+00 0.000000000e+00 1.000000000e+00 0.000000000e+00
-6.796888784e-01 -7.335005307e-01 0.000000000e+00 3.968165536e+00 7.335005307e-01 -6.796888784e-01 0.000000000e+00 8.107883089e+00 0.000000000e+00 0.000000000e+00 1.000000000e+00 0.000000000e+00
-7.219431873e-01 -6.919523353e-01 0.000000000e+00 3.837073337e+00 6.919523353e-01 -7.219431873e-01 0.000000000e+00 8.333543991e+00 0.000000000e+00 0.000000000e+00 1.000000000e+00 0.000000000e+00
-7.617838959e-01 -6.478312249e-01 0.000000000e+00 3.696235720e+00 6.478312249e-01 -7.617838959e-01 0.000000000e+00 8.549189554e+00 0.000000000e+00 0.000000000e+00 1.000000000e+00 0.000000000e+00
-7.990972527e-01 -6.012017804e-01 0.000000000e+00 3.543142099e+00 6.012017804e-01 -7.990972527e-01 0.000000000e+00 8.754502817e+00 0.000000000e+00 0.000000000e+00 1.000000000e+00 0.000000000e+00
-8.334765858e-01 -5.525547763e-01 0.000000000e+00 3.376770647e+00 5.525547763e-01 -8.334765858e-01 0.000000000e+00 8.946784130e+00 0.000000000e+00 0.000000000e+00 1.000000000e+00 0.000000000e+00
-8.650389240e-01 -5.017047539e-01 0.000000000e+00 3.199227898e+00 5.017047539e-01 -8.650389240e-01 0.000000000e+00 9.124706117e+00 0.000000000e+00 0.000000000e+00 1.000000000e+00 0.000000000e+00
-8.807689162e-01 -4.735463190e-01 0.000000000e+00 3.093598345e+00 4.735463190e-01 -8.807689162e-01 0.000000000e+00 9.214207303e+00 0.000000000e+00 0.000000000e+00 1.000000000e+00 0.000000000e+00
-9.021827278e-01 -4.313540607e-01 0.000000000e+00 2.902051164e+00 4.313540607e-01 -9.021827278e-01 0.000000000e+00 9.360667531e+00 0.000000000e+00 0.000000000e+00 1.000000000e+00 0.000000000e+00
-9.279505699e-01 -3.727032866e-01 0.000000000e+00 2.651736159e+00 3.727032866e-01 -9.279505699e-01 0.000000000e+00 9.488163033e+00 0.000000000e+00 0.000000000e+00 1.000000000e+00 0.000000000e+00
-9.436820215e-01 -3.308538081e-01 0.000000000e+00 2.457358159e+00 3.308538081e-01 -9.436820215e-01 0.000000000e+00 9.595104979e+00 0.000000000e+00 0.000000000e+00 1.000000000e+00 0.000000000e+00
-9.604507779e-01 -2.784498219e-01 0.000000000e+00 2.214677923e+00 2.784498219e-01 -9.604507779e-01 0.000000000e+00 9.688790365e+00 0.000000000e+00 0.000000000e+00 1.000000000e+00 0.000000000e+00
-9.746950623e-01 -2.235386667e-01 0.000000000e+00 1.995149159e+00 2.235386667e-01 -9.746950623e-01 0.000000000e+00 9.791647053e+00 0.000000000e+00 0.000000000e+00 1.000000000e+00 0.000000000e+00
-9.866942985e-01 -1.625864731e-01 0.000000000e+00 1.711239976e+00 1.625864731e-01 -9.866942985e-01 0.000000000e+00 9.854674835e+00 0.000000000e+00 0.000000000e+00 1.000000000e+00 0.000000000e+00
-9.941764590e-01 -1.077644116e-01 0.000000000e+00 1.472225818e+00 1.077644116e-01 -9.941764590e-01 0.000000000e+00 9.911173668e+00 0.000000000e+00 0.000000000e+00 1.000000000e+00 0.000000000e+00
-9.984981940e-01 -5.478463871e-02 0.000000000e+00 1.246076955e+00 5.478463871e-02 -9.984981940e-01 0.000000000e+00 9.968747103e+00 0.000000000e+00 0.000000000e+00 1.000000000e+00 0.000000000e+00
-9.999884276e-01 4.810886668e-03 0.000000000e+00 9.776971775e-01 -4.810886668e-03 -9.999884276e-01 0.000000000e+00 9.991646059e+00 0.000000000e+00 0.000000000e+00 1.000000000e+00 0.000000000e+00
-9.980701150e-01 6.209706566e-02 0.000000000e+00 7.342517877e-01 -6.209706566e-02 -9.980701150e-01 0.000000000e+00 1.001288649e+01 0.000000000e+00 0.000000000e+00 1.000000000e+00 0.000000000e+00
-9.926372054e-01 1.211254654e-01 0.000000000e+00 4.583397620e-01 -1.211254654e-01 -9.926372054e-01 0.000000000e+00 1.000241477e+01 0.000000000e+00 0.000000000e+00 1.000000000e+00 0.000000000e+00
-9.844089770e-01 1.758947580e-01 0.000000000e+00 2.105641625e-01 -1.758947580e-01 -9.844089770e-01 0.000000000e+00 9.984509254e+00 0.000000000e+00 0.000000000e+00 1.000000000e+00 0.000000000e+00
-9.734604359e-01 2.288553687e-01 0.000000000e+00 -2.286622650e-02 -2.288553687e-01 -9.734604359e-01 0.000000000e+00 9.952661002e+00 0.000000000e+00 0.000000000e+00 1.000000000e+00 0.000000000e+00
-9.589192466e-01 2.836791823e-01 0.000000000e+00 -2.720220627e-01 -2.836791823e-01 -9.589192466e-01 0.000000000e+00 9.907135639e+00 0.000000000e+00 0.000000000e+00 1.000000000e+00 0.000000000e+00
-9.400487910e-01 3.410399837e-01 0.000000000e+00 -5.416052394e-01 -3.410399837e-01 -9.400487910e-01 0.000000000e+00 9.832595442e+00 0.000000000e+00 0.000000000e+00 1.000000000e+00 0.000000000e+00
-9.179598325e-01 3.966733491e-01 0.000000000e+00 -7.993110797e-01 -3.966733491e-01 -9.179598325e-01 0.000000000e+00 9.737985503e+00 0.000000000e+00 0.000000000e+00 1.000000000e+00 0.000000000e+00
-8.952062652e-01 4.456520423e-01 0.000000000e+00 -1.010056270e+00 -4.456520423e-01 -8.952062652e-01 0.000000000e+00 9.664720494e+00 0.000000000e+00 0.000000000e+00 1.000000000e+00 0.000000000e+00
-8.713119479e-01 4.907295481e-01 0.000000000e+00 -1.196940474e+00 -4.907295481e-01 -8.713119479e-01 0.000000000e+00 9.583047341e+00 0.000000000e+00 0.000000000e+00 1.000000000e+00 0.000000000e+00
-8.414467585e-01 5.403400343e-01 0.000000000e+00 -1.404885148e+00 -5.403400343e-01 -8.414467585e-01 0.000000000e+00 9.481110992e+00 0.000000000e+00 0.000000000e+00 1.000000000e+00 0.000000000e+00
-8.024227250e-01 5.967560393e-01 0.000000000e+00 -1.652784285e+00 -5.967560393e-01 -8.024227250e-01 0.000000000e+00 9.329651825e+00 0.000000000e+00 0.000000000e+00 1.000000000e+00 0.000000000e+00
-7.681262383e-01 6.402984321e-01 0.000000000e+00 -1.842222525e+00 -6.402984321e-01 -7.681262383e-01 0.000000000e+00 9.200190211e+00 0.000000000e+00 0.000000000e+00 1.000000000e+00 0.000000000e+00
-7.293453694e-01 6.841456951e-01 0.000000000e+00 -2.023109041e+00 -6.841456951e-01 -7.293453694e-01 0.000000000e+00 9.057013073e+00 0.000000000e+00 0.000000000e+00 1.000000000e+00 0.000000000e+00
-6.883062863e-01 7.254201929e-01 0.000000000e+00 -2.218998615e+00 -7.254201929e-01 -6.883062863e-01 0.000000000e+00 8.880832960e+00 0.000000000e+00 0.000000000e+00 1.000000000e+00 0.000000000e+00
-6.467056286e-01 7.627396868e-01 0.000000000e+00 -2.377975819e+00 -7.627396868e-01 -6.467056286e-01 0.000000000e+00 8.705623718e+00 0.000000000e+00 0.000000000e+00 1.000000000e+00 0.000000000e+00
-5.949010689e-01 8.037989290e-01 0.000000000e+00 -2.550515067e+00 -8.037989290e-01 -5.949010689e-01 0.000000000e+00 8.501570694e+00 0.000000000e+00 0.000000000e+00 1.000000000e+00 0.000000000e+00
-5.485941643e-01 8.360887769e-01 0.000000000e+00 -2.696159141e+00 -8.360887769e-01 -5.485941643e-01 0.000000000e+00 8.295957115e+00 0.000000000e+00 0.000000000e+00 1.000000000e+00 0.000000000e+00
-4.977223832e-01 8.673363992e-01 0.000000000e+00 -2.838736758e+00 -8.673363992e-01 -4.977223832e-01 0.000000000e+00 8.063839220e+00 0.000000000e+00 0.000000000e+00 1.000000000e+00 0.000000000e+00
-4.471255232e-01 8.944712217e-01 0.000000000e+00 -2.948638637e+00 -8.944712217e-01 -4.471255232e-01 0.000000000e+00 7.864826374e+00 0.000000000e+00 0.000000000e+00 1.000000000e+00 0.000000000e+00
-3.887881332e-01 9.213271881e-01 0.000000000e+00 -3.067403103e+00 -9.213271881e-01 -3.887881332e-01 0.000000000e+00 7.606699988e+00 0.000000000e+00 0.000000000e+00 1.000000000e+00 0.000000000e+00
-3.431127757e-01 9.392942154e-01 0.000000000e+00 -3.141900739e+00 -9.392942154e-01 -3.431127757e-01 0.000000000e+00 7.388780485e+00 0.000000000e+00 0.000000000e+00 1.000000000e+00 0.000000000e+00
-2.861774124e-01 9.581766479e-01 0.000000000e+00 -3.220055876e+00 -9.581766479e-01 -2.861774124e-01 0.000000000e+00 7.152919249e+00 0.000000000e+00 0.000000000e+00 1.000000000e+00 0.000000000e+00
-2.138576721e-01 9.768648300e-01 0.000000000e+00 -3.305801117e+00 -9.768648300e-01 -2.138576721e-01 0.000000000e+00 6.830632401e+00 0.000000000e+00 0.000000000e+00 1.000000000e+00 0.000000000e+00
-1.637566102e-01 9.865007717e-01 0.000000000e+00 -3.346253032e+00 -9.865007717e-01 -1.637566102e-01 0.000000000e+00 6.603046496e+00 0.000000000e+00 0.000000000e+00 1.000000000e+00 0.000000000e+00
-1.037264226e-01 9.946058663e-01 0.000000000e+00 -3.375327586e+00 -9.946058663e-01 -1.037264226e-01 0.000000000e+00 6.345854795e+00 0.000000000e+00 0.000000000e+00 1.000000000e+00 0.000000000e+00
-4.903500023e-02 9.987970608e-01 0.000000000e+00 -3.389915361e+00 -9.987970608e-01 -4.903500023e-02 0.000000000e+00 6.098491729e+00 0.000000000e+00 0.000000000e+00 1.000000000e+00 0.000000000e+00
