1.000000000e+00 0.000000000e+00 0.000000000e+00 0.000000000e+00 0.000000000e+00 1.000000000e+00 0.000000000e+00 0.000000000e+00 0.000000000e+00 0.000000000e+00 1.000000000e+00 0.000000000e+00
9.979756766e-01 -6.359676873e-02 0.000000000e+00 -1.451886729e-02 6.359676873e-02 9.979756766e-01 0.000000000e+00 2.820867364e-01 0.000000000e+00 0.000000000e+00 1.000000000e+00 0.000000000e+00
9.918545858e-01 -1.273753531e-01 0.000000000e+00 -4.196425032e-02 1.273753531e-01 9.918545858e-01 0.000000000e+00 5.626352610e-01 0.000000000e+00 0.000000000e+00 1.000000000e+00 0.000000000e+00
9.828344292e-01 -1.844897958e-01 0.000000000e+00 -1.096476110e-01 1.844897958e-01 9.828344292e-01 0.000000000e+00 8.392955627e-01 0.000000000e+00 0.000000000e+00 1.000000000e+00 0.000000000e+00
9.696967362e-01 -2.443117677e-01 0.000000000e+00 -1.791974888e-01 2.443117677e-01 9.696967362e-01 0.000000000e+00 1.113250653e+00 0.000000000e+00 0.000000000e+00 1.000000000e+00 0.000000000e+00
9.517777599e-01 -3.067883568e-01 0.000000000e+00 -2.444138030e-01 3.067883568e-01 9.517777599e-01 0.000000000e+00 1.388208882e+00 0.000000000e+00 0.000000000e+00 1.000000000e+00 0.000000000e+00
9.304357739e-01 -3.664550048e-01 0.000000000e+00 -3.310273926e-01 3.664550048e-01 9.304357739e-01 0.000000000e+00 1.649157661e+00 0.000000000e+00 0.000000000e+00 1.000000000e+00 0.000000000e+00
9.072326047e-01 -4.206292917e-01 0.000000000e+00 -4.418952139e-01 4.206292917e-01 9.072326047e-01 0.000000000e+00 1.900167278e+00 0.000000000e+00 0.000000000e+00 1.000000000e+00 0.000000000e+00
8.783438001e-01 -4.780294644e-01 0.000000000e+00 -5.731943447e-01 4.780294644e-01 8.783438001e-01 0.000000000e+00 2.154117098e+00 0.000000000e+00 0.000000000e+00 1.000000000e+00 0.000000000e+00
8.452603147e-01 -5.343547514e-01 0.000000000e+00 -7.036348578e-01 5.343547514e-01 8.452603147e-01 0.000000000e+00 2.404549422e+00 0.000000000e+00 0.000000000e+00 1.000000000e+00 0.000000000e+00
8.106233388e-01 -5.855679317e-01 0.000000000e+00 -8.736671685e-01 5.855679317e-01 8.106233388e-01 0.000000000e+00 2.631246551e+00 0.000000000e+00 0.000000000e+00 1.000000000e+00 0.000000000e+00
7.712415830e-01 -6.365425521e-01 0.000000000e+00 -1.035049184e+00 6.365425521e-01 7.712415830e-01 0.000000000e+00 2.862255864e+00 0.000000000e+00 0.000000000e+00 1.000000000e+00 0.000000000e+00
7.266075304e-01 -6.870527613e-01 0.000000000e+00 -1.222155972e+00 6.870527613e-01 7.266075304e-01 0.000000000e+00 3.078027846e+00 0.000000000e+00 0.000000000e+00 1.000000000e+00 0.000000000e+00
6.784604742e-01 -7.346369068e-01 0.000000000e+00 -1.401668849e+00 7.346369068e-01 6.784604742e-01 0.000000000e+00 3.270159359e+00 0.000000000e+00 0.000000000e+00 1.000000000e+00 0.000000000e+00
6.334108341e-01 -7.738156856e-01 0.000000000e+00 -1.623587065e+00 7.738156856e-01 6.334108341e-01 0.000000000e+00 3.459565725e+00 0.000000000e+00 0.000000000e+00 1.000000000e+00 0.000000000e+00
5.829857882e-01 -8.124823511e-01 0.000000000e+00 -1.820274204e+00 8.124823511e-01 5.829857882e-01 0.000000000e+00 3.631022646e+00 0.000000000e+00 0.000000000e+00 1.000000000e+00 0.000000000e+00
5.302200544e-01 -8.478600674e-01 0.000000000e+00 -2.025733882e+00 8.478600674e-01 5.302200544e-01 0.000000000e+00 3.786985577e+00 0.000000000e+00 0.000000000e+00 1.000000000e+00 0.000000000e+00
4.789393733e-01 -8.778479804e-01 0.000000000e+00 -2.264122844e+00 8.778479804e-01 4.789393733e-01 0.000000000e+00 3.934657505e+00 0.000000000e+00 0.000000000e+00 1.000000000e+00 0.000000000e+00
4.229284900e-01 -9.061630606e-01 0.000000000e+00 -2.512305524e+00 9.061630606e-01 4.229284900e-01 0.000000000e+00 4.050046293e+00 0.000000000e+00 0.000000000e+00 1.000000000e+00 0.000000000e+00
3.711943891e-01 -9.285551817e-01 0.000000000e+00 -2.740396516e+00 9.285551817e-01 3.711943891e-01 0.000000000e+00 4.161954977e+00 0.000000000e+00 0.000000000e+00 1.000000000e+00 0.000000000e+00
3.108533168e-01 -9.504578978e-01 0.000000000e+00 -3.004843863e+00 9.504578978e-01 3.108533168e-01 0.000000000e+00 4.254670499e+00 0.000000000e+00 0.000000000e+00 1.000000000e+00 0.000000000e+00
2.466362953e-01 -9.691081146e-01 0.000000000e+00 -3.257840151e+00 9.691081146e-01 2.466362953e-01 0.000000000e+00 4.335550673e+00 0.000000000e+00 0.000000000e+00 1.000000000e+00 0.000000000e+00
1.864995512e-01 -9.824550460e-01 0.000000000e+00 -3.516768180e+00 9.824550460e-01 1.864995512e-01 0.000000000e+00 4.398516081e+00 0.000000000e+00 0.000000000e+00 1.000000000e+00 0.000000000e+00
1.239286193e-01 -9.922911354e-01 0.000000000e+00 -3.755205496e+00 9.922911354e-01 1.239286193e-01 0.000000000e+00 4.445812941e+00 0.000000000e+00 0.000000000e+00 1.000000000e+00 0.000000000e+00
6.044510087e-02 -9.981715232e-01 0.000000000e+00 -3.993955575e+00 9.981715232e-01 6.044510087e-02 0.000000000e+00 4.478205570e+00 0.000000000e+00 0.000000000e+00 1.000000000e+00 0.000000000e+00
-2.972859667e-03 -9.999955810e-01 0.000000000e+00 -4.231069706e+00 9.999955810e-01 -2.972859667e-03 0.000000000e+00 4.494483639e+00 0.000000000e+00 0.000000000e+00 1.000000000e+00 0.000000000e+00
-6.668436051e-02 -9.977741208e-01 0.000000000e+00 -4.465905443e+00 9.977741208e-01 -6.668436051e-02 0.000000000e+00 4.492648808e+00 0.000000000e+00 0.000000000e+00 1.000000000e+00 0.000000000e+00
-1.302054755e-01 -9.914870318e-01 0.000000000e+00 -4.698516610e+00 9.914870318e-01 -1.302054755e-01 0.000000000e+00 4.473708681e+00 0.000000000e+00 0.000000000e+00 1.000000000e+00 0.000000000e+00
-2.216502027e-01 -9.751262419e-01 0.000000000e+00 -4.954385204e+00 9.751262419e-01 -2.216502027e-01 0.000000000e+00 4.468304124e+00 0.000000000e+00 0.000000000e+00 1.000000000e+00 0.000000000e+00
-2.845358872e-01 -9.586653894e-01 0.000000000e+00 -5.192851269e+00 9.586653894e-01 -2.845358872e-01 0.000000000e+00 4.405688918e+00 0.000000000e+00 0.000000000e+00 1.000000000e+00 0.000000000e+00
-3.448196062e-01 -9.386689721e-01 0.000000000e+00 -5.409930456e+00 9.386689721e-01 -3.448196062e-01 0.000000000e+00 4.333417884e+00 0.000000000e+00 0.000000000e+00 1.000000000e+00 0.000000000e+00
-4.041269471e-01 -9.147029084e-01 0.000000000e+00 -5.620345126e+00 9.147029084e-01 -4.041269471e-01 0.000000000e+00 4.246369576e+00 0.000000000e+00 0.000000000e+00 1.000000000e+00 0.000000000e+00
-4.616159812e-01 -8.870798644e-01 0.000000000e+00 -5.821876405e+00 8.870798644e-01 -4.616159812e-01 0.000000000e+00 4.144974139e+00 0.000000000e+00 0.000000000e+00 1.000000000e+00 0.000000000e+00
-5.170195705e-01 -8.559735765e-01 0.000000000e+00 -6.012947259e+00 8.559735765e-01 -5.170195705e-01 0.000000000e+00 4.028546985e+00 0.000000000e+00 0.000000000e+00 1.000000000e+00 0.000000000e+00
-5.703966109e-01 -8.213694092e-01 0.000000000e+00 -6.192948979e+00 8.213694092e-01 -5.703966109e-01 0.000000000e+00 3.897860291e+00 0.000000000e+00 0.000000000e+00 1.000000000e+00 0.000000000e+00
-6.212371073e-01 -7.836226493e-01 0.000000000e+00 -6.360651053e+00 7.836226493e-01 -6.212371073e-01 0.000000000e+00 3.754889433e+00 0.000000000e+00 0.000000000e+00 1.000000000e+00 0.000000000e+00
-6.695131143e-01 -7.428002355e-01 0.000000000e+00 -6.516127991e+00 7.428002355e-01 -6.695131143e-01 0.000000000e+00 3.600210325e+00 0.000000000e+00 0.000000000e+00 1.000000000e+00 0.000000000e+00
-7.154264744e-01 -6.986880274e-01 0.000000000e+00 -6.660127496e+00 6.986880274e-01 -7.154264744e-01 0.000000000e+00 3.433250016e+00 0.000000000e+00 0.000000000e+00 1.000000000e+00 0.000000000e+00
-7.582743381e-01 -6.519356012e-01 0.000000000e+00 -6.792833265e+00 6.519356012e-01 -7.582743381e-01 0.000000000e+00 3.255103664e+00 0.000000000e+00 0.000000000e+00 1.000000000e+00 0.000000000e+00
-7.970067730e-01 -6.039703667e-01 0.000000000e+00 -6.953699594e+00 6.039703667e-01 -7.970067730e-01 0.000000000e+00 3.032956157e+00 0.000000000e+00 0.000000000e+00 1.000000000e+00 0.000000000e+00
-8.350699160e-01 -5.501438316e-01 0.000000000e+00 -7.110232357e+00 5.501438316e-01 -8.350699160e-01 0.000000000e+00 2.828825717e+00 0.000000000e+00 0.000000000e+00 1.000000000e+00 0.000000000e+00
-8.660328402e-01 -4.999871195e-01 0.000000000e+00 -7.238841023e+00 4.999871195e-01 -8.660328402e-01 0.000000000e+00 2.587443605e+00 0.000000000e+00 0.000000000e+00 1.000000000e+00 0.000000000e+00
-8.995909709e-01 -4.367334256e-01 0.000000000e+00 -7.351596145e+00 4.367334256e-01 -8.995909709e-01 0.000000000e+00 2.363543991e+00 0.000000000e+00 0.000000000e+00 1.000000000e+00 0.000000000e+00
-9.253798312e-01 -3.790411165e-01 0.000000000e+00 -7.413025789e+00 3.790411165e-01 -9.253798312e-01 0.000000000e+00 2.140612671e+00 0.000000000e+00 0.000000000e+00 1.000000000e+00 0.000000000e+00
-9.475740682e-01 -3.195362033e-01 0.000000000e+00 -7.460654728e+00 3.195362033e-01 -9.475740682e-01 0.000000000e+00 1.912222532e+00 0.000000000e+00 0.000000000e+00 1.000000000e+00 0.000000000e+00
-9.657984666e-01 -2.592938911e-01 0.000000000e+00 -7.494758318e+00 2.592938911e-01 -9.657984666e-01 0.000000000e+00 1.680967396e+00 0.000000000e+00 0.000000000e+00 1.000000000e+00 0.000000000e+00
-9.802609450e-01 -1.977080669e-01 0.000000000e+00 -7.514077029e+00 1.977080669e-01 -9.802609450e-01 0.000000000e+00 1.447220369e+00 0.000000000e+00 0.000000000e+00 1.000000000e+00 0.000000000e+00
-9.900864884e-01 -1.404590524e-01 0.000000000e+00 -7.551281880e+00 1.404590524e-01 -9.900864884e-01 0.000000000e+00 1.192809858e+00 0.000000000e+00 0.000000000e+00 1.000000000e+00 0.000000000e+00
-9.970334701e-01 -7.696921147e-02 0.000000000e+00 -7.540098025e+00 7.696921147e-02 -9.970334701e-01 0.000000000e+00 9.553141416e-01 0.000000000e+00 0.000000000e+00 1.000000000e+00 0.000000000e+00
-9.999087509e-01 -1.350887891e-02 0.000000000e+00 -7.512250406e+00 1.350887891e-02 -9.999087509e-01 0.000000000e+00 7.170765141e-01 0.000000000e+00 0.000000000e+00 1.000000000e+00 0.000000000e+00
-9.987710759e-01 4.956145718e-02 0.000000000e+00 -7.468386296e+00 -4.956145718e-02 -9.987710759e-01 0.000000000e+00 4.785138240e-01 0.000000000e+00 0.000000000e+00 1.000000000e+00 0.000000000e+00
-9.935632710e-01 1.132785353e-01 0.000000000e+00 -7.408001223e+00 -1.132785353e-01 -9.935632710e-01 0.000000000e+00 2.414526997e-01 0.000000000e+00 0.000000000e+00 1.000000000e+00 0.000000000e+00
-9.843933675e-01 1.759820956e-01 0.000000000e+00 -7.331538661e+00 -1.759820956e-01 -9.843933675e-01 0.000000000e+00 7.757726252e-03 0.000000000e+00 0.000000000e+00 1.000000000e+00 0.000000000e+00
-9.712945058e-01 2.378801862e-01 0.000000000e+00 -7.239900299e+00 -2.378801862e-01 -9.712945058e-01 0.000000000e+00 -2.219747867e-01 0.000000000e+00 0.000000000e+00 1.000000000e+00 0.000000000e+00
-9.541561044e-01 2.993094191e-01 0.000000000e+00 -7.133475887e+00 -2.993094191e-01 -9.541561044e-01 0.000000000e+00 -4.469944533e-01 0.000000000e+00 0.000000000e+00 1.000000000e+00 0.000000000e+00
-9.331690870e-01 3.594376928e-01 0.000000000e+00 -7.012405295e+00 -3.594376928e-01 -9.331690870e-01 0.000000000e+00 -6.651975865e-01 0.000000000e+00 0.000000000e+00 1.000000000e+00 0.000000000e+00
-9.086016282e-01 4.176638375e-01 0.000000000e+00 -6.875766444e+00 -4.176638375e-01 -9.086016282e-01 0.000000000e+00 -8.749529914e-01 0.000000000e+00 0.000000000e+00 1.000000000e+00 0.000000000e+00
-8.802826363e-01 4.744496605e-01 0.000000000e+00 -6.724573743e+00 -4.744496605e-01 -8.802826363e-01 0.000000000e+00 -1.075782988e+00 0.000000000e+00 0.000000000e+00 1.000000000e+00 0.000000000e+00
-8.484189899e-01 5.293252474e-01 0.000000000e+00 -6.560853585e+00 -5.293252474e-01 -8.484189899e-01 0.000000000e+00 -1.266090607e+00 0.000000000e+00 0.000000000e+00 1.000000000e+00 0.000000000e+00
-8.132164317e-01 5.819613692e-01 0.000000000e+00 -6.384800637e+00 -5.819613692e-01 -8.132164317e-01 0.000000000e+00 -1.445817340e+00 0.000000000e+00 0.000000000e+00 1.000000000e+00 0.000000000e+00
-7.747693076e-01 6.322440351e-01 0.000000000e+00 -6.196733328e+00 -6.322440351e-01 -7.747693076e-01 0.000000000e+00 -1.615540881e+00 0.000000000e+00 0.000000000e+00 1.000000000e+00 0.000000000e+00
-7.363482391e-01 6.766027422e-01 0.000000000e+00 -5.988526560e+00 -6.766027422e-01 -7.363482391e-01 0.000000000e+00 -1.814062824e+00 0.000000000e+00 0.000000000e+00 1.000000000e+00 0.000000000e+00
-6.890600462e-01 7.247042519e-01 0.000000000e+00 -5.794845971e+00 -7.247042519e-01 -6.890600462e-01 0.000000000e+00 -2.003866181e+00 0.000000000e+00 0.000000000e+00 1.000000000e+00 0.000000000e+00
-6.439567963e-01 7.650618567e-01 0.000000000e+00 -5.584172341e+00 -7.650618567e-01 -6.439567963e-01 0.000000000e+00 -2.190224589e+00 0.000000000e+00 0.000000000e+00 1.000000000e+00 0.000000000e+00
-5.926110605e-01 8.054887529e-01 0.000000000e+00 -5.366335286e+00 -8.054887529e-01 -5.926110605e-01 0.000000000e+00 -2.341790654e+00 0.000000000e+00 0.000000000e+00 1.000000000e+00 0.000000000e+00
-5.375002966e-01 8.432635598e-01 0.000000000e+00 -5.133996881e+00 -8.432635598e-01 -5.375002966e-01 0.000000000e+00 -2.495686509e+00 0.000000000e+00 0.000000000e+00 1.000000000e+00 0.000000000e+00
-4.903827617e-01 8.715071698e-01 0.000000000e+00 -4.874599639e+00 -8.715071698e-01 -4.903827617e-01 0.000000000e+00 -2.588010124e+00 0.000000000e+00 0.000000000e+00 1.000000000e+00 0.000000000e+00
-4.352658486e-01 9.003019721e-01 0.000000000e+00 -4.610489754e+00 -9.003019721e-01 -4.352658486e-01 0.000000000e+00 -2.707742635e+00 0.000000000e+00 0.000000000e+00 1.000000000e+00 0.000000000e+00
-3.743285909e-01 9.272961264e-01 0.000000000e+00 -4.361802525e+00 -9.272961264e-01 -3.743285909e-01 0.000000000e+00 -2.814592697e+00 0.000000000e+00 0.000000000e+00 1.000000000e+00 0.000000000e+00
-3.175020656e-01 9.482575802e-01 0.000000000e+00 -4.102386914e+00 -9.482575802e-01 -3.175020656e-01 0.000000000e+00 -2.898904306e+00 0.000000000e+00 0.000000000e+00 1.000000000e+00 0.000000000e+00
-2.610959316e-01 9.653128584e-01 0.000000000e+00 -3.828594425e+00 -9.653128584e-01 -2.610959316e-01 0.000000000e+00 -2.968866014e+00 0.000000000e+00 0.000000000e+00 1.000000000e+00 0.000000000e+00
-1.971208696e-01 9.803791934e-01 0.000000000e+00 -3.550733424e+00 -9.803791934e-01 -1.971208696e-01 0.000000000e+00 -2.998031747e+00 0.000000000e+00 0.000000000e+00 1.000000000e+00 0.000000000e+00
-1.410517281e-01 9.900022273e-01 0.000000000e+00 -3.270312162e+00 -9.900022273e-01 -1.410517281e-01 0.000000000e+00 -3.029022751e+00 0.000000000e+00 0.000000000e+00 1.000000000e+00 0.000000000e+00
-7.391971253e-02 9.972641957e-01 0.000000000e+00 -2.991041662e+00 -9.972641957e-01 -7.391971253e-02 0.000000000e+00 -3.067105722e+00 0.000000000e+00 0.000000000e+00 1.000000000e+00 0.000000000e+00
-1.037118802e-02 9.999462178e-01 0.000000000e+00 -2.724084189e+00 -9.999462178e-01 -1.037118802e-02 0.000000000e+00 -3.034664842e+00 0.000000000e+00 0.000000000e+00 1.000000000e+00 0.000000000e+00
5.151435587e-02 9.986722541e-01 0.000000000e+00 -2.447832240e+00 -9.986722541e-01 5.151435587e-02 0.000000000e+00 -3.000521053e+00 0.000000000e+00 0.000000000e+00 1.000000000e+00 0.000000000e+00
1.189093405e-01 9.929051157e-01 0.000000000e+00 -2.164074437e+00 -9.929051157e-01 1.189093405e-01 0.000000000e+00 -2.980106615e+00 0.000000000e+00 0.000000000e+00 1.000000000e+00 0.000000000e+00
1.835839711e-01 9.830040313e-01 0.000000000e+00 -1.896717327e+00 -9.830040313e-01 1.835839711e-01 0.000000000e+00 -2.934364272e+00 0.000000000e+00 0.000000000e+00 1.000000000e+00 0.000000000e+00
2.449463943e-01 9.695366233e-01 0.000000000e+00 -1.621251415e+00 -9.695366233e-01 2.449463943e-01 0.000000000e+00 -2.856049678e+00 0.000000000e+00 0.000000000e+00 1.000000000e+00 0.000000000e+00
3.031262373e-01 9.529504102e-01 0.000000000e+00 -1.348973756e+00 -9.529504102e-01 3.031262373e-01 0.000000000e+00 -2.770307991e+00 0.000000000e+00 0.000000000e+00 1.000000000e+00 0.000000000e+00
3.631938191e-01 9.317136093e-01 0.000000000e+00 -1.097597505e+00 -9.317136093e-01 3.631938191e-01 0.000000000e+00 -2.656918740e+00 0.000000000e+00 0.000000000e+00 1.000000000e+00 0.000000000e+00
4.217912031e-01 9.066929916e-01 0.000000000e+00 -8.494601802e-01 -9.066929916e-01 4.217912031e-01 0.000000000e+00 -2.525582404e+00 0.000000000e+00 0.000000000e+00 1.000000000e+00 0.000000000e+00
4.814803110e-01 8.764569072e-01 0.000000000e+00 -6.089760309e-01 -8.764569072e-01 4.814803110e-01 0.000000000e+00 -2.391820577e+00 0.000000000e+00 0.000000000e+00 1.000000000e+00 0.000000000e+00
5.306877236e-01 8.475674250e-01 0.000000000e+00 -3.798205104e-01 -8.475674250e-01 5.306877236e-01 0.000000000e+00 -2.235520478e+00 0.000000000e+00 0.000000000e+00 1.000000000e+00 0.000000000e+00
5.799029715e-01 8.146855490e-01 0.000000000e+00 -1.446975972e-01 -8.146855490e-01 5.799029715e-01 0.000000000e+00 -2.054689682e+00 0.000000000e+00 0.000000000e+00 1.000000000e+00 0.000000000e+00
6.340852556e-01 7.732631432e-01 0.000000000e+00 6.304546044e-02 -7.732631432e-01 6.340852556e-01 0.000000000e+00 -1.874534779e+00 0.000000000e+00 0.000000000e+00 1.000000000e+00 0.000000000e+00
6.787416452e-01 7.343771368e-01 0.000000000e+00 2.794155313e-01 -7.343771368e-01 6.787416452e-01 0.000000000e+00 -1.682191820e+00 0.000000000e+00 0.000000000e+00 1.000000000e+00 0.000000000e+00
7.218787057e-01 6.920196054e-01 0.000000000e+00 4.767608766e-01 -6.920196054e-01 7.218787057e-01 0.000000000e+00 -1.487148527e+00 0.000000000e+00 0.000000000e+00 1.000000000e+00 0.000000000e+00
7.644878390e-01 6.446381496e-01 0.000000000e+00 6.471712233e-01 -6.446381496e-01 7.644878390e-01 0.000000000e+00 -1.256569742e+00 0.000000000e+00 0.000000000e+00 1.000000000e+00 0.000000000e+00
8.039246087e-01 5.947312196e-01 0.000000000e+00 8.047771820e-01 -5.947312196e-01 8.039246087e-01 0.000000000e+00 -1.015275237e+00 0.000000000e+00 0.000000000e+00 1.000000000e+00 0.000000000e+00
8.399058339e-01 5.427321533e-01 0.000000000e+00 9.479748233e-01 -5.427321533e-01 8.399058339e-01 0.000000000e+00 -7.646037940e-01 0.000000000e+00 0.000000000e+00 1.000000000e+00 0.000000000e+00
8.729522493e-01 4.878056688e-01 0.000000000e+00 1.076153840e+00 -4.878056688e-01 8.729522493e-01 0.000000000e+00 -5.064142852e-01 0.000000000e+00 0.000000000e+00 1.000000000e+00 0.000000000e+00
9.020588078e-01 4.316131454e-01 0.000000000e+00 1.201165381e+00 -4.316131454e-01 9.020588078e-01 0.000000000e+00 -2.480101138e-01 0.000000000e+00 0.000000000e+00 1.000000000e+00 0.000000000e+00
9.296580088e-01 3.684236512e-01 0.000000000e+00 1.316106958e+00 -3.684236512e-01 9.296580088e-01 0.000000000e+00 1.481359430e-02 0.000000000e+00 0.000000000e+00 1.000000000e+00 0.000000000e+00
9.512300346e-01 3.084824489e-01 0.000000000e+00 1.407540549e+00 -3.084824489e-01 9.512300346e-01 0.000000000e+00 2.864379335e-01 0.000000000e+00 0.000000000e+00 1.000000000e+00 0.000000000e+00
9.688527006e-01 2.476377284e-01 0.000000000e+00 1.472308648e+00 -2.476377284e-01 9.688527006e-01 0.000000000e+00 5.622462609e-01 0.000000000e+00 0.000000000e+00 1.000000000e+00 0.000000000e+00
9.826757223e-01 1.853332804e-01 0.000000000e+00 1.521040361e+00 -1.853332804e-01 9.826757223e-01 0.000000000e+00 8.392397669e-01 0.000000000e+00 0.000000000e+00 1.000000000e+00 0.000000000e+00
9.924010978e-01 1.230449558e-01 0.000000000e+00 1.553770360e+00 -1.230449558e-01 9.924010978e-01 0.000000000e+00 1.117310646e+00 0.000000000e+00 0.000000000e+00 1.000000000e+00 0.000000000e+00
9.982379603e-01 5.933780041e-02 0.000000000e+00 1.570225056e+00 -5.933780041e-02 9.982379603e-01 0.000000000e+00 1.394603402e+00 0.000000000e+00 0.000000000e+00 1.000000000e+00 0.000000000e+00
9.999913580e-01 -4.157404396e-03 0.000000000e+00 1.570103831e+00 4.157404396e-03 9.999913580e-01 0.000000000e+00 1.669775039e+00 0.000000000e+00 0.000000000e+00 1.000000000e+00 0.000000000e+00
9.977422005e-01 -6.716026679e-02 0.000000000e+00 1.553491746e+00 6.716026679e-02 9.977422005e-01 0.000000000e+00 1.943309621e+00 0.000000000e+00 0.000000000e+00 1.000000000e+00 0.000000000e+00
9.914714140e-01 -1.303243461e-01 0.000000000e+00 1.520988549e+00 1.303243461e-01 9.914714140e-01 0.000000000e+00 2.215122447e+00 0.000000000e+00 0.000000000e+00 1.000000000e+00 0.000000000e+00
9.812108562e-01 -1.929384765e-01 0.000000000e+00 1.473000048e+00 1.929384765e-01 9.812108562e-01 0.000000000e+00 2.483189718e+00 0.000000000e+00 0.000000000e+00 1.000000000e+00 0.000000000e+00
9.684190714e-01 -2.493281016e-01 0.000000000e+00 1.386934056e+00 2.493281016e-01 9.684190714e-01 0.000000000e+00 2.752795112e+00 0.000000000e+00 0.000000000e+00 1.000000000e+00 0.000000000e+00
9.513183187e-01 -3.082100849e-01 0.000000000e+00 1.299029462e+00 3.082100849e-01 9.513183187e-01 0.000000000e+00 3.016291115e+00 0.000000000e+00 0.000000000e+00 1.000000000e+00 0.000000000e+00
9.292586322e-01 -3.694298236e-01 0.000000000e+00 1.215160930e+00 3.694298236e-01 9.292586322e-01 0.000000000e+00 3.281861213e+00 0.000000000e+00 0.000000000e+00 1.000000000e+00 0.000000000e+00
9.040637533e-01 -4.273976251e-01 0.000000000e+00 1.110799165e+00 4.273976251e-01 9.040637533e-01 0.000000000e+00 3.529599962e+00 0.000000000e+00 0.000000000e+00 1.000000000e+00 0.000000000e+00
8.773421823e-01 -4.798652885e-01 0.000000000e+00 9.829542068e-01 4.798652885e-01 8.773421823e-01 0.000000000e+00 3.764629022e+00 0.000000000e+00 0.000000000e+00 1.000000000e+00 0.000000000e+00
8.447562526e-01 -5.351512624e-01 0.000000000e+00 8.354657985e-01 5.351512624e-01 8.447562526e-01 0.000000000e+00 4.004792129e+00 0.000000000e+00 0.000000000e+00 1.000000000e+00 0.000000000e+00
8.077044422e-01 -5.895875965e-01 0.000000000e+00 6.791296442e-01 5.895875965e-01 8.077044422e-01 0.000000000e+00 4.233824471e+00 0.000000000e+00 0.000000000e+00 1.000000000e+00 0.000000000e+00
7.696476261e-01 -6.384688963e-01 0.000000000e+00 4.950106158e-01 6.384688963e-01 7.696476261e-01 0.000000000e+00 4.446766393e+00 0.000000000e+00 0.000000000e+00 1.000000000e+00 0.000000000e+00
7.267558912e-01 -6.868958251e-01 0.000000000e+00 3.194890575e-01 6.868958251e-01 7.267558912e-01 0.000000000e+00 4.662055650e+00 0.000000000e+00 0.000000000e+00 1.000000000e+00 0.000000000e+00
6.788579136e-01 -7.342696597e-01 0.000000000e+00 1.186030880e-01 7.342696597e-01 6.788579136e-01 0.000000000e+00 4.863579651e+00 0.000000000e+00 0.000000000e+00 1.000000000e+00 0.000000000e+00
6.276709387e-01 -7.784787683e-01 0.000000000e+00 -7.276986117e-02 7.784787683e-01 6.276709387e-01 0.000000000e+00 5.040665864e+00 0.000000000e+00 0.000000000e+00 1.000000000e+00 0.000000000e+00
5.747094580e-01 -8.183575251e-01 0.000000000e+00 -2.913600555e-01 8.183575251e-01 5.747094580e-01 0.000000000e+00 5.206508337e+00 0.000000000e+00 0.000000000e+00 1.000000000e+00 0.000000000e+00
5.217534045e-01 -8.530963515e-01 0.000000000e+00 -4.990555788e-01 8.530963515e-01 5.217534045e-01 0.000000000e+00 5.346801458e+00 0.000000000e+00 0.000000000e+00 1.000000000e+00 0.000000000e+00
4.667371446e-01 -8.843960865e-01 0.000000000e+00 -7.139016972e-01 8.843960865e-01 4.667371446e-01 0.000000000e+00 5.473293163e+00 0.000000000e+00 0.000000000e+00 1.000000000e+00 0.000000000e+00
4.135222287e-01 -9.104940232e-01 0.000000000e+00 -9.621949281e-01 9.104940232e-01 4.135222287e-01 0.000000000e+00 5.601801126e+00 0.000000000e+00 0.000000000e+00 1.000000000e+00 0.000000000e+00
3.555646796e-01 -9.346516777e-01 0.000000000e+00 -1.216938317e+00 9.346516777e-01 3.555646796e-01 0.000000000e+00 5.694838699e+00 0.000000000e+00 0.000000000e+00 1.000000000e+00 0.000000000e+00
3.023864775e-01 -9.531854060e-01 0.000000000e+00 -1.450406953e+00 9.531854060e-01 3.023864775e-01 0.000000000e+00 5.783556266e+00 0.000000000e+00 0.000000000e+00 1.000000000e+00 0.000000000e+00
2.354886662e-01 -9.718770952e-01 0.000000000e+00 -1.698981867e+00 9.718770952e-01 2.354886662e-01 0.000000000e+00 5.867664029e+00 0.000000000e+00 0.000000000e+00 1.000000000e+00 0.000000000e+00
1.701190797e-01 -9.854235124e-01 0.000000000e+00 -1.955042927e+00 9.854235124e-01 1.701190797e-01 0.000000000e+00 5.924477429e+00 0.000000000e+00 0.000000000e+00 1.000000000e+00 0.000000000e+00
1.072551795e-01 -9.942315256e-01 0.000000000e+00 -2.223752997e+00 9.942315256e-01 1.072551795e-01 0.000000000e+00 5.958104001e+00 0.000000000e+00 0.000000000e+00 1.000000000e+00 0.000000000e+00
4.414225475e-02 -9.990252556e-01 0.000000000e+00 -2.456342403e+00 9.990252556e-01 4.414225475e-02 0.000000000e+00 5.972084363e+00 0.000000000e+00 0.000000000e+00 1.000000000e+00 0.000000000e+00
-1.944288231e-02 -9.998109693e-01 0.000000000e+00 -2.687215503e+00 9.998109693e-01 -1.944288231e-02 0.000000000e+00 5.973104272e+00 0.000000000e+00 0.000000000e+00 1.000000000e+00 0.000000000e+00
-8.315524512e-02 -9.965366051e-01 0.000000000e+00 -2.916712167e+00 9.965366051e-01 -8.315524512e-02 0.000000000e+00 5.966391177e+00 0.000000000e+00 0.000000000e+00 1.000000000e+00 0.000000000e+00
