1.000000000e+00 5.240776030e-18 0.000000000e+00 0.000000000e+00 5.240776030e-18 1.000000000e+00 0.000000000e+00 -5.551115123e-17 0.000000000e+00 0.000000000e+00 1.000000000e+00 0.000000000e+00
9.961732598e-01 -8.740043700e-02 0.000000000e+00 -1.996257953e-02 8.740043700e-02 9.961732598e-01 0.000000000e+00 3.226595334e-01 0.000000000e+00 0.000000000e+00 1.000000000e+00 0.000000000e+00
9.687969330e-01 -2.478558099e-01 0.000000000e+00 -3.810647108e-02 2.478558099e-01 9.687969330e-01 0.000000000e+00 6.258565876e-01 0.000000000e+00 0.000000000e+00 1.000000000e+00 0.000000000e+00
9.219315514e-01 -3.873528295e-01 0.000000000e+00 -1.737232586e-01 3.873528295e-01 9.219315514e-01 0.000000000e+00 9.193291898e-01 0.000000000e+00 0.000000000e+00 1.000000000e+00 0.000000000e+00
8.533420870e-01 -5.213514002e-01 0.000000000e+00 -3.096608876e-01 5.213514002e-01 8.533420870e-01 0.000000000e+00 1.197137268e+00 0.000000000e+00 0.000000000e+00 1.000000000e+00 0.000000000e+00
7.706884939e-01 -6.372120883e-01 0.000000000e+00 -4.731283904e-01 6.372120883e-01 7.706884939e-01 0.000000000e+00 1.432450040e+00 0.000000000e+00 0.000000000e+00 1.000000000e+00 0.000000000e+00
6.767771332e-01 -7.361879597e-01 0.000000000e+00 -6.623963227e-01 7.361879597e-01 6.767771332e-01 0.000000000e+00 1.636322624e+00 0.000000000e+00 0.000000000e+00 1.000000000e+00 0.000000000e+00
5.750695362e-01 -8.181045340e-01 0.000000000e+00 -8.703611420e-01 8.181045340e-01 5.750695362e-01 0.000000000e+00 1.807534818e+00 0.000000000e+00 0.000000000e+00 1.000000000e+00 0.000000000e+00
4.699152814e-01 -8.827115204e-01 0.000000000e+00 -1.091082691e+00 8.827115204e-01 4.699152814e-01 0.000000000e+00 1.945789328e+00 0.000000000e+00 0.000000000e+00 1.000000000e+00 0.000000000e+00
3.695182933e-01 -9.292234558e-01 0.000000000e+00 -1.380520078e+00 9.292234558e-01 3.695182933e-01 0.000000000e+00 2.018755118e+00 0.000000000e+00 0.000000000e+00 1.000000000e+00 0.000000000e+00
2.613093228e-01 -9.652551154e-01 0.000000000e+00 -1.628712896e+00 9.652551154e-01 2.613093228e-01 0.000000000e+00 2.100790773e+00 0.000000000e+00 0.000000000e+00 1.000000000e+00 0.000000000e+00
1.613741661e-01 -9.868932964e-01 0.000000000e+00 -1.866240386e+00 9.868932964e-01 1.613741661e-01 0.000000000e+00 2.144323185e+00 0.000000000e+00 0.000000000e+00 1.000000000e+00 0.000000000e+00
6.685890495e-02 -9.977624401e-01 0.000000000e+00 -2.101656065e+00 9.977624401e-01 6.685890495e-02 0.000000000e+00 2.163305889e+00 0.000000000e+00 0.000000000e+00 1.000000000e+00 0.000000000e+00
-2.093356035e-02 -9.997808690e-01 0.000000000e+00 -2.332779993e+00 9.997808690e-01 -2.093356035e-02 0.000000000e+00 2.159896478e+00 0.000000000e+00 0.000000000e+00 1.000000000e+00 0.000000000e+00
-9.882514876e-02 -9.951048136e-01 0.000000000e+00 -2.582511130e+00 9.951048136e-01 -9.882514876e-02 0.000000000e+00 2.141409542e+00 0.000000000e+00 0.000000000e+00 1.000000000e+00 0.000000000e+00
-1.729304624e-01 -9.849340360e-01 0.000000000e+00 -2.798658734e+00 9.849340360e-01 -1.729304624e-01 0.000000000e+00 2.102404068e+00 0.000000000e+00 0.000000000e+00 1.000000000e+00 0.000000000e+00
-2.432660776e-01 -9.699595948e-01 0.000000000e+00 -3.048457542e+00 9.699595948e-01 -2.432660776e-01 0.000000000e+00 2.054253858e+00 0.000000000e+00 0.000000000e+00 1.000000000e+00 0.000000000e+00
-2.984785601e-01 -9.544163395e-01 0.000000000e+00 -3.243371782e+00 9.544163395e-01 -2.984785601e-01 0.000000000e+00 1.970079512e+00 0.000000000e+00 0.000000000e+00 1.000000000e+00 0.000000000e+00
-3.555385571e-01 -9.346616149e-01 0.000000000e+00 -3.472064590e+00 9.346616149e-01 -3.555385571e-01 0.000000000e+00 1.895432407e+00 0.000000000e+00 0.000000000e+00 1.000000000e+00 0.000000000e+00
-4.020716111e-01 -9.156082239e-01 0.000000000e+00 -3.665675146e+00 9.156082239e-01 -4.020716111e-01 0.000000000e+00 1.808858370e+00 0.000000000e+00 0.000000000e+00 1.000000000e+00 0.000000000e+00
-4.453824830e-01 -8.953404067e-01 0.000000000e+00 -3.864017633e+00 8.953404067e-01 -4.453824830e-01 0.000000000e+00 1.705325279e+00 0.000000000e+00 0.000000000e+00 1.000000000e+00 0.000000000e+00
-4.819767811e-01 -8.761839890e-01 0.000000000e+00 -4.062898496e+00 8.761839890e-01 -4.819767811e-01 0.000000000e+00 1.588795621e+00 0.000000000e+00 0.000000000e+00 1.000000000e+00 0.000000000e+00
-5.065384993e-01 -8.622173442e-01 0.000000000e+00 -4.239272931e+00 8.622173442e-01 -5.065384993e-01 0.000000000e+00 1.466547131e+00 0.000000000e+00 0.000000000e+00 1.000000000e+00 0.000000000e+00
-5.393049568e-01 -8.421105412e-01 0.000000000e+00 -4.429489357e+00 8.421105412e-01 -5.393049568e-01 0.000000000e+00 1.360068701e+00 0.000000000e+00 0.000000000e+00 1.000000000e+00 0.000000000e+00
-5.577649138e-01 -8.299989765e-01 0.000000000e+00 -4.577860254e+00 8.299989765e-01 -5.577649138e-01 0.000000000e+00 1.224404920e+00 0.000000000e+00 0.000000000e+00 1.000000000e+00 0.000000000e+00
-5.681982094e-01 -8.228917273e-01 0.000000000e+00 -4.692220503e+00 8.228917273e-01 -5.681982094e-01 0.000000000e+00 1.089330960e+00 0.000000000e+00 0.000000000e+00 1.000000000e+00 0.000000000e+00
-5.886030977e-01 -8.084221628e-01 0.000000000e+00 -4.896716303e+00 8.084221628e-01 -5.886030977e-01 0.000000000e+00 9.692778711e-01 0.000000000e+00 0.000000000e+00 1.000000000e+00 0.000000000e+00
-5.988998565e-01 -8.008239269e-01 0.000000000e+00 -5.036329991e+00 8.008239269e-01 -5.988998565e-01 0.000000000e+00 8.600229608e-01 0.000000000e+00 0.000000000e+00 1.000000000e+00 0.000000000e+00
-6.061045459e-01 -7.953849882e-01 0.000000000e+00 -5.176489245e+00 7.953849882e-01 -6.061045459e-01 0.000000000e+00 7.508508683e-01 0.000000000e+00 0.000000000e+00 1.000000000e+00 0.000000000e+00
-6.100016881e-01 -7.924001139e-01 0.000000000e+00 -5.318294449e+00 7.924001139e-01 -6.100016881e-01 0.000000000e+00 6.431952625e-01 0.000000000e+00 0.000000000e+00 1.000000000e+00 0.000000000e+00
-6.106112048e-01 -7.919305251e-01 0.000000000e+00 -5.461474559e+00 7.919305251e-01 -6.106112048e-01 0.000000000e+00 5.386490217e-01 0.000000000e+00 0.000000000e+00 1.000000000e+00 0.000000000e+00
-6.074041315e-01 -7.943929891e-01 0.000000000e+00 -5.606059163e+00 7.943929891e-01 -6.074041315e-01 0.000000000e+00 4.363789693e-01 0.000000000e+00 0.000000000e+00 1.000000000e+00 0.000000000e+00
-6.016476432e-01 -7.987616124e-01 0.000000000e+00 -5.753516739e+00 7.987616124e-01 -6.016476432e-01 0.000000000e+00 3.360631241e-01 0.000000000e+00 0.000000000e+00 1.000000000e+00 0.000000000e+00
-5.922921935e-01 -8.057232512e-01 0.000000000e+00 -5.905089724e+00 8.057232512e-01 -5.922921935e-01 0.000000000e+00 2.386919903e-01 0.000000000e+00 0.000000000e+00 1.000000000e+00 0.000000000e+00
-5.793901189e-01 -8.150503605e-01 0.000000000e+00 -6.059331557e+00 8.150503605e-01 -5.793901189e-01 0.000000000e+00 1.448405263e-01 0.000000000e+00 0.000000000e+00 1.000000000e+00 0.000000000e+00
-5.626417398e-01 -8.267008362e-01 0.000000000e+00 -6.215515265e+00 8.267008362e-01 -5.626417398e-01 0.000000000e+00 5.578206217e-02 0.000000000e+00 0.000000000e+00 1.000000000e+00 0.000000000e+00
-5.394731802e-01 -8.420027838e-01 0.000000000e+00 -6.406358875e+00 8.420027838e-01 -5.394731802e-01 0.000000000e+00 -6.134526012e-02 0.000000000e+00 0.000000000e+00 1.000000000e+00 0.000000000e+00
-5.168245448e-01 -8.560913444e-01 0.000000000e+00 -6.599007060e+00 8.560913444e-01 -5.168245448e-01 0.000000000e+00 -1.777641581e-01 0.000000000e+00 0.000000000e+00 1.000000000e+00 0.000000000e+00
-4.886034452e-01 -8.725059732e-01 0.000000000e+00 -6.801163684e+00 8.725059732e-01 -4.886034452e-01 0.000000000e+00 -2.825828440e-01 0.000000000e+00 0.000000000e+00 1.000000000e+00 0.000000000e+00
-4.547099093e-01 -8.906396007e-01 0.000000000e+00 -7.002888661e+00 8.906396007e-01 -4.547099093e-01 0.000000000e+00 -3.918571963e-01 0.000000000e+00 0.000000000e+00 1.000000000e+00 0.000000000e+00
-4.166078893e-01 -9.090862812e-01 0.000000000e+00 -7.221419059e+00 9.090862812e-01 -4.166078893e-01 0.000000000e+00 -4.729912557e-01 0.000000000e+00 0.000000000e+00 1.000000000e+00 0.000000000e+00
-3.725979936e-01 -9.279928530e-01 0.000000000e+00 -7.434469641e+00 9.279928530e-01 -3.725979936e-01 0.000000000e+00 -5.649811288e-01 0.000000000e+00 0.000000000e+00 1.000000000e+00 0.000000000e+00
-3.147327530e-01 -9.491803276e-01 0.000000000e+00 -7.651095011e+00 9.491803276e-01 -3.147327530e-01 0.000000000e+00 -6.553124466e-01 0.000000000e+00 0.000000000e+00 1.000000000e+00 0.000000000e+00
-2.599100294e-01 -9.656328374e-01 0.000000000e+00 -7.872616598e+00 9.656328374e-01 -2.599100294e-01 0.000000000e+00 -7.204239057e-01 0.000000000e+00 0.000000000e+00 1.000000000e+00 0.000000000e+00
-1.943455933e-01 -9.809331223e-01 0.000000000e+00 -8.082497299e+00 9.809331223e-01 -1.943455933e-01 0.000000000e+00 -7.228200031e-01 0.000000000e+00 0.000000000e+00 1.000000000e+00 0.000000000e+00
-1.216885979e-01 -9.925683277e-01 0.000000000e+00 -8.298930526e+00 9.925683277e-01 -1.216885979e-01 0.000000000e+00 -7.050529279e-01 0.000000000e+00 0.000000000e+00 1.000000000e+00 0.000000000e+00
-3.625219348e-02 -9.993426732e-01 0.000000000e+00 -8.532128932e+00 9.993426732e-01 -3.625219348e-02 0.000000000e+00 -6.966758450e-01 0.000000000e+00 0.000000000e+00 1.000000000e+00 0.000000000e+00
4.431042198e-02 -9.990178109e-01 0.000000000e+00 -8.791525825e+00 9.990178109e-01 4.431042198e-02 0.000000000e+00 -6.755223655e-01 0.000000000e+00 0.000000000e+00 1.000000000e+00 0.000000000e+00
1.328425202e-01 -9.911371574e-01 0.000000000e+00 -9.063908384e+00 9.911371574e-01 1.328425202e-01 0.000000000e+00 -6.426542566e-01 0.000000000e+00 0.000000000e+00 1.000000000e+00 0.000000000e+00
2.414168729e-01 -9.704215030e-01 0.000000000e+00 -9.313893498e+00 9.704215030e-01 2.414168729e-01 0.000000000e+00 -6.019431843e-01 0.000000000e+00 0.000000000e+00 1.000000000e+00 0.000000000e+00
3.447154291e-01 -9.387072350e-01 0.000000000e+00 -9.535754595e+00 9.387072350e-01 3.447154291e-01 0.000000000e+00 -4.544783941e-01 0.000000000e+00 0.000000000e+00 1.000000000e+00 0.000000000e+00
4.504621805e-01 -8.927955107e-01 0.000000000e+00 -9.748570560e+00 8.927955107e-01 4.504621805e-01 0.000000000e+00 -2.757885029e-01 0.000000000e+00 0.000000000e+00 1.000000000e+00 0.000000000e+00
5.579004989e-01 -8.299078463e-01 0.000000000e+00 -9.992593545e+00 8.299078463e-01 5.579004989e-01 0.000000000e+00 -1.094134545e-01 0.000000000e+00 0.000000000e+00 1.000000000e+00 0.000000000e+00
6.597382871e-01 -7.514954375e-01 0.000000000e+00 -1.021157799e+01 7.514954375e-01 6.597382871e-01 0.000000000e+00 8.464330766e-02 0.000000000e+00 0.000000000e+00 1.000000000e+00 0.000000000e+00
7.612992599e-01 -6.484006761e-01 0.000000000e+00 -1.041544155e+01 6.484006761e-01 7.612992599e-01 0.000000000e+00 2.954655777e-01 0.000000000e+00 0.000000000e+00 1.000000000e+00 0.000000000e+00
8.381927865e-01 -5.453740484e-01 0.000000000e+00 -1.058125305e+01 5.453740484e-01 8.381927865e-01 0.000000000e+00 5.850881523e-01 0.000000000e+00 0.000000000e+00 1.000000000e+00 0.000000000e+00
9.084265617e-01 -4.180444738e-01 0.000000000e+00 -1.066352718e+01 4.180444738e-01 9.084265617e-01 0.000000000e+00 9.067770418e-01 0.000000000e+00 0.000000000e+00 1.000000000e+00 0.000000000e+00
9.604053548e-01 -2.786064510e-01 0.000000000e+00 -1.076156187e+01 2.786064510e-01 9.604053548e-01 0.000000000e+00 1.199845477e+00 0.000000000e+00 0.000000000e+00 1.000000000e+00 0.000000000e+00
9.908027757e-01 -1.353139297e-01 0.000000000e+00 -1.079455778e+01 1.353139297e-01 9.908027757e-01 0.000000000e+00 1.526281198e+00 0.000000000e+00 0.000000000e+00 1.000000000e+00 0.000000000e+00
9.995716319e-01 2.926692001e-02 0.000000000e+00 -1.077622487e+01 -2.926692001e-02 9.995716319e-01 0.000000000e+00 1.860373507e+00 0.000000000e+00 0.000000000e+00 1.000000000e+00 0.000000000e+00
9.828957408e-01 1.841628700e-01 0.000000000e+00 -1.066513359e+01 -1.841628700e-01 9.828957408e-01 0.000000000e+00 2.207902629e+00 0.000000000e+00 0.000000000e+00 1.000000000e+00 0.000000000e+00
9.408908619e-01 3.387098846e-01 0.000000000e+00 -1.055154157e+01 -3.387098846e-01 9.408908619e-01 0.000000000e+00 2.513356878e+00 0.000000000e+00 0.000000000e+00 1.000000000e+00 0.000000000e+00
8.802908841e-01 4.744343573e-01 0.000000000e+00 -1.039576900e+01 -4.744343573e-01 8.802908841e-01 0.000000000e+00 2.798838838e+00 0.000000000e+00 0.000000000e+00 1.000000000e+00 0.000000000e+00
7.993510457e-01 6.008642989e-01 0.000000000e+00 -1.015313320e+01 -6.008642989e-01 7.993510457e-01 0.000000000e+00 3.079550600e+00 0.000000000e+00 0.000000000e+00 1.000000000e+00 0.000000000e+00
7.029903037e-01 7.111994326e-01 0.000000000e+00 -9.877375142e+00 -7.111994326e-01 7.029903037e-01 0.000000000e+00 3.327026692e+00 0.000000000e+00 0.000000000e+00 1.000000000e+00 0.000000000e+00
5.963089009e-01 8.027550652e-01 0.000000000e+00 -9.576225410e+00 -8.027550652e-01 5.963089009e-01 0.000000000e+00 3.536659487e+00 0.000000000e+00 0.000000000e+00 1.000000000e+00 0.000000000e+00
4.826394565e-01 8.758191337e-01 0.000000000e+00 -9.255412063e+00 -8.758191337e-01 4.826394565e-01 0.000000000e+00 3.708011381e+00 0.000000000e+00 0.000000000e+00 1.000000000e+00 0.000000000e+00
3.657142598e-01 9.307271782e-01 0.000000000e+00 -8.920068261e+00 -9.307271782e-01 3.657142598e-01 0.000000000e+00 3.841136339e+00 0.000000000e+00 0.000000000e+00 1.000000000e+00 0.000000000e+00
2.496107377e-01 9.683462602e-01 0.000000000e+00 -8.577771810e+00 -9.683462602e-01 2.496107377e-01 0.000000000e+00 3.935084052e+00 0.000000000e+00 0.000000000e+00 1.000000000e+00 0.000000000e+00
1.370126372e-01 9.905692996e-01 0.000000000e+00 -8.235327359e+00 -9.905692996e-01 1.370126372e-01 0.000000000e+00 3.992688377e+00 0.000000000e+00 0.000000000e+00 1.000000000e+00 0.000000000e+00
2.959230799e-02 9.995620518e-01 0.000000000e+00 -7.896784771e+00 -9.995620518e-01 2.959230799e-02 0.000000000e+00 4.018234719e+00 0.000000000e+00 0.000000000e+00 1.000000000e+00 0.000000000e+00
-8.007441587e-02 9.967888883e-01 0.000000000e+00 -7.629298608e+00 -9.967888883e-01 -8.007441587e-02 0.000000000e+00 4.037851725e+00 0.000000000e+00 0.000000000e+00 1.000000000e+00 0.000000000e+00
-1.694799639e-01 9.855336330e-01 0.000000000e+00 -7.334641583e+00 -9.855336330e-01 -1.694799639e-01 0.000000000e+00 3.969511892e+00 0.000000000e+00 0.000000000e+00 1.000000000e+00 0.000000000e+00
-2.539994431e-01 9.672043646e-01 0.000000000e+00 -7.025086183e+00 -9.672043646e-01 -2.539994431e-01 0.000000000e+00 3.914111214e+00 0.000000000e+00 0.000000000e+00 1.000000000e+00 0.000000000e+00
-3.302638473e-01 9.438886540e-01 0.000000000e+00 -6.728613359e+00 -9.438886540e-01 -3.302638473e-01 0.000000000e+00 3.838318685e+00 0.000000000e+00 0.000000000e+00 1.000000000e+00 0.000000000e+00
-3.978194251e-01 9.174637350e-01 0.000000000e+00 -6.498569734e+00 -9.174637350e-01 -3.978194251e-01 0.000000000e+00 3.740750715e+00 0.000000000e+00 0.000000000e+00 1.000000000e+00 0.000000000e+00
-4.614512445e-01 8.871655702e-01 0.000000000e+00 -6.261895019e+00 -8.871655702e-01 -4.614512445e-01 0.000000000e+00 3.632583245e+00 0.000000000e+00 0.000000000e+00 1.000000000e+00 0.000000000e+00
-5.167164196e-01 8.561566105e-01 0.000000000e+00 -6.036043353e+00 -8.561566105e-01 -5.167164196e-01 0.000000000e+00 3.510112157e+00 0.000000000e+00 0.000000000e+00 1.000000000e+00 0.000000000e+00
-5.658548822e-01 8.245048528e-01 0.000000000e+00 -5.815978595e+00 -8.245048528e-01 -5.658548822e-01 0.000000000e+00 3.384807407e+00 0.000000000e+00 0.000000000e+00 1.000000000e+00 0.000000000e+00
-6.078181983e-01 7.940762167e-01 0.000000000e+00 -5.598201671e+00 -7.940762167e-01 -6.078181983e-01 0.000000000e+00 3.241146132e+00 0.000000000e+00 0.000000000e+00 1.000000000e+00 0.000000000e+00
-6.464314787e-01 7.629720463e-01 0.000000000e+00 -5.398620535e+00 -7.629720463e-01 -6.464314787e-01 0.000000000e+00 3.104062088e+00 0.000000000e+00 0.000000000e+00 1.000000000e+00 0.000000000e+00
-6.757177037e-01 7.371604879e-01 0.000000000e+00 -5.224548450e+00 -7.371604879e-01 -6.757177037e-01 0.000000000e+00 2.941323085e+00 0.000000000e+00 0.000000000e+00 1.000000000e+00 0.000000000e+00
-7.029470218e-01 7.112422123e-01 0.000000000e+00 -5.047729426e+00 -7.112422123e-01 -7.029470218e-01 0.000000000e+00 2.776809594e+00 0.000000000e+00 0.000000000e+00 1.000000000e+00 0.000000000e+00
-7.251067921e-01 6.886364354e-01 0.000000000e+00 -4.876608926e+00 -6.886364354e-01 -7.251067921e-01 0.000000000e+00 2.608995040e+00 0.000000000e+00 0.000000000e+00 1.000000000e+00 0.000000000e+00
-7.479744085e-01 6.637275678e-01 0.000000000e+00 -4.705959119e+00 -6.637275678e-01 -7.479744085e-01 0.000000000e+00 2.452486574e+00 0.000000000e+00 0.000000000e+00 1.000000000e+00 0.000000000e+00
-7.632798130e-01 6.460680514e-01 0.000000000e+00 -4.552117573e+00 -6.460680514e-01 -7.632798130e-01 0.000000000e+00 2.282229185e+00 0.000000000e+00 0.000000000e+00 1.000000000e+00 0.000000000e+00
-7.751886964e-01 6.317297563e-01 0.000000000e+00 -4.410460895e+00 -6.317297563e-01 -7.751886964e-01 0.000000000e+00 2.098818427e+00 0.000000000e+00 0.000000000e+00 1.000000000e+00 0.000000000e+00
-7.843449892e-01 6.203248648e-01 0.000000000e+00 -4.262146074e+00 -6.203248648e-01 -7.843449892e-01 0.000000000e+00 1.934257747e+00 0.000000000e+00 0.000000000e+00 1.000000000e+00 0.000000000e+00
-7.933030931e-01 6.088269069e-01 0.000000000e+00 -4.118364560e+00 -6.088269069e-01 -7.933030931e-01 0.000000000e+00 1.755339102e+00 0.000000000e+00 0.000000000e+00 1.000000000e+00 0.000000000e+00
-7.955347738e-01 6.059079333e-01 0.000000000e+00 -3.977236031e+00 -6.059079333e-01 -7.955347738e-01 0.000000000e+00 1.570227392e+00 0.000000000e+00 0.000000000e+00 1.000000000e+00 0.000000000e+00
-7.943544868e-01 6.074544833e-01 0.000000000e+00 -3.844121540e+00 -6.074544833e-01 -7.943544868e-01 0.000000000e+00 1.386214117e+00 0.000000000e+00 0.000000000e+00 1.000000000e+00 0.000000000e+00
-7.940532109e-01 6.078482527e-01 0.000000000e+00 -3.701037549e+00 -6.078482527e-01 -7.940532109e-01 0.000000000e+00 1.204538896e+00 0.000000000e+00 0.000000000e+00 1.000000000e+00 0.000000000e+00
-7.900125623e-01 6.130906552e-01 0.000000000e+00 -3.566180426e+00 -6.130906552e-01 -7.900125623e-01 0.000000000e+00 1.019250006e+00 0.000000000e+00 0.000000000e+00 1.000000000e+00 0.000000000e+00
-7.872898165e-01 6.165831208e-01 0.000000000e+00 -3.436804739e+00 -6.165831208e-01 -7.872898165e-01 0.000000000e+00 8.463283360e-01 0.000000000e+00 0.000000000e+00 1.000000000e+00 0.000000000e+00
-7.751824327e-01 6.317374423e-01 0.000000000e+00 -3.297432872e+00 -6.317374423e-01 -7.751824327e-01 0.000000000e+00 6.648063879e-01 0.000000000e+00 0.000000000e+00 1.000000000e+00 0.000000000e+00
-7.610763076e-01 6.486623575e-01 0.000000000e+00 -3.159480679e+00 -6.486623575e-01 -7.610763076e-01 0.000000000e+00 4.789307081e-01 0.000000000e+00 0.000000000e+00 1.000000000e+00 0.000000000e+00
-7.437975835e-01 6.684049332e-01 0.000000000e+00 -3.018017343e+00 -6.684049332e-01 -7.437975835e-01 0.000000000e+00 2.946963545e-01 0.000000000e+00 0.000000000e+00 1.000000000e+00 0.000000000e+00
-7.277158866e-01 6.858786980e-01 0.000000000e+00 -2.875115754e+00 -6.858786980e-01 -7.277158866e-01 0.000000000e+00 1.233708144e-01 0.000000000e+00 0.000000000e+00 1.000000000e+00 0.000000000e+00
-7.030801474e-01 7.111106147e-01 0.000000000e+00 -2.724750469e+00 -7.111106147e-01 -7.030801474e-01 0.000000000e+00 -5.717637531e-02 0.000000000e+00 0.000000000e+00 1.000000000e+00 0.000000000e+00
-6.734235937e-01 7.392568318e-01 0.000000000e+00 -2.568704596e+00 -7.392568318e-01 -6.734235937e-01 0.000000000e+00 -2.336488031e-01 0.000000000e+00 0.000000000e+00 1.000000000e+00 0.000000000e+00
-6.383773653e-01 7.697235474e-01 0.000000000e+00 -2.405332685e+00 -7.697235474e-01 -6.383773653e-01 0.000000000e+00 -4.057690021e-01 0.000000000e+00 0.000000000e+00 1.000000000e+00 0.000000000e+00
-5.982988852e-01 8.012730146e-01 0.000000000e+00 -2.232373554e+00 -8.012730146e-01 -5.982988852e-01 0.000000000e+00 -5.728834256e-01 0.000000000e+00 0.000000000e+00 1.000000000e+00 0.000000000e+00
-5.520605024e-01 8.338040547e-01 0.000000000e+00 -2.050198802e+00 -8.338040547e-01 -5.520605024e-01 0.000000000e+00 -7.330208599e-01 0.000000000e+00 0.000000000e+00 1.000000000e+00 0.000000000e+00
-4.988885379e-01 8.666661565e-01 0.000000000e+00 -1.858626125e+00 -8.666661565e-01 -4.988885379e-01 0.000000000e+00 -8.845018982e-01 0.000000000e+00 0.000000000e+00 1.000000000e+00 0.000000000e+00
-4.389477438e-01 8.985125921e-01 0.000000000e+00 -1.656542865e+00 -8.985125921e-01 -4.389477438e-01 0.000000000e+00 -1.023983067e+00 0.000000000e+00 0.000000000e+00 1.000000000e+00 0.000000000e+00
-3.705564618e-01 9.288099422e-01 0.000000000e+00 -1.443537836e+00 -9.288099422e-01 -3.705564618e-01 0.000000000e+00 -1.149954370e+00 0.000000000e+00 0.000000000e+00 1.000000000e+00 0.000000000e+00
-2.936144345e-01 9.559239320e-01 0.000000000e+00 -1.219066237e+00 -9.559239320e-01 -2.936144345e-01 0.000000000e+00 -1.260573036e+00 0.000000000e+00 0.000000000e+00 1.000000000e+00 0.000000000e+00
-2.082871866e-01 9.780677113e-01 0.000000000e+00 -9.851852226e-01 -9.780677113e-01 -2.082871866e-01 0.000000000e+00 -1.352201864e+00 0.000000000e+00 0.000000000e+00 1.000000000e+00 0.000000000e+00
-1.155327698e-01 9.933036691e-01 0.000000000e+00 -7.395717033e-01 -9.933036691e-01 -1.155327698e-01 0.000000000e+00 -1.408521580e+00 0.000000000e+00 0.000000000e+00 1.000000000e+00 0.000000000e+00
-2.059738914e-02 9.997878513e-01 0.000000000e+00 -4.763356007e-01 -9.997878513e-01 -2.059738914e-02 0.000000000e+00 -1.418449496e+00 0.000000000e+00 0.000000000e+00 1.000000000e+00 0.000000000e+00
8.417814881e-02 9.964507209e-01 0.000000000e+00 -2.041936192e-01 -9.964507209e-01 8.417814881e-02 0.000000000e+00 -1.413024282e+00 0.000000000e+00 0.000000000e+00 1.000000000e+00 0.000000000e+00
2.033437642e-01 9.791074066e-01 0.000000000e+00 6.717994706e-02 -9.791074066e-01 2.033437642e-01 0.000000000e+00 -1.400147557e+00 0.000000000e+00 0.000000000e+00 1.000000000e+00 0.000000000e+00
3.189764226e-01 9.477626506e-01 0.000000000e+00 3.415082505e-01 -9.477626506e-01 3.189764226e-01 0.000000000e+00 -1.339181121e+00 0.000000000e+00 0.000000000e+00 1.000000000e+00 0.000000000e+00
4.378484444e-01 8.990487972e-01 0.000000000e+00 5.994251043e-01 -8.990487972e-01 4.378484444e-01 0.000000000e+00 -1.248912481e+00 0.000000000e+00 0.000000000e+00 1.000000000e+00 0.000000000e+00
5.545618879e-01 8.321424833e-01 0.000000000e+00 8.578086185e-01 -8.321424833e-01 5.545618879e-01 0.000000000e+00 -1.117974081e+00 0.000000000e+00 0.000000000e+00 1.000000000e+00 0.000000000e+00
6.671708610e-01 7.449047202e-01 0.000000000e+00 1.056963371e+00 -7.449047202e-01 6.671708610e-01 0.000000000e+00 -9.753568064e-01 0.000000000e+00 0.000000000e+00 1.000000000e+00 0.000000000e+00
7.697197896e-01 6.383818963e-01 0.000000000e+00 1.227878851e+00 -6.383818963e-01 7.697197896e-01 0.000000000e+00 -8.019072400e-01 0.000000000e+00 0.000000000e+00 1.000000000e+00 0.000000000e+00
8.562381553e-01 5.165812825e-01 0.000000000e+00 1.403376237e+00 -5.165812825e-01 8.562381553e-01 0.000000000e+00 -5.588121932e-01 0.000000000e+00 0.000000000e+00 1.000000000e+00 0.000000000e+00
9.249289364e-01 3.801400566e-01 0.000000000e+00 1.536908803e+00 -3.801400566e-01 9.249289364e-01 0.000000000e+00 -3.007864322e-01 0.000000000e+00 0.000000000e+00 1.000000000e+00 0.000000000e+00
9.704890779e-01 2.411450801e-01 0.000000000e+00 1.635337079e+00 -2.411450801e-01 9.704890779e-01 0.000000000e+00 -1.233970724e-02 0.000000000e+00 0.000000000e+00 1.000000000e+00 0.000000000e+00
9.868392962e-01 1.617040614e-01 0.000000000e+00 1.668450110e+00 -1.617040614e-01 9.868392962e-01 0.000000000e+00 2.482545067e-01 0.000000000e+00 0.000000000e+00 1.000000000e+00 0.000000000e+00
