1.000000000e+00 0.000000000e+00 0.000000000e+00 0.000000000e+00 0.000000000e+00 1.000000000e+00 0.000000000e+00 0.000000000e+00 0.000000000e+00 0.000000000e+00 1.000000000e+00 0.000000000e+00
9.999963150e-01 -2.714761414e-03 0.000000000e+00 1.319123611e-02 2.714761414e-03 9.999963150e-01 0.000000000e+00 3.003828277e-01 0.000000000e+00 0.000000000e+00 1.000000000e+00 0.000000000e+00
9.999969672e-01 2.462843603e-03 0.000000000e+00 -8.127989176e-03 -2.462843603e-03 9.999969672e-01 0.000000000e+00 6.097663318e-01 0.000000000e+00 0.000000000e+00 1.000000000e+00 0.000000000e+00
9.999926611e-01 -3.831141778e-03 0.000000000e+00 7.086576287e-03 3.831141778e-03 9.999926611e-01 0.000000000e+00 9.089373196e-01 0.000000000e+00 0.000000000e+00 1.000000000e+00 0.000000000e+00
9.999580411e-01 -9.160568968e-03 0.000000000e+00 4.509753079e-03 9.160568968e-03 9.999580411e-01 0.000000000e+00 1.202021014e+00 0.000000000e+00 0.000000000e+00 1.000000000e+00 0.000000000e+00
9.998941547e-01 -1.454920493e-02 0.000000000e+00 1.460957425e-02 1.454920493e-02 9.998941547e-01 0.000000000e+00 1.472342482e+00 0.000000000e+00 0.000000000e+00 1.000000000e+00 0.000000000e+00
9.998870182e-01 -1.503166150e-02 0.000000000e+00 1.531075648e-02 1.503166150e-02 9.998870182e-01 0.000000000e+00 1.764164415e+00 0.000000000e+00 0.000000000e+00 1.000000000e+00 0.000000000e+00
9.998752332e-01 -1.579613685e-02 0.000000000e+00 1.651252902e-02 1.579613685e-02 9.998752332e-01 0.000000000e+00 2.054301200e+00 0.000000000e+00 0.000000000e+00 1.000000000e+00 0.000000000e+00
9.999051025e-01 -1.377628676e-02 0.000000000e+00 3.176434719e-03 1.377628676e-02 9.999051025e-01 0.000000000e+00 2.344231050e+00 0.000000000e+00 0.000000000e+00 1.000000000e+00 0.000000000e+00
9.999042644e-01 -1.383698408e-02 0.000000000e+00 9.024706998e-03 1.383698408e-02 9.999042644e-01 0.000000000e+00 2.633410451e+00 0.000000000e+00 0.000000000e+00 1.000000000e+00 0.000000000e+00
9.998903668e-01 -1.480724222e-02 0.000000000e+00 1.719695825e-02 1.480724222e-02 9.998903668e-01 0.000000000e+00 2.920260580e+00 0.000000000e+00 0.000000000e+00 1.000000000e+00 0.000000000e+00
9.998790352e-01 -1.555361805e-02 0.000000000e+00 2.590394727e-02 1.555361805e-02 9.998790352e-01 0.000000000e+00 3.204279836e+00 0.000000000e+00 0.000000000e+00 1.000000000e+00 0.000000000e+00
9.998667319e-01 -1.632539170e-02 0.000000000e+00 3.567433162e-02 1.632539170e-02 9.998667319e-01 0.000000000e+00 3.485593483e+00 0.000000000e+00 0.000000000e+00 1.000000000e+00 0.000000000e+00
9.998540517e-01 -1.708435550e-02 0.000000000e+00 4.610863337e-02 1.708435550e-02 9.998540517e-01 0.000000000e+00 3.765523602e+00 0.000000000e+00 0.000000000e+00 1.000000000e+00 0.000000000e+00
9.998413076e-01 -1.781458928e-02 0.000000000e+00 5.719829018e-02 1.781458928e-02 9.998413076e-01 0.000000000e+00 4.043982886e+00 0.000000000e+00 0.000000000e+00 1.000000000e+00 0.000000000e+00
9.998347631e-01 -1.817818733e-02 0.000000000e+00 7.011027837e-02 1.817818733e-02 9.998347631e-01 0.000000000e+00 4.321464353e+00 0.000000000e+00 0.000000000e+00 1.000000000e+00 0.000000000e+00
9.998191224e-01 -1.901900376e-02 0.000000000e+00 8.456614122e-02 1.901900376e-02 9.998191224e-01 0.000000000e+00 4.598986704e+00 0.000000000e+00 0.000000000e+00 1.000000000e+00 0.000000000e+00
9.997964009e-01 -2.017812635e-02 0.000000000e+00 1.009919557e-01 2.017812635e-02 9.997964009e-01 0.000000000e+00 4.875441348e+00 0.000000000e+00 0.000000000e+00 1.000000000e+00 0.000000000e+00
9.997913159e-01 -2.042852538e-02 0.000000000e+00 1.203593271e-01 2.042852538e-02 9.997913159e-01 0.000000000e+00 5.150585559e+00 0.000000000e+00 0.000000000e+00 1.000000000e+00 0.000000000e+00
9.997750949e-01 -2.120753765e-02 0.000000000e+00 1.419385957e-01 2.120753765e-02 9.997750949e-01 0.000000000e+00 5.424316479e+00 0.000000000e+00 0.000000000e+00 1.000000000e+00 0.000000000e+00
9.997541723e-01 -2.217193928e-02 0.000000000e+00 1.586091236e-01 2.217193928e-02 9.997541723e-01 0.000000000e+00 5.702718840e+00 0.000000000e+00 0.000000000e+00 1.000000000e+00 0.000000000e+00
9.998008328e-01 -1.995732519e-02 0.000000000e+00 1.519182970e-01 1.995732519e-02 9.998008328e-01 0.000000000e+00 5.994671391e+00 0.000000000e+00 0.000000000e+00 1.000000000e+00 0.000000000e+00
9.997348207e-01 -2.302799072e-02 0.000000000e+00 1.756852599e-01 2.302799072e-02 9.997348207e-01 0.000000000e+00 6.275718774e+00 0.000000000e+00 0.000000000e+00 1.000000000e+00 0.000000000e+00
9.998754726e-01 -1.578097946e-02 0.000000000e+00 1.689088012e-01 1.578097946e-02 9.998754726e-01 0.000000000e+00 6.572381059e+00 0.000000000e+00 0.000000000e+00 1.000000000e+00 0.000000000e+00
9.998960536e-01 -1.441811011e-02 0.000000000e+00 1.918515875e-01 1.441811011e-02 9.998960536e-01 0.000000000e+00 6.851367137e+00 0.000000000e+00 0.000000000e+00 1.000000000e+00 0.000000000e+00
9.997473680e-01 -2.247666052e-02 0.000000000e+00 2.055663337e-01 2.247666052e-02 9.997473680e-01 0.000000000e+00 7.148567232e+00 0.000000000e+00 0.000000000e+00 1.000000000e+00 0.000000000e+00
9.999014968e-01 -1.403554876e-02 0.000000000e+00 2.090601741e-01 1.403554876e-02 9.999014968e-01 0.000000000e+00 7.439245471e+00 0.000000000e+00 0.000000000e+00 1.000000000e+00 0.000000000e+00
9.998895683e-01 -1.486106093e-02 0.000000000e+00 2.485798044e-01 1.486106093e-02 9.998895683e-01 0.000000000e+00 7.707556353e+00 0.000000000e+00 0.000000000e+00 1.000000000e+00 0.000000000e+00
9.998773426e-01 -1.566205080e-02 0.000000000e+00 2.881313220e-01 1.566205080e-02 9.998773426e-01 0.000000000e+00 7.975921941e+00 0.000000000e+00 0.000000000e+00 1.000000000e+00 0.000000000e+00
9.998652427e-01 -1.641634908e-02 0.000000000e+00 3.285328947e-01 1.641634908e-02 9.998652427e-01 0.000000000e+00 8.244274320e+00 0.000000000e+00 0.000000000e+00 1.000000000e+00 0.000000000e+00
9.998553418e-01 -1.700868837e-02 0.000000000e+00 3.699481235e-01 1.700868837e-02 9.998553418e-01 0.000000000e+00 8.513306881e+00 0.000000000e+00 0.000000000e+00 1.000000000e+00 0.000000000e+00
9.998461605e-01 -1.754010502e-02 0.000000000e+00 4.122950306e-01 1.754010502e-02 9.998461605e-01 0.000000000e+00 8.783520906e+00 0.000000000e+00 0.000000000e+00 1.000000000e+00 0.000000000e+00
9.998772434e-01 -1.566837905e-02 0.000000000e+00 4.070782357e-01 1.566837905e-02 9.998772434e-01 0.000000000e+00 9.089434740e+00 0.000000000e+00 0.000000000e+00 1.000000000e+00 0.000000000e+00
9.987605444e-01 -4.977323619e-02 0.000000000e+00 4.376920915e-01 4.977323619e-02 9.987605444e-01 0.000000000e+00 9.362294007e+00 0.000000000e+00 0.000000000e+00 1.000000000e+00 0.000000000e+00
9.828355769e-01 -1.844836814e-01 0.000000000e+00 4.337524087e-01 1.844836814e-01 9.828355769e-01 0.000000000e+00 9.648063756e+00 0.000000000e+00 0.000000000e+00 1.000000000e+00 0.000000000e+00
9.273489910e-01 -3.741976068e-01 0.000000000e+00 3.608565337e-01 3.741976068e-01 9.273489910e-01 0.000000000e+00 9.908358792e+00 0.000000000e+00 0.000000000e+00 1.000000000e+00 0.000000000e+00
8.448119292e-01 -5.350633647e-01 0.000000000e+00 2.446988349e-01 5.350633647e-01 8.448119292e-01 0.000000000e+00 1.014819826e+01 0.000000000e+00 0.000000000e+00 1.000000000e+00 0.000000000e+00
7.165863418e-01 -6.974983977e-01 0.000000000e+00 9.167759582e-02 6.974983977e-01 7.165863418e-01 0.000000000e+00 1.038091682e+01 0.000000000e+00 0.000000000e+00 1.000000000e+00 0.000000000e+00
5.692506571e-01 -8.221640283e-01 0.000000000e+00 -1.385035757e-01 8.221640283e-01 5.692506571e-01 0.000000000e+00 1.055448961e+01 0.000000000e+00 0.000000000e+00 1.000000000e+00 0.000000000e+00
3.940286505e-01 -9.190981572e-01 0.000000000e+00 -3.228255630e-01 9.190981572e-01 3.940286505e-01 0.000000000e+00 1.064461582e+01 0.000000000e+00 0.000000000e+00 1.000000000e+00 0.000000000e+00
2.026449567e-01 -9.792522767e-01 0.000000000e+00 -5.226527161e-01 9.792522767e-01 2.026449567e-01 0.000000000e+00 1.068121331e+01 0.000000000e+00 0.000000000e+00 1.000000000e+00 0.000000000e+00
3.510898722e-03 -9.999938368e-01 0.000000000e+00 -7.285378287e-01 9.999938368e-01 3.510898722e-03 0.000000000e+00 1.066074778e+01 0.000000000e+00 0.000000000e+00 1.000000000e+00 0.000000000e+00
-1.953680365e-01 -9.807299987e-01 0.000000000e+00 -9.283666067e-01 9.807299987e-01 -1.953680365e-01 0.000000000e+00 1.058293164e+01 0.000000000e+00 0.000000000e+00 1.000000000e+00 0.000000000e+00
-3.870914983e-01 -9.220413071e-01 0.000000000e+00 -1.110891701e+00 9.220413071e-01 -3.870914983e-01 0.000000000e+00 1.045055411e+01 0.000000000e+00 0.000000000e+00 1.000000000e+00 0.000000000e+00
-5.629231005e-01 -8.265092758e-01 0.000000000e+00 -1.265574992e+00 8.265092758e-01 -5.629231005e-01 0.000000000e+00 1.027060276e+01 0.000000000e+00 0.000000000e+00 1.000000000e+00 0.000000000e+00
-7.163162658e-01 -6.977757572e-01 0.000000000e+00 -1.382525102e+00 6.977757572e-01 -7.163162658e-01 0.000000000e+00 1.004939241e+01 0.000000000e+00 0.000000000e+00 1.000000000e+00 0.000000000e+00
-8.408383580e-01 -5.412862974e-01 0.000000000e+00 -1.454747504e+00 5.412862974e-01 -8.408383580e-01 0.000000000e+00 9.793429539e+00 0.000000000e+00 0.000000000e+00 1.000000000e+00 0.000000000e+00
-9.320801066e-01 -3.622522256e-01 0.000000000e+00 -1.576239835e+00 3.622522256e-01 -9.320801066e-01 0.000000000e+00 9.526076405e+00 0.000000000e+00 0.000000000e+00 1.000000000e+00 0.000000000e+00
-9.832917478e-01 -1.820366411e-01 0.000000000e+00 -1.650410219e+00 1.820366411e-01 -9.832917478e-01 0.000000000e+00 9.223248428e+00 0.000000000e+00 0.000000000e+00 1.000000000e+00 0.000000000e+00
-9.969368913e-01 -7.821019661e-02 0.000000000e+00 -1.576934685e+00 7.821019661e-02 -9.969368913e-01 0.000000000e+00 8.925657482e+00 0.000000000e+00 0.000000000e+00 1.000000000e+00 0.000000000e+00
-9.987382330e-01 -5.021894060e-02 0.000000000e+00 -1.487156657e+00 5.021894060e-02 -9.987382330e-01 0.000000000e+00 8.627557559e+00 0.000000000e+00 0.000000000e+00 1.000000000e+00 0.000000000e+00
-9.987670301e-01 -4.964292143e-02 0.000000000e+00 -1.394236557e+00 4.964292143e-02 -9.987670301e-01 0.000000000e+00 8.329401881e+00 0.000000000e+00 0.000000000e+00 1.000000000e+00 0.000000000e+00
-9.987946004e-01 -4.908509131e-02 0.000000000e+00 -1.300615499e+00 4.908509131e-02 -9.987946004e-01 0.000000000e+00 8.032296978e+00 0.000000000e+00 0.000000000e+00 1.000000000e+00 0.000000000e+00
-9.988300684e-01 -4.835798247e-02 0.000000000e+00 -1.207348721e+00 4.835798247e-02 -9.988300684e-01 0.000000000e+00 7.736788106e+00 0.000000000e+00 0.000000000e+00 1.000000000e+00 0.000000000e+00
-9.988765679e-01 -4.738778454e-02 0.000000000e+00 -1.115818694e+00 4.738778454e-02 -9.988765679e-01 0.000000000e+00 7.441919180e+00 0.000000000e+00 0.000000000e+00 1.000000000e+00 0.000000000e+00
-9.989194306e-01 -4.647548963e-02 0.000000000e+00 -1.026521759e+00 4.647548963e-02 -9.989194306e-01 0.000000000e+00 7.148627120e+00 0.000000000e+00 0.000000000e+00 1.000000000e+00 0.000000000e+00
-9.989359676e-01 -4.611867914e-02 0.000000000e+00 -9.386545840e-01 4.611867914e-02 -9.989359676e-01 0.000000000e+00 6.857852700e+00 0.000000000e+00 0.000000000e+00 1.000000000e+00 0.000000000e+00
-9.989527327e-01 -4.575410255e-02 0.000000000e+00 -8.520539826e-01 4.575410255e-02 -9.989527327e-01 0.000000000e+00 6.568770731e+00 0.000000000e+00 0.000000000e+00 1.000000000e+00 0.000000000e+00
-9.989848359e-01 -4.504772724e-02 0.000000000e+00 -7.664059768e-01 4.504772724e-02 -9.989848359e-01 0.000000000e+00 6.280857287e+00 0.000000000e+00 0.000000000e+00 1.000000000e+00 0.000000000e+00
-9.990199168e-01 -4.426291812e-02 0.000000000e+00 -6.816372618e-01 4.426291812e-02 -9.990199168e-01 0.000000000e+00 5.993868124e+00 0.000000000e+00 0.000000000e+00 1.000000000e+00 0.000000000e+00
-9.990411310e-01 -4.378148647e-02 0.000000000e+00 -5.980493825e-01 4.378148647e-02 -9.990411310e-01 0.000000000e+00 5.706750895e+00 0.000000000e+00 0.000000000e+00 1.000000000e+00 0.000000000e+00
-9.990660448e-01 -4.320923721e-02 0.000000000e+00 -5.154451079e-01 4.320923721e-02 -9.990660448e-01 0.000000000e+00 5.419059274e+00 0.000000000e+00 0.000000000e+00 1.000000000e+00 0.000000000e+00
-9.990989620e-01 -4.244130219e-02 0.000000000e+00 -5.129120477e-01 4.244130219e-02 -9.990989620e-01 0.000000000e+00 5.117399621e+00 0.000000000e+00 0.000000000e+00 1.000000000e+00 0.000000000e+00
-9.991376615e-01 -4.152027650e-02 0.000000000e+00 -5.114508343e-01 4.152027650e-02 -9.991376615e-01 0.000000000e+00 4.820690159e+00 0.000000000e+00 0.000000000e+00 1.000000000e+00 0.000000000e+00
-9.991750028e-01 -4.061174356e-02 0.000000000e+00 -4.350506248e-01 4.061174356e-02 -9.991750028e-01 0.000000000e+00 4.536124429e+00 0.000000000e+00 0.000000000e+00 1.000000000e+00 0.000000000e+00
-9.991840895e-01 -4.038756444e-02 0.000000000e+00 -3.612302988e-01 4.038756444e-02 -9.991840895e-01 0.000000000e+00 4.249875988e+00 0.000000000e+00 0.000000000e+00 1.000000000e+00 0.000000000e+00
-9.992132746e-01 -3.965894399e-02 0.000000000e+00 -2.893391601e-01 3.965894399e-02 -9.992132746e-01 0.000000000e+00 3.962517713e+00 0.000000000e+00 0.000000000e+00 1.000000000e+00 0.000000000e+00
-9.992383942e-01 -3.902091074e-02 0.000000000e+00 -2.174835624e-01 3.902091074e-02 -9.992383942e-01 0.000000000e+00 3.675787225e+00 0.000000000e+00 0.000000000e+00 1.000000000e+00 0.000000000e+00
-9.992734101e-01 -3.811366955e-02 0.000000000e+00 -1.471481549e-01 3.811366955e-02 -9.992734101e-01 0.000000000e+00 3.390332534e+00 0.000000000e+00 0.000000000e+00 1.000000000e+00 0.000000000e+00
-9.993124659e-01 -3.707553824e-02 0.000000000e+00 -7.843064056e-02 3.707553824e-02 -9.993124659e-01 0.000000000e+00 3.105571077e+00 0.000000000e+00 0.000000000e+00 1.000000000e+00 0.000000000e+00
-9.993360198e-01 -3.643514125e-02 0.000000000e+00 -1.073549536e-02 3.643514125e-02 -9.993360198e-01 0.000000000e+00 2.821961238e+00 0.000000000e+00 0.000000000e+00 1.000000000e+00 0.000000000e+00
-9.993647644e-01 -3.563801023e-02 0.000000000e+00 5.501870189e-02 3.563801023e-02 -9.993647644e-01 0.000000000e+00 2.540360164e+00 0.000000000e+00 0.000000000e+00 1.000000000e+00 0.000000000e+00
-9.993749927e-01 -3.535002089e-02 0.000000000e+00 1.188043416e-01 3.535002089e-02 -9.993749927e-01 0.000000000e+00 2.259956119e+00 0.000000000e+00 0.000000000e+00 1.000000000e+00 0.000000000e+00
-9.993980531e-01 -3.469195121e-02 0.000000000e+00 1.805089514e-01 3.469195121e-02 -9.993980531e-01 0.000000000e+00 1.980599815e+00 0.000000000e+00 0.000000000e+00 1.000000000e+00 0.000000000e+00
-9.994268867e-01 -3.385111615e-02 0.000000000e+00 2.406212343e-01 3.385111615e-02 -9.994268867e-01 0.000000000e+00 1.703226081e+00 0.000000000e+00 0.000000000e+00 1.000000000e+00 0.000000000e+00
-9.994490619e-01 -3.318994836e-02 0.000000000e+00 2.997669229e-01 3.318994836e-02 -9.994490619e-01 0.000000000e+00 1.427953929e+00 0.000000000e+00 0.000000000e+00 1.000000000e+00 0.000000000e+00
-9.994699506e-01 -3.255484305e-02 0.000000000e+00 3.576118034e-01 3.255484305e-02 -9.994699506e-01 0.000000000e+00 1.153436709e+00 0.000000000e+00 0.000000000e+00 1.000000000e+00 0.000000000e+00
-9.995036372e-01 -3.150363692e-02 0.000000000e+00 4.141298195e-01 3.150363692e-02 -9.995036372e-01 0.000000000e+00 8.790370726e-01 0.000000000e+00 0.000000000e+00 1.000000000e+00 0.000000000e+00
-9.995202281e-01 -3.097278904e-02 0.000000000e+00 4.690070455e-01 3.097278904e-02 -9.995202281e-01 0.000000000e+00 6.046977011e-01 0.000000000e+00 0.000000000e+00 1.000000000e+00 0.000000000e+00
-9.995351849e-01 -3.048629586e-02 0.000000000e+00 5.224124694e-01 3.048629586e-02 -9.995351849e-01 0.000000000e+00 3.305539744e-01 0.000000000e+00 0.000000000e+00 1.000000000e+00 0.000000000e+00
-9.995585460e-01 -2.971048993e-02 0.000000000e+00 5.748382060e-01 2.971048993e-02 -9.995585460e-01 0.000000000e+00 5.828766705e-02 0.000000000e+00 0.000000000e+00 1.000000000e+00 0.000000000e+00
-9.992421507e-01 -3.892459669e-02 0.000000000e+00 6.238075328e-01 3.892459669e-02 -9.992421507e-01 0.000000000e+00 -2.123635615e-01 0.000000000e+00 0.000000000e+00 1.000000000e+00 0.000000000e+00
-9.945587810e-01 -1.041769227e-01 0.000000000e+00 6.595408674e-01 1.041769227e-01 -9.945587810e-01 0.000000000e+00 -4.805072098e-01 0.000000000e+00 0.000000000e+00 1.000000000e+00 0.000000000e+00
-9.705869854e-01 -2.407507087e-01 0.000000000e+00 6.538896740e-01 2.407507087e-01 -9.705869854e-01 0.000000000e+00 -7.618798508e-01 0.000000000e+00 0.000000000e+00 1.000000000e+00 0.000000000e+00
-9.049944881e-01 -4.254232910e-01 0.000000000e+00 6.107663047e-01 4.254232910e-01 -9.049944881e-01 0.000000000e+00 -1.001672356e+00 0.000000000e+00 0.000000000e+00 1.000000000e+00 0.000000000e+00
-8.028265430e-01 -5.962126649e-01 0.000000000e+00 5.159143396e-01 5.962126649e-01 -8.028265430e-01 0.000000000e+00 -1.211689731e+00 0.000000000e+00 0.000000000e+00 1.000000000e+00 0.000000000e+00
-6.688628567e-01 -7.433858210e-01 0.000000000e+00 3.773492995e-01 7.433858210e-01 -6.688628567e-01 0.000000000e+00 -1.382119309e+00 0.000000000e+00 0.000000000e+00 1.000000000e+00 0.000000000e+00
-5.089322265e-01 -8.608065920e-01 0.000000000e+00 2.047076246e-01 8.608065920e-01 -5.089322265e-01 0.000000000e+00 -1.504243815e+00 0.000000000e+00 0.000000000e+00 1.000000000e+00 0.000000000e+00
-3.276790874e-01 -9.447890853e-01 0.000000000e+00 -5.961761710e-02 9.447890853e-01 -3.276790874e-01 0.000000000e+00 -1.629415582e+00 0.000000000e+00 0.000000000e+00 1.000000000e+00 0.000000000e+00
-1.376127979e-01 -9.904861018e-01 0.000000000e+00 -3.407292985e-01 9.904861018e-01 -1.376127979e-01 0.000000000e+00 -1.678494683e+00 0.000000000e+00 0.000000000e+00 1.000000000e+00 0.000000000e+00
6.344297408e-02 -9.979854653e-01 0.000000000e+00 -6.091974509e-01 9.979854653e-01 6.344297408e-02 0.000000000e+00 -1.678253114e+00 0.000000000e+00 0.000000000e+00 1.000000000e+00 0.000000000e+00
2.596771770e-01 -9.656954819e-01 0.000000000e+00 -8.089128498e-01 9.656954819e-01 2.596771770e-01 0.000000000e+00 -1.566075769e+00 0.000000000e+00 0.000000000e+00 1.000000000e+00 0.000000000e+00
4.461621041e-01 -8.949521646e-01 0.000000000e+00 -9.876935266e-01 8.949521646e-01 4.461621041e-01 0.000000000e+00 -1.397667438e+00 0.000000000e+00 0.000000000e+00 1.000000000e+00 0.000000000e+00
6.145279901e-01 -7.888950180e-01 0.000000000e+00 -1.133715864e+00 7.888950180e-01 6.145279901e-01 0.000000000e+00 -1.178904555e+00 0.000000000e+00 0.000000000e+00 1.000000000e+00 0.000000000e+00
7.585118562e-01 -6.516592392e-01 0.000000000e+00 -1.237425056e+00 6.516592392e-01 7.585118562e-01 0.000000000e+00 -9.191504103e-01 0.000000000e+00 0.000000000e+00 1.000000000e+00 0.000000000e+00
8.712823094e-01 -4.907821689e-01 0.000000000e+00 -1.343386746e+00 4.907821689e-01 8.712823094e-01 0.000000000e+00 -6.385301763e-01 0.000000000e+00 0.000000000e+00 1.000000000e+00 0.000000000e+00
9.510634033e-01 -3.089957976e-01 0.000000000e+00 -1.427482945e+00 3.089957976e-01 9.510634033e-01 0.000000000e+00 -3.310195312e-01 0.000000000e+00 0.000000000e+00 1.000000000e+00 0.000000000e+00
9.921204870e-01 -1.252874264e-01 0.000000000e+00 -1.465378974e+00 1.252874264e-01 9.921204870e-01 0.000000000e+00 -4.103085163e-02 0.000000000e+00 0.000000000e+00 1.000000000e+00 0.000000000e+00
9.997797638e-01 2.098628042e-02 0.000000000e+00 -1.451238852e+00 -2.098628042e-02 9.997797638e-01 0.000000000e+00 2.635719353e-01 0.000000000e+00 0.000000000e+00 1.000000000e+00 0.000000000e+00
9.987697616e-01 4.958793441e-02 0.000000000e+00 -1.309675600e+00 -4.958793441e-02 9.987697616e-01 0.000000000e+00 5.895696794e-01 0.000000000e+00 0.000000000e+00 1.000000000e+00 0.000000000e+00
9.988145043e-01 4.867839384e-02 0.000000000e+00 -1.162269163e+00 -4.867839384e-02 9.988145043e-01 0.000000000e+00 9.148464803e-01 0.000000000e+00 0.000000000e+00 1.000000000e+00 0.000000000e+00
9.988470789e-01 4.800534295e-02 0.000000000e+00 -1.012702806e+00 -4.800534295e-02 9.988470789e-01 0.000000000e+00 1.238994783e+00 0.000000000e+00 0.000000000e+00 1.000000000e+00 0.000000000e+00
9.988645419e-01 4.764060179e-02 0.000000000e+00 -8.615579906e-01 -4.764060179e-02 9.988645419e-01 0.000000000e+00 1.561396202e+00 0.000000000e+00 0.000000000e+00 1.000000000e+00 0.000000000e+00
9.988904960e-01 4.709327996e-02 0.000000000e+00 -7.087035643e-01 -4.709327996e-02 9.988904960e-01 0.000000000e+00 1.881627653e+00 0.000000000e+00 0.000000000e+00 1.000000000e+00 0.000000000e+00
9.989479991e-01 4.585733470e-02 0.000000000e+00 -5.544031444e-01 -4.585733470e-02 9.989479991e-01 0.000000000e+00 2.200435599e+00 0.000000000e+00 0.000000000e+00 1.000000000e+00 0.000000000e+00
9.989538422e-01 4.572987212e-02 0.000000000e+00 -3.990720359e-01 -4.572987212e-02 9.989538422e-01 0.000000000e+00 2.517925077e+00 0.000000000e+00 0.000000000e+00 1.000000000e+00 0.000000000e+00
9.989767678e-01 4.522629104e-02 0.000000000e+00 -2.425599720e-01 -4.522629104e-02 9.989767678e-01 0.000000000e+00 2.833986628e+00 0.000000000e+00 0.000000000e+00 1.000000000e+00 0.000000000e+00
9.990126342e-01 4.442698204e-02 0.000000000e+00 -8.553883487e-02 -4.442698204e-02 9.990126342e-01 0.000000000e+00 3.148763196e+00 0.000000000e+00 0.000000000e+00 1.000000000e+00 0.000000000e+00
9.990451038e-01 4.369073851e-02 0.000000000e+00 7.222675549e-02 -4.369073851e-02 9.990451038e-01 0.000000000e+00 3.462041787e+00 0.000000000e+00 0.000000000e+00 1.000000000e+00 0.000000000e+00
9.990805885e-01 4.287164080e-02 0.000000000e+00 2.317545837e-01 -4.287164080e-02 9.990805885e-01 0.000000000e+00 3.773915141e+00 0.000000000e+00 0.000000000e+00 1.000000000e+00 0.000000000e+00
9.991034834e-01 4.233473225e-02 0.000000000e+00 3.940753743e-01 -4.233473225e-02 9.991034834e-01 0.000000000e+00 4.084555132e+00 0.000000000e+00 0.000000000e+00 1.000000000e+00 0.000000000e+00
9.991317918e-01 4.166128389e-02 0.000000000e+00 5.590009360e-01 -4.166128389e-02 9.991317918e-01 0.000000000e+00 4.395068044e+00 0.000000000e+00 0.000000000e+00 1.000000000e+00 0.000000000e+00
9.991693572e-01 4.075040695e-02 0.000000000e+00 7.259275698e-01 -4.075040695e-02 9.991693572e-01 0.000000000e+00 4.704937607e+00 0.000000000e+00 0.000000000e+00 1.000000000e+00 0.000000000e+00
9.991197190e-01 4.194981693e-02 0.000000000e+00 7.786371963e-01 -4.194981693e-02 9.991197190e-01 0.000000000e+00 5.014309439e+00 0.000000000e+00 0.000000000e+00 1.000000000e+00 0.000000000e+00
9.991281148e-01 4.174937350e-02 0.000000000e+00 8.183072082e-01 -4.174937350e-02 9.991281148e-01 0.000000000e+00 5.313424669e+00 0.000000000e+00 0.000000000e+00 1.000000000e+00 0.000000000e+00
9.989640688e-01 4.550592497e-02 0.000000000e+00 8.439661895e-01 -4.550592497e-02 9.989640688e-01 0.000000000e+00 5.611685015e+00 0.000000000e+00 0.000000000e+00 1.000000000e+00 0.000000000e+00
9.985281533e-01 5.423584712e-02 0.000000000e+00 9.778806482e-01 -5.423584712e-02 9.985281533e-01 0.000000000e+00 5.911261488e+00 0.000000000e+00 0.000000000e+00 1.000000000e+00 0.000000000e+00
9.981911991e-01 6.011929844e-02 0.000000000e+00 1.025384745e+00 -6.011929844e-02 9.981911991e-01 0.000000000e+00 6.188600627e+00 0.000000000e+00 0.000000000e+00 1.000000000e+00 0.000000000e+00
9.982289237e-01 5.948962832e-02 0.000000000e+00 1.211063311e+00 -5.948962832e-02 9.982289237e-01 0.000000000e+00 6.484374262e+00 0.000000000e+00 0.000000000e+00 1.000000000e+00 0.000000000e+00
9.994601436e-01 3.285454887e-02 0.000000000e+00 1.336867836e+00 -3.285454887e-02 9.994601436e-01 0.000000000e+00 6.829825365e+00 0.000000000e+00 0.000000000e+00 1.000000000e+00 0.000000000e+00
9.994681015e-01 3.261156489e-02 0.000000000e+00 1.516784286e+00 -3.261156489e-02 9.994681015e-01 0.000000000e+00 7.127592407e+00 0.000000000e+00 0.000000000e+00 1.000000000e+00 0.000000000e+00
9.994971537e-01 3.170866927e-02 0.000000000e+00 1.698841565e+00 -3.170866927e-02 9.994971537e-01 0.000000000e+00 7.424600838e+00 0.000000000e+00 0.000000000e+00 1.000000000e+00 0.000000000e+00
9.995307010e-01 3.063295261e-02 0.000000000e+00 1.883274631e+00 -3.063295261e-02 9.995307010e-01 0.000000000e+00 7.721746357e+00 0.000000000e+00 0.000000000e+00 1.000000000e+00 0.000000000e+00
9.996486147e-01 2.650749312e-02 0.000000000e+00 2.012109333e+00 -2.650749312e-02 9.996486147e-01 0.000000000e+00 8.012991592e+00 0.000000000e+00 0.000000000e+00 1.000000000e+00 0.000000000e+00
9.997911742e-01 2.043545966e-02 0.000000000e+00 2.075309657e+00 -2.043545966e-02 9.997911742e-01 0.000000000e+00 8.322258991e+00 0.000000000e+00 0.000000000e+00 1.000000000e+00 0.000000000e+00
9.997172198e-01 2.377983073e-02 0.000000000e+00 2.091816885e+00 -2.377983073e-02 9.997172198e-01 0.000000000e+00 8.628212865e+00 0.000000000e+00 0.000000000e+00 1.000000000e+00 0.000000000e+00
9.997820749e-01 2.087588979e-02 0.000000000e+00 2.124139836e+00 -2.087588979e-02 9.997820749e-01 0.000000000e+00 8.918455262e+00 0.000000000e+00 0.000000000e+00 1.000000000e+00 0.000000000e+00
9.998013567e-01 1.993105919e-02 0.000000000e+00 2.174355948e+00 -1.993105919e-02 9.998013567e-01 0.000000000e+00 9.223649652e+00 0.000000000e+00 0.000000000e+00 1.000000000e+00 0.000000000e+00
9.996879568e-01 2.497977250e-02 0.000000000e+00 2.229915864e+00 -2.497977250e-02 9.996879568e-01 0.000000000e+00 9.524422138e+00 0.000000000e+00 0.000000000e+00 1.000000000e+00 0.000000000e+00
9.997708128e-01 2.140845338e-02 0.000000000e+00 2.291928134e+00 -2.140845338e-02 9.997708128e-01 0.000000000e+00 9.813364415e+00 0.000000000e+00 0.000000000e+00 1.000000000e+00 0.000000000e+00
9.998803152e-01 1.547110855e-02 0.000000000e+00 2.390991927e+00 -1.547110855e-02 9.998803152e-01 0.000000000e+00 1.010209695e+01 0.000000000e+00 0.000000000e+00 1.000000000e+00 0.000000000e+00
9.998887373e-01 1.491686874e-02 0.000000000e+00 2.589370988e+00 -1.491686874e-02 9.998887373e-01 0.000000000e+00 1.039710201e+01 0.000000000e+00 0.000000000e+00 1.000000000e+00 0.000000000e+00
