1.000000000e+00 7.724549729e-18 0.000000000e+00 0.000000000e+00 1.019723764e-17 1.000000000e+00 0.000000000e+00 0.000000000e+00 0.000000000e+00 0.000000000e+00 1.000000000e+00 0.000000000e+00
9.981189540e-01 6.130704365e-02 0.000000000e+00 2.812860701e-02 -6.130704365e-02 9.981189540e-01 0.000000000e+00 3.477197312e-01 0.000000000e+00 0.000000000e+00 1.000000000e+00 0.000000000e+00
9.945193503e-01 1.045526754e-01 0.000000000e+00 7.017206204e-02 -1.045526754e-01 9.945193503e-01 0.000000000e+00 6.918744029e-01 0.000000000e+00 0.000000000e+00 1.000000000e+00 0.000000000e+00
9.926217054e-01 1.212524229e-01 0.000000000e+00 1.218918129e-01 -1.212524229e-01 9.926217054e-01 0.000000000e+00 1.033733775e+00 0.000000000e+00 0.000000000e+00 1.000000000e+00 0.000000000e+00
9.905910364e-01 1.368553932e-01 0.000000000e+00 1.812606951e-01 -1.368553932e-01 9.905910364e-01 0.000000000e+00 1.374109264e+00 0.000000000e+00 0.000000000e+00 1.000000000e+00 0.000000000e+00
9.875379928e-01 1.573807892e-01 0.000000000e+00 2.487745696e-01 -1.573807892e-01 9.875379928e-01 0.000000000e+00 1.711612866e+00 0.000000000e+00 0.000000000e+00 1.000000000e+00 0.000000000e+00
9.836038771e-01 1.803424880e-01 0.000000000e+00 3.231272956e-01 -1.803424880e-01 9.836038771e-01 0.000000000e+00 2.045601867e+00 0.000000000e+00 0.000000000e+00 1.000000000e+00 0.000000000e+00
9.802444823e-01 1.977896733e-01 0.000000000e+00 4.029229995e-01 -1.977896733e-01 9.802444823e-01 0.000000000e+00 2.378668609e+00 0.000000000e+00 0.000000000e+00 1.000000000e+00 0.000000000e+00
9.788320373e-01 2.046651969e-01 0.000000000e+00 4.777851650e-01 -2.046651969e-01 9.788320373e-01 0.000000000e+00 2.714619947e+00 0.000000000e+00 0.000000000e+00 1.000000000e+00 0.000000000e+00
9.777826007e-01 2.096215299e-01 0.000000000e+00 5.462627491e-01 -2.096215299e-01 9.777826007e-01 0.000000000e+00 3.049554467e+00 0.000000000e+00 0.000000000e+00 1.000000000e+00 0.000000000e+00
9.789556207e-01 2.040732532e-01 0.000000000e+00 6.318401373e-01 -2.040732532e-01 9.789556207e-01 0.000000000e+00 3.381374505e+00 0.000000000e+00 0.000000000e+00 1.000000000e+00 0.000000000e+00
9.807675613e-01 1.951793810e-01 0.000000000e+00 7.143384424e-01 -1.951793810e-01 9.807675613e-01 0.000000000e+00 3.712375621e+00 0.000000000e+00 0.000000000e+00 1.000000000e+00 0.000000000e+00
9.827589074e-01 1.848916708e-01 0.000000000e+00 7.767734478e-01 -1.848916708e-01 9.827589074e-01 0.000000000e+00 4.052995752e+00 0.000000000e+00 0.000000000e+00 1.000000000e+00 0.000000000e+00
9.850394201e-01 1.723291641e-01 0.000000000e+00 8.265682409e-01 -1.723291641e-01 9.850394201e-01 0.000000000e+00 4.385321459e+00 0.000000000e+00 0.000000000e+00 1.000000000e+00 0.000000000e+00
9.856437603e-01 1.688383183e-01 0.000000000e+00 8.912523538e-01 -1.688383183e-01 9.856437603e-01 0.000000000e+00 4.732812882e+00 0.000000000e+00 0.000000000e+00 1.000000000e+00 0.000000000e+00
9.820457735e-01 1.886427808e-01 0.000000000e+00 9.593869941e-01 -1.886427808e-01 9.820457735e-01 0.000000000e+00 5.071133605e+00 0.000000000e+00 0.000000000e+00 1.000000000e+00 0.000000000e+00
9.762469974e-01 2.166605640e-01 0.000000000e+00 1.050552744e+00 -2.166605640e-01 9.762469974e-01 0.000000000e+00 5.405684025e+00 0.000000000e+00 0.000000000e+00 1.000000000e+00 0.000000000e+00
9.602011432e-01 2.793094422e-01 0.000000000e+00 1.175077371e+00 -2.793094422e-01 9.602011432e-01 0.000000000e+00 5.720946723e+00 0.000000000e+00 0.000000000e+00 1.000000000e+00 0.000000000e+00
9.329935378e-01 3.598931208e-01 0.000000000e+00 1.327687213e+00 -3.598931208e-01 9.329935378e-01 0.000000000e+00 6.023099873e+00 0.000000000e+00 0.000000000e+00 1.000000000e+00 0.000000000e+00
8.956298089e-01 4.448002308e-01 0.000000000e+00 1.509483736e+00 -4.448002308e-01 8.956298089e-01 0.000000000e+00 6.308883371e+00 0.000000000e+00 0.000000000e+00 1.000000000e+00 0.000000000e+00
8.576319932e-01 5.142639053e-01 0.000000000e+00 1.718122426e+00 -5.142639053e-01 8.576319932e-01 0.000000000e+00 6.576960570e+00 0.000000000e+00 0.000000000e+00 1.000000000e+00 0.000000000e+00
8.096924503e-01 5.868544419e-01 0.000000000e+00 1.953460736e+00 -5.868544419e-01 8.096924503e-01 0.000000000e+00 6.825068321e+00 0.000000000e+00 0.000000000e+00 1.000000000e+00 0.000000000e+00
7.484761809e-01 6.631616746e-01 0.000000000e+00 2.193244176e+00 -6.631616746e-01 7.484761809e-01 0.000000000e+00 7.070757878e+00 0.000000000e+00 0.000000000e+00 1.000000000e+00 0.000000000e+00
6.779381888e-01 7.351189102e-01 0.000000000e+00 2.453390170e+00 -7.351189102e-01 6.779381888e-01 0.000000000e+00 7.307973870e+00 0.000000000e+00 0.000000000e+00 1.000000000e+00 0.000000000e+00
6.096256916e-01 7.926894197e-01 0.000000000e+00 2.751754021e+00 -7.926894197e-01 6.096256916e-01 0.000000000e+00 7.490038497e+00 0.000000000e+00 0.000000000e+00 1.000000000e+00 0.000000000e+00
5.421238195e-01 8.402986162e-01 0.000000000e+00 3.063548773e+00 -8.402986162e-01 5.421238195e-01 0.000000000e+00 7.663234093e+00 0.000000000e+00 0.000000000e+00 1.000000000e+00 0.000000000e+00
4.793374808e-01 8.776306624e-01 0.000000000e+00 3.364954077e+00 -8.776306624e-01 4.793374808e-01 0.000000000e+00 7.816757183e+00 0.000000000e+00 0.000000000e+00 1.000000000e+00 0.000000000e+00
4.188079132e-01 9.080748492e-01 0.000000000e+00 3.695035717e+00 -9.080748492e-01 4.188079132e-01 0.000000000e+00 7.934583668e+00 0.000000000e+00 0.000000000e+00 1.000000000e+00 0.000000000e+00
3.611339486e-01 9.325139523e-01 0.000000000e+00 4.027839944e+00 -9.325139523e-01 3.611339486e-01 0.000000000e+00 8.069014595e+00 0.000000000e+00 0.000000000e+00 1.000000000e+00 0.000000000e+00
3.054370603e-01 9.522122674e-01 0.000000000e+00 4.383455785e+00 -9.522122674e-01 3.054370603e-01 0.000000000e+00 8.167822645e+00 0.000000000e+00 0.000000000e+00 1.000000000e+00 0.000000000e+00
2.797241365e-01 9.600804172e-01 0.000000000e+00 4.742954248e+00 -9.600804172e-01 2.797241365e-01 0.000000000e+00 8.208018983e+00 0.000000000e+00 0.000000000e+00 1.000000000e+00 0.000000000e+00
2.830301993e-01 9.591109979e-01 0.000000000e+00 5.102218467e+00 -9.591109979e-01 2.830301993e-01 0.000000000e+00 8.245536779e+00 0.000000000e+00 0.000000000e+00 1.000000000e+00 0.000000000e+00
3.020607175e-01 9.532886882e-01 0.000000000e+00 5.459496957e+00 -9.532886882e-01 3.020607175e-01 0.000000000e+00 8.285977752e+00 0.000000000e+00 0.000000000e+00 1.000000000e+00 0.000000000e+00
3.284865770e-01 9.445086388e-01 0.000000000e+00 5.813802461e+00 -9.445086388e-01 3.284865770e-01 0.000000000e+00 8.331147310e+00 0.000000000e+00 0.000000000e+00 1.000000000e+00 0.000000000e+00
3.453960506e-01 9.384570146e-01 0.000000000e+00 6.155585389e+00 -9.384570146e-01 3.453960506e-01 0.000000000e+00 8.450686346e+00 0.000000000e+00 0.000000000e+00 1.000000000e+00 0.000000000e+00
3.486113097e-01 9.372673870e-01 0.000000000e+00 6.484783856e+00 -9.372673870e-01 3.486113097e-01 0.000000000e+00 8.546045927e+00 0.000000000e+00 0.000000000e+00 1.000000000e+00 0.000000000e+00
3.832233024e-01 9.236557262e-01 0.000000000e+00 6.831532187e+00 -9.236557262e-01 3.832233024e-01 0.000000000e+00 8.604293639e+00 0.000000000e+00 0.000000000e+00 1.000000000e+00 0.000000000e+00
4.222863896e-01 9.064624676e-01 0.000000000e+00 7.174047223e+00 -9.064624676e-01 4.222863896e-01 0.000000000e+00 8.671726429e+00 0.000000000e+00 0.000000000e+00 1.000000000e+00 0.000000000e+00
4.552868132e-01 8.903448308e-01 0.000000000e+00 7.502603079e+00 -8.903448308e-01 4.552868132e-01 0.000000000e+00 8.822424671e+00 0.000000000e+00 0.000000000e+00 1.000000000e+00 0.000000000e+00
4.515826392e-01 8.922292979e-01 0.000000000e+00 7.809947344e+00 -8.922292979e-01 4.515826392e-01 0.000000000e+00 8.948909307e+00 0.000000000e+00 0.000000000e+00 1.000000000e+00 0.000000000e+00
4.075530476e-01 9.131815336e-01 0.000000000e+00 8.153981775e+00 -9.131815336e-01 4.075530476e-01 0.000000000e+00 9.005604070e+00 0.000000000e+00 0.000000000e+00 1.000000000e+00 0.000000000e+00
3.518732378e-01 9.360476615e-01 0.000000000e+00 8.486840092e+00 -9.360476615e-01 3.518732378e-01 0.000000000e+00 9.117123713e+00 0.000000000e+00 0.000000000e+00 1.000000000e+00 0.000000000e+00
2.934170201e-01 9.559845461e-01 0.000000000e+00 8.832378702e+00 -9.559845461e-01 2.934170201e-01 0.000000000e+00 9.203809973e+00 0.000000000e+00 0.000000000e+00 1.000000000e+00 0.000000000e+00
2.368841915e-01 9.715378942e-01 0.000000000e+00 9.188760820e+00 -9.715378942e-01 2.368841915e-01 0.000000000e+00 9.212790593e+00 0.000000000e+00 0.000000000e+00 1.000000000e+00 0.000000000e+00
1.965794692e-01 9.804878950e-01 0.000000000e+00 9.551865055e+00 -9.804878950e-01 1.965794692e-01 0.000000000e+00 9.184997437e+00 0.000000000e+00 0.000000000e+00 1.000000000e+00 0.000000000e+00
1.342996196e-01 9.909407713e-01 0.000000000e+00 9.915444389e+00 -9.909407713e-01 1.342996196e-01 0.000000000e+00 9.133447604e+00 0.000000000e+00 0.000000000e+00 1.000000000e+00 0.000000000e+00
6.264475760e-02 9.980358883e-01 0.000000000e+00 1.027186108e+01 -9.980358883e-01 6.264475760e-02 0.000000000e+00 9.135491530e+00 0.000000000e+00 0.000000000e+00 1.000000000e+00 0.000000000e+00
-4.741630440e-03 9.999887584e-01 0.000000000e+00 1.063103648e+01 -9.999887584e-01 -4.741630440e-03 0.000000000e+00 9.099676428e+00 0.000000000e+00 0.000000000e+00 1.000000000e+00 0.000000000e+00
-7.679095375e-02 9.970472152e-01 0.000000000e+00 1.096640654e+01 -9.970472152e-01 -7.679095375e-02 0.000000000e+00 9.078271339e+00 0.000000000e+00 0.000000000e+00 1.000000000e+00 0.000000000e+00
-1.115804594e-01 9.937554030e-01 0.000000000e+00 1.132165930e+01 -9.937554030e-01 -1.115804594e-01 0.000000000e+00 8.933870280e+00 0.000000000e+00 0.000000000e+00 1.000000000e+00 0.000000000e+00
-1.552086329e-01 9.878817137e-01 0.000000000e+00 1.167253411e+01 -9.878817137e-01 -1.552086329e-01 0.000000000e+00 8.770199196e+00 0.000000000e+00 0.000000000e+00 1.000000000e+00 0.000000000e+00
-2.223020121e-01 9.749778538e-01 0.000000000e+00 1.201738064e+01 -9.749778538e-01 -2.223020121e-01 0.000000000e+00 8.583108313e+00 0.000000000e+00 0.000000000e+00 1.000000000e+00 0.000000000e+00
-2.819382892e-01 9.594325412e-01 0.000000000e+00 1.235441520e+01 -9.594325412e-01 -2.819382892e-01 0.000000000e+00 8.375712321e+00 0.000000000e+00 0.000000000e+00 1.000000000e+00 0.000000000e+00
-3.175665123e-01 9.482359993e-01 0.000000000e+00 1.268463839e+01 -9.482359993e-01 -3.175665123e-01 0.000000000e+00 8.153127945e+00 0.000000000e+00 0.000000000e+00 1.000000000e+00 0.000000000e+00
-3.455603511e-01 9.383965280e-01 0.000000000e+00 1.301182256e+01 -9.383965280e-01 -3.455603511e-01 0.000000000e+00 8.019493738e+00 0.000000000e+00 0.000000000e+00 1.000000000e+00 0.000000000e+00
-3.627743310e-01 9.318770223e-01 0.000000000e+00 1.333148046e+01 -9.318770223e-01 -3.627743310e-01 0.000000000e+00 7.804798913e+00 0.000000000e+00 0.000000000e+00 1.000000000e+00 0.000000000e+00
-3.894188263e-01 9.210607894e-01 0.000000000e+00 1.367245750e+01 -9.210607894e-01 -3.894188263e-01 0.000000000e+00 7.613953466e+00 0.000000000e+00 0.000000000e+00 1.000000000e+00 0.000000000e+00
-4.280634641e-01 9.037486767e-01 0.000000000e+00 1.398889826e+01 -9.037486767e-01 -4.280634641e-01 0.000000000e+00 7.437997334e+00 0.000000000e+00 0.000000000e+00 1.000000000e+00 0.000000000e+00
-4.638532889e-01 8.859120308e-01 0.000000000e+00 1.428937497e+01 -8.859120308e-01 -4.638532889e-01 0.000000000e+00 7.249027608e+00 0.000000000e+00 0.000000000e+00 1.000000000e+00 0.000000000e+00
-4.803188849e-01 8.770939339e-01 0.000000000e+00 1.458527514e+01 -8.770939339e-01 -4.803188849e-01 0.000000000e+00 6.961418649e+00 0.000000000e+00 0.000000000e+00 1.000000000e+00 0.000000000e+00
-4.756794253e-01 8.796187153e-01 0.000000000e+00 1.488751305e+01 -8.796187153e-01 -4.756794253e-01 0.000000000e+00 6.758442528e+00 0.000000000e+00 0.000000000e+00 1.000000000e+00 0.000000000e+00
-4.572689260e-01 8.893284710e-01 0.000000000e+00 1.518675469e+01 -8.893284710e-01 -4.572689260e-01 0.000000000e+00 6.539527596e+00 0.000000000e+00 0.000000000e+00 1.000000000e+00 0.000000000e+00
-4.624808823e-01 8.866292537e-01 0.000000000e+00 1.549236903e+01 -8.866292537e-01 -4.624808823e-01 0.000000000e+00 6.326187435e+00 0.000000000e+00 0.000000000e+00 1.000000000e+00 0.000000000e+00
-4.732923545e-01 8.809054133e-01 0.000000000e+00 1.579802965e+01 -8.809054133e-01 -4.732923545e-01 0.000000000e+00 6.139183003e+00 0.000000000e+00 0.000000000e+00 1.000000000e+00 0.000000000e+00
-4.813743560e-01 8.765151051e-01 0.000000000e+00 1.610457315e+01 -8.765151051e-01 -4.813743560e-01 0.000000000e+00 5.945246080e+00 0.000000000e+00 0.000000000e+00 1.000000000e+00 0.000000000e+00
-4.648644054e-01 8.853818863e-01 0.000000000e+00 1.639128558e+01 -8.853818863e-01 -4.648644054e-01 0.000000000e+00 5.649347573e+00 0.000000000e+00 0.000000000e+00 1.000000000e+00 0.000000000e+00
-4.396596899e-01 8.981644376e-01 0.000000000e+00 1.668062329e+01 -8.981644376e-01 -4.396596899e-01 0.000000000e+00 5.360745568e+00 0.000000000e+00 0.000000000e+00 1.000000000e+00 0.000000000e+00
-4.129347820e-01 9.107605974e-01 0.000000000e+00 1.697265900e+01 -9.107605974e-01 -4.129347820e-01 0.000000000e+00 5.079901521e+00 0.000000000e+00 0.000000000e+00 1.000000000e+00 0.000000000e+00
-3.840800796e-01 9.232997847e-01 0.000000000e+00 1.727884647e+01 -9.232997847e-01 -3.840800796e-01 0.000000000e+00 4.880969181e+00 0.000000000e+00 0.000000000e+00 1.000000000e+00 0.000000000e+00
-3.486239121e-01 9.372626995e-01 0.000000000e+00 1.758794030e+01 -9.372626995e-01 -3.486239121e-01 0.000000000e+00 4.702214172e+00 0.000000000e+00 0.000000000e+00 1.000000000e+00 0.000000000e+00
-3.244799952e-01 9.458925588e-01 0.000000000e+00 1.789797287e+01 -9.458925588e-01 -3.244799952e-01 0.000000000e+00 4.473494718e+00 0.000000000e+00 0.000000000e+00 1.000000000e+00 0.000000000e+00
-2.810705012e-01 9.596871226e-01 0.000000000e+00 1.821793576e+01 -9.596871226e-01 -2.810705012e-01 0.000000000e+00 4.336328708e+00 0.000000000e+00 0.000000000e+00 1.000000000e+00 0.000000000e+00
-2.483513680e-01 9.686700150e-01 0.000000000e+00 1.857379152e+01 -9.686700150e-01 -2.483513680e-01 0.000000000e+00 4.247500594e+00 0.000000000e+00 0.000000000e+00 1.000000000e+00 0.000000000e+00
-2.148872217e-01 9.766388698e-01 0.000000000e+00 1.887939811e+01 -9.766388698e-01 -2.148872217e-01 0.000000000e+00 4.029705982e+00 0.000000000e+00 0.000000000e+00 1.000000000e+00 0.000000000e+00
-1.871478321e-01 9.823317611e-01 0.000000000e+00 1.918533927e+01 -9.823317611e-01 -1.871478321e-01 0.000000000e+00 3.820308158e+00 0.000000000e+00 0.000000000e+00 1.000000000e+00 0.000000000e+00
-1.560796918e-01 9.877444658e-01 0.000000000e+00 1.949118908e+01 -9.877444658e-01 -1.560796918e-01 0.000000000e+00 3.619975404e+00 0.000000000e+00 0.000000000e+00 1.000000000e+00 0.000000000e+00
-1.160694449e-01 9.932411006e-01 0.000000000e+00 1.979690020e+01 -9.932411006e-01 -1.160694449e-01 0.000000000e+00 3.430290678e+00 0.000000000e+00 0.000000000e+00 1.000000000e+00 0.000000000e+00
-7.979125182e-02 9.968115951e-01 0.000000000e+00 2.010212483e+01 -9.968115951e-01 -7.979125182e-02 0.000000000e+00 3.250923111e+00 0.000000000e+00 0.000000000e+00 1.000000000e+00 0.000000000e+00
-5.368073106e-02 9.985581501e-01 0.000000000e+00 2.040638547e+01 -9.985581501e-01 -5.368073106e-02 0.000000000e+00 3.079422164e+00 0.000000000e+00 0.000000000e+00 1.000000000e+00 0.000000000e+00
-3.749844463e-02 9.992966860e-01 0.000000000e+00 2.071143716e+01 -9.992966860e-01 -3.749844463e-02 0.000000000e+00 2.912941303e+00 0.000000000e+00 0.000000000e+00 1.000000000e+00 0.000000000e+00
-2.492115055e-02 9.996894199e-01 0.000000000e+00 2.101637714e+01 -9.996894199e-01 -2.492115055e-02 0.000000000e+00 2.749536027e+00 0.000000000e+00 0.000000000e+00 1.000000000e+00 0.000000000e+00
-2.013881691e-02 9.997971935e-01 0.000000000e+00 2.131907628e+01 -9.997971935e-01 -2.013881691e-02 0.000000000e+00 2.586572660e+00 0.000000000e+00 0.000000000e+00 1.000000000e+00 0.000000000e+00
-1.880013043e-02 9.998232619e-01 0.000000000e+00 2.162048597e+01 -9.998232619e-01 -1.880013043e-02 0.000000000e+00 2.421181458e+00 0.000000000e+00 0.000000000e+00 1.000000000e+00 0.000000000e+00
-2.488327827e-02 9.996903633e-01 0.000000000e+00 2.191928619e+01 -9.996903633e-01 -2.488327827e-02 0.000000000e+00 2.250573417e+00 0.000000000e+00 0.000000000e+00 1.000000000e+00 0.000000000e+00
-5.268603959e-02 9.986111261e-01 0.000000000e+00 2.221554997e+01 -9.986111261e-01 -5.268603959e-02 0.000000000e+00 2.070768829e+00 0.000000000e+00 0.000000000e+00 1.000000000e+00 0.000000000e+00
-9.029227132e-02 9.959153105e-01 0.000000000e+00 2.251162757e+01 -9.959153105e-01 -9.029227132e-02 0.000000000e+00 1.876924468e+00 0.000000000e+00 0.000000000e+00 1.000000000e+00 0.000000000e+00
-1.402192076e-01 9.901204845e-01 0.000000000e+00 2.280481229e+01 -9.901204845e-01 -1.402192076e-01 0.000000000e+00 1.664754571e+00 0.000000000e+00 0.000000000e+00 1.000000000e+00 0.000000000e+00
-1.966861973e-01 9.804664909e-01 0.000000000e+00 2.309142768e+01 -9.804664909e-01 -1.966861973e-01 0.000000000e+00 1.433117265e+00 0.000000000e+00 0.000000000e+00 1.000000000e+00 0.000000000e+00
-2.501201647e-01 9.682148022e-01 0.000000000e+00 2.341718662e+01 -9.682148022e-01 -2.501201647e-01 0.000000000e+00 1.285595382e+00 0.000000000e+00 0.000000000e+00 1.000000000e+00 0.000000000e+00
-2.833141614e-01 9.590271560e-01 0.000000000e+00 2.373915994e+01 -9.590271560e-01 -2.833141614e-01 0.000000000e+00 1.167588808e+00 0.000000000e+00 0.000000000e+00 1.000000000e+00 0.000000000e+00
-3.278975905e-01 9.447132740e-01 0.000000000e+00 2.405584863e+01 -9.447132740e-01 -3.278975905e-01 0.000000000e+00 1.018819927e+00 0.000000000e+00 0.000000000e+00 1.000000000e+00 0.000000000e+00
-3.718819827e-01 9.282800175e-01 0.000000000e+00 2.435455110e+01 -9.282800175e-01 -3.718819827e-01 0.000000000e+00 8.632320550e-01 0.000000000e+00 0.000000000e+00 1.000000000e+00 0.000000000e+00
-4.319155096e-01 9.019140716e-01 0.000000000e+00 2.464853463e+01 -9.019140716e-01 -4.319155096e-01 0.000000000e+00 6.767869651e-01 0.000000000e+00 0.000000000e+00 1.000000000e+00 0.000000000e+00
-4.607654637e-01 8.875219363e-01 0.000000000e+00 2.490711596e+01 -8.875219363e-01 -4.607654637e-01 0.000000000e+00 3.914535558e-01 0.000000000e+00 0.000000000e+00 1.000000000e+00 0.000000000e+00
-4.676707346e-01 8.839027571e-01 0.000000000e+00 2.515774144e+01 -8.839027571e-01 -4.676707346e-01 0.000000000e+00 9.789227908e-02 0.000000000e+00 0.000000000e+00 1.000000000e+00 0.000000000e+00
-4.426891876e-01 8.966751269e-01 0.000000000e+00 2.544815164e+01 -8.966751269e-01 -4.426891876e-01 0.000000000e+00 -1.169635743e-01 0.000000000e+00 0.000000000e+00 1.000000000e+00 0.000000000e+00
-3.845053133e-01 9.231227784e-01 0.000000000e+00 2.575040732e+01 -9.231227784e-01 -3.845053133e-01 0.000000000e+00 -3.178186935e-01 0.000000000e+00 0.000000000e+00 1.000000000e+00 0.000000000e+00
-3.356531178e-01 9.419856605e-01 0.000000000e+00 2.607327594e+01 -9.419856605e-01 -3.356531178e-01 0.000000000e+00 -4.380755386e-01 0.000000000e+00 0.000000000e+00 1.000000000e+00 0.000000000e+00
-3.062803329e-01 9.519413625e-01 0.000000000e+00 2.639548138e+01 -9.519413625e-01 -3.062803329e-01 0.000000000e+00 -5.808471894e-01 0.000000000e+00 0.000000000e+00 1.000000000e+00 0.000000000e+00
-3.000747139e-01 9.539157018e-01 0.000000000e+00 2.670055267e+01 -9.539157018e-01 -3.000747139e-01 0.000000000e+00 -7.733829445e-01 0.000000000e+00 0.000000000e+00 1.000000000e+00 0.000000000e+00
-2.724031139e-01 9.621832172e-01 0.000000000e+00 2.703016634e+01 -9.621832172e-01 -2.724031139e-01 0.000000000e+00 -8.957553941e-01 0.000000000e+00 0.000000000e+00 1.000000000e+00 0.000000000e+00
