1.000000000e+00 0.000000000e+00 0.000000000e+00 0.000000000e+00 0.000000000e+00 1.000000000e+00 0.000000000e+00 0.000000000e+00 0.000000000e+00 0.000000000e+00 1.000000000e+00 0.000000000e+00
9.920588766e-01 -1.257743428e-01 0.000000000e+00 -5.380125661e-02 1.257743428e-01 9.920588766e-01 0.000000000e+00 4.969983822e-01 0.000000000e+00 0.000000000e+00 1.000000000e+00 0.000000000e+00
9.681436423e-01 -2.503954629e-01 0.000000000e+00 -1.596999432e-01 2.503954629e-01 9.681436423e-01 0.000000000e+00 9.805707935e-01 0.000000000e+00 0.000000000e+00 1.000000000e+00 0.000000000e+00
9.289012271e-01 -3.703275717e-01 0.000000000e+00 -3.241468476e-01 3.703275717e-01 9.289012271e-01 0.000000000e+00 1.444062696e+00 0.000000000e+00 0.000000000e+00 1.000000000e+00 0.000000000e+00
8.749206709e-01 -4.842662694e-01 0.000000000e+00 -5.447873862e-01 4.842662694e-01 8.749206709e-01 0.000000000e+00 1.882198198e+00 0.000000000e+00 0.000000000e+00 1.000000000e+00 0.000000000e+00
8.069291270e-01 -5.906482744e-01 0.000000000e+00 -8.168629378e-01 5.906482744e-01 8.069291270e-01 0.000000000e+00 2.287980358e+00 0.000000000e+00 0.000000000e+00 1.000000000e+00 0.000000000e+00
7.260993659e-01 -6.875897839e-01 0.000000000e+00 -1.134303395e+00 6.875897839e-01 7.260993659e-01 0.000000000e+00 2.653738926e+00 0.000000000e+00 0.000000000e+00 1.000000000e+00 0.000000000e+00
6.334990324e-01 -7.737434820e-01 0.000000000e+00 -1.491633940e+00 7.737434820e-01 6.334990324e-01 0.000000000e+00 2.974051333e+00 0.000000000e+00 0.000000000e+00 1.000000000e+00 0.000000000e+00
5.417486442e-01 -8.405405443e-01 0.000000000e+00 -1.907390320e+00 8.405405443e-01 5.417486442e-01 0.000000000e+00 3.247381451e+00 0.000000000e+00 0.000000000e+00 1.000000000e+00 0.000000000e+00
4.313557891e-01 -9.021819014e-01 0.000000000e+00 -2.325576430e+00 9.021819014e-01 4.313557891e-01 0.000000000e+00 3.470106591e+00 0.000000000e+00 0.000000000e+00 1.000000000e+00 0.000000000e+00
3.140943509e-01 -9.493917731e-01 0.000000000e+00 -2.767649920e+00 9.493917731e-01 3.140943509e-01 0.000000000e+00 3.635523333e+00 0.000000000e+00 0.000000000e+00 1.000000000e+00 0.000000000e+00
1.914009256e-01 -9.815119386e-01 0.000000000e+00 -3.225473052e+00 9.815119386e-01 1.914009256e-01 0.000000000e+00 3.741149643e+00 0.000000000e+00 0.000000000e+00 1.000000000e+00 0.000000000e+00
6.930407952e-02 -9.975955817e-01 0.000000000e+00 -3.719833547e+00 9.975955817e-01 6.930407952e-02 0.000000000e+00 3.822601537e+00 0.000000000e+00 0.000000000e+00 1.000000000e+00 0.000000000e+00
-5.680909479e-02 -9.983850594e-01 0.000000000e+00 -4.185946704e+00 9.983850594e-01 -5.680909479e-02 0.000000000e+00 3.807680979e+00 0.000000000e+00 0.000000000e+00 1.000000000e+00 0.000000000e+00
-1.819628768e-01 -9.833054009e-01 0.000000000e+00 -4.644829345e+00 9.833054009e-01 -1.819628768e-01 0.000000000e+00 3.731732742e+00 0.000000000e+00 0.000000000e+00 1.000000000e+00 0.000000000e+00
-3.043625241e-01 -9.525562734e-01 0.000000000e+00 -5.088857371e+00 9.525562734e-01 -3.043625241e-01 0.000000000e+00 3.597297993e+00 0.000000000e+00 0.000000000e+00 1.000000000e+00 0.000000000e+00
-4.219087523e-01 -9.066382987e-01 0.000000000e+00 -5.511082001e+00 9.066382987e-01 -4.219087523e-01 0.000000000e+00 3.406579156e+00 0.000000000e+00 0.000000000e+00 1.000000000e+00 0.000000000e+00
-5.333702233e-01 -8.458819096e-01 0.000000000e+00 -5.904405865e+00 8.458819096e-01 -5.333702233e-01 0.000000000e+00 3.162071354e+00 0.000000000e+00 0.000000000e+00 1.000000000e+00 0.000000000e+00
-6.366184950e-01 -7.711788974e-01 0.000000000e+00 -6.273534642e+00 7.711788974e-01 -6.366184950e-01 0.000000000e+00 2.867611540e+00 0.000000000e+00 0.000000000e+00 1.000000000e+00 0.000000000e+00
-7.295383183e-01 -6.839399404e-01 0.000000000e+00 -6.637810050e+00 6.839399404e-01 -7.295383183e-01 0.000000000e+00 2.530872292e+00 0.000000000e+00 0.000000000e+00 1.000000000e+00 0.000000000e+00
-8.097427292e-01 -5.867850650e-01 0.000000000e+00 -6.931914669e+00 5.867850650e-01 -8.097427292e-01 0.000000000e+00 2.140844808e+00 0.000000000e+00 0.000000000e+00 1.000000000e+00 0.000000000e+00
-8.735567848e-01 -4.867222450e-01 0.000000000e+00 -7.166659313e+00 4.867222450e-01 -8.735567848e-01 0.000000000e+00 1.731923881e+00 0.000000000e+00 0.000000000e+00 1.000000000e+00 0.000000000e+00
-9.275969477e-01 -3.735825246e-01 0.000000000e+00 -7.325788421e+00 3.735825246e-01 -9.275969477e-01 0.000000000e+00 1.302933535e+00 0.000000000e+00 0.000000000e+00 1.000000000e+00 0.000000000e+00
-9.680625758e-01 -2.507086943e-01 0.000000000e+00 -7.434947830e+00 2.507086943e-01 -9.680625758e-01 0.000000000e+00 8.492552740e-01 0.000000000e+00 0.000000000e+00 1.000000000e+00 0.000000000e+00
-9.927155939e-01 -1.204813250e-01 0.000000000e+00 -7.516047026e+00 1.204813250e-01 -9.927155939e-01 0.000000000e+00 3.666714098e-01 0.000000000e+00 0.000000000e+00 1.000000000e+00 0.000000000e+00
-9.999866865e-01 5.160111224e-03 0.000000000e+00 -7.488758529e+00 -5.160111224e-03 -9.999866865e-01 0.000000000e+00 -9.407066370e-02 0.000000000e+00 0.000000000e+00 1.000000000e+00 0.000000000e+00
-9.914004764e-01 1.308628881e-01 0.000000000e+00 -7.398811658e+00 -1.308628881e-01 -9.914004764e-01 0.000000000e+00 -5.506506019e-01 0.000000000e+00 0.000000000e+00 1.000000000e+00 0.000000000e+00
-9.670713252e-01 2.545055047e-01 0.000000000e+00 -7.247948220e+00 -2.545055047e-01 -9.670713252e-01 0.000000000e+00 -9.948606157e-01 0.000000000e+00 0.000000000e+00 1.000000000e+00 0.000000000e+00
-9.271253865e-01 3.747512745e-01 0.000000000e+00 -7.037803685e+00 -3.747512745e-01 -9.271253865e-01 0.000000000e+00 -1.418358204e+00 0.000000000e+00 0.000000000e+00 1.000000000e+00 0.000000000e+00
-8.726397544e-01 4.883644736e-01 0.000000000e+00 -6.772694118e+00 -4.883644736e-01 -8.726397544e-01 0.000000000e+00 -1.813546500e+00 0.000000000e+00 0.000000000e+00 1.000000000e+00 0.000000000e+00
-8.064803851e-01 5.912608464e-01 0.000000000e+00 -6.463696089e+00 -5.912608464e-01 -8.064803851e-01 0.000000000e+00 -2.197362417e+00 0.000000000e+00 0.000000000e+00 1.000000000e+00 0.000000000e+00
-7.215663944e-01 6.923452451e-01 0.000000000e+00 -6.134096778e+00 -6.923452451e-01 -7.215663944e-01 0.000000000e+00 -2.569840565e+00 0.000000000e+00 0.000000000e+00 1.000000000e+00 0.000000000e+00
-6.309826973e-01 7.757969036e-01 0.000000000e+00 -5.759704399e+00 -7.757969036e-01 -6.309826973e-01 0.000000000e+00 -2.894860575e+00 0.000000000e+00 0.000000000e+00 1.000000000e+00 0.000000000e+00
-5.309482177e-01 8.474042661e-01 0.000000000e+00 -5.330219291e+00 -8.474042661e-01 -5.309482177e-01 0.000000000e+00 -3.133143948e+00 0.000000000e+00 0.000000000e+00 1.000000000e+00 0.000000000e+00
-4.200235673e-01 9.075131971e-01 0.000000000e+00 -4.863829756e+00 -9.075131971e-01 -4.200235673e-01 0.000000000e+00 -3.305822999e+00 0.000000000e+00 0.000000000e+00 1.000000000e+00 0.000000000e+00
-3.018720455e-01 9.533484505e-01 0.000000000e+00 -4.376389016e+00 -9.533484505e-01 -3.018720455e-01 0.000000000e+00 -3.421400056e+00 0.000000000e+00 0.000000000e+00 1.000000000e+00 0.000000000e+00
-1.791581219e-01 9.838202922e-01 0.000000000e+00 -3.875597079e+00 -9.838202922e-01 -1.791581219e-01 0.000000000e+00 -3.476768912e+00 0.000000000e+00 0.000000000e+00 1.000000000e+00 0.000000000e+00
-5.351073203e-02 9.985672744e-01 0.000000000e+00 -3.367723084e+00 -9.985672744e-01 -5.351073203e-02 0.000000000e+00 -3.469881260e+00 0.000000000e+00 0.000000000e+00 1.000000000e+00 0.000000000e+00
7.281394717e-02 9.973455415e-01 0.000000000e+00 -2.860676392e+00 -9.973455415e-01 7.281394717e-02 0.000000000e+00 -3.400643771e+00 0.000000000e+00 0.000000000e+00 1.000000000e+00 0.000000000e+00
1.982316318e-01 9.801552021e-01 0.000000000e+00 -2.364380055e+00 -9.801552021e-01 1.982316318e-01 0.000000000e+00 -3.271564252e+00 0.000000000e+00 0.000000000e+00 1.000000000e+00 0.000000000e+00
3.218541354e-01 9.467892667e-01 0.000000000e+00 -1.879936862e+00 -9.467892667e-01 3.218541354e-01 0.000000000e+00 -3.127282739e+00 0.000000000e+00 0.000000000e+00 1.000000000e+00 0.000000000e+00
4.389425591e-01 8.985151250e-01 0.000000000e+00 -1.422486453e+00 -8.985151250e-01 4.389425591e-01 0.000000000e+00 -2.920155908e+00 0.000000000e+00 0.000000000e+00 1.000000000e+00 0.000000000e+00
5.471742239e-01 8.370187386e-01 0.000000000e+00 -9.946830493e-01 -8.370187386e-01 5.471742239e-01 0.000000000e+00 -2.643298102e+00 0.000000000e+00 0.000000000e+00 1.000000000e+00 0.000000000e+00
6.487283330e-01 7.610200720e-01 0.000000000e+00 -5.897012299e-01 -7.610200720e-01 6.487283330e-01 0.000000000e+00 -2.338832045e+00 0.000000000e+00 0.000000000e+00 1.000000000e+00 0.000000000e+00
7.432371313e-01 6.690280761e-01 0.000000000e+00 -2.423846592e-01 -6.690280761e-01 7.432371313e-01 0.000000000e+00 -1.965207431e+00 0.000000000e+00 0.000000000e+00 1.000000000e+00 0.000000000e+00
8.202842985e-01 5.719560032e-01 0.000000000e+00 6.713459610e-02 -5.719560032e-01 8.202842985e-01 0.000000000e+00 -1.550366166e+00 0.000000000e+00 0.000000000e+00 1.000000000e+00 0.000000000e+00
8.857900310e-01 4.640862214e-01 0.000000000e+00 3.054907771e-01 -4.640862214e-01 8.857900310e-01 0.000000000e+00 -1.090351904e+00 0.000000000e+00 0.000000000e+00 1.000000000e+00 0.000000000e+00
9.372256350e-01 3.487235426e-01 0.000000000e+00 4.868250643e-01 -3.487235426e-01 9.372256350e-01 0.000000000e+00 -6.061736358e-01 0.000000000e+00 0.000000000e+00 1.000000000e+00 0.000000000e+00
9.720912798e-01 2.346029492e-01 0.000000000e+00 6.045410350e-01 -2.346029492e-01 9.720912798e-01 0.000000000e+00 -8.517767140e-02 0.000000000e+00 0.000000000e+00 1.000000000e+00 0.000000000e+00
9.939220210e-01 1.100864034e-01 0.000000000e+00 6.680962311e-01 -1.100864034e-01 9.939220210e-01 0.000000000e+00 4.240735436e-01 0.000000000e+00 0.000000000e+00 1.000000000e+00 0.000000000e+00
9.998708476e-01 -1.607134627e-02 0.000000000e+00 6.699112422e-01 1.607134627e-02 9.998708476e-01 0.000000000e+00 9.361072160e-01 0.000000000e+00 0.000000000e+00 1.000000000e+00 0.000000000e+00
9.898327384e-01 -1.422362473e-01 0.000000000e+00 6.104429974e-01 1.422362473e-01 9.898327384e-01 0.000000000e+00 1.442308735e+00 0.000000000e+00 0.000000000e+00 1.000000000e+00 0.000000000e+00
9.641116673e-01 -2.654970677e-01 0.000000000e+00 4.892667545e-01 2.654970677e-01 9.641116673e-01 0.000000000e+00 1.934106770e+00 0.000000000e+00 0.000000000e+00 1.000000000e+00 0.000000000e+00
9.229842904e-01 -3.848376276e-01 0.000000000e+00 3.093171184e-01 3.848376276e-01 9.229842904e-01 0.000000000e+00 2.406115383e+00 0.000000000e+00 0.000000000e+00 1.000000000e+00 0.000000000e+00
8.668767592e-01 -4.985225013e-01 0.000000000e+00 7.584377602e-02 4.985225013e-01 8.668767592e-01 0.000000000e+00 2.852092473e+00 0.000000000e+00 0.000000000e+00 1.000000000e+00 0.000000000e+00
7.972102640e-01 -6.037017434e-01 0.000000000e+00 -2.077265131e-01 6.037017434e-01 7.972102640e-01 0.000000000e+00 3.263946918e+00 0.000000000e+00 0.000000000e+00 1.000000000e+00 0.000000000e+00
7.148607395e-01 -6.992668469e-01 0.000000000e+00 -5.374861923e-01 6.992668469e-01 7.148607395e-01 0.000000000e+00 3.635896924e+00 0.000000000e+00 0.000000000e+00 1.000000000e+00 0.000000000e+00
6.208052491e-01 -7.839648224e-01 0.000000000e+00 -9.074073052e-01 7.839648224e-01 6.208052491e-01 0.000000000e+00 3.964871100e+00 0.000000000e+00 0.000000000e+00 1.000000000e+00 0.000000000e+00
5.124459847e-01 -8.587194610e-01 0.000000000e+00 -1.295752219e+00 8.587194610e-01 5.124459847e-01 0.000000000e+00 4.262019556e+00 0.000000000e+00 0.000000000e+00 1.000000000e+00 0.000000000e+00
4.007698452e-01 -9.161787660e-01 0.000000000e+00 -1.726274112e+00 9.161787660e-01 4.007698452e-01 0.000000000e+00 4.484881758e+00 0.000000000e+00 0.000000000e+00 1.000000000e+00 0.000000000e+00
2.820285306e-01 -9.594060183e-01 0.000000000e+00 -2.176994267e+00 9.594060183e-01 2.820285306e-01 0.000000000e+00 4.650247951e+00 0.000000000e+00 0.000000000e+00 1.000000000e+00 0.000000000e+00
1.590350128e-01 -9.872729434e-01 0.000000000e+00 -2.640486362e+00 9.872729434e-01 1.590350128e-01 0.000000000e+00 4.755821334e+00 0.000000000e+00 0.000000000e+00 1.000000000e+00 0.000000000e+00
3.640568761e-02 -9.993370932e-01 0.000000000e+00 -3.137332540e+00 9.993370932e-01 3.640568761e-02 0.000000000e+00 4.822022166e+00 0.000000000e+00 0.000000000e+00 1.000000000e+00 0.000000000e+00
-9.010125004e-02 -9.959326105e-01 0.000000000e+00 -3.601511065e+00 9.959326105e-01 -9.010125004e-02 0.000000000e+00 4.805869621e+00 0.000000000e+00 0.000000000e+00 1.000000000e+00 0.000000000e+00
-2.144858794e-01 -9.767270896e-01 0.000000000e+00 -4.055371060e+00 9.767270896e-01 -2.144858794e-01 0.000000000e+00 4.727309778e+00 0.000000000e+00 0.000000000e+00 1.000000000e+00 0.000000000e+00
-3.360411407e-01 -9.418473081e-01 0.000000000e+00 -4.490627157e+00 9.418473081e-01 -3.360411407e-01 0.000000000e+00 4.588552942e+00 0.000000000e+00 0.000000000e+00 1.000000000e+00 0.000000000e+00
-4.517771781e-01 -8.921308096e-01 0.000000000e+00 -4.898976665e+00 8.921308096e-01 -4.517771781e-01 0.000000000e+00 4.394704482e+00 0.000000000e+00 0.000000000e+00 1.000000000e+00 0.000000000e+00
-5.607782681e-01 -8.279660223e-01 0.000000000e+00 -5.274821729e+00 8.279660223e-01 -5.607782681e-01 0.000000000e+00 4.149961120e+00 0.000000000e+00 0.000000000e+00 1.000000000e+00 0.000000000e+00
-6.614763177e-01 -7.499660533e-01 0.000000000e+00 -5.626092531e+00 7.499660533e-01 -6.614763177e-01 0.000000000e+00 3.853468319e+00 0.000000000e+00 0.000000000e+00 1.000000000e+00 0.000000000e+00
-7.514655625e-01 -6.597723155e-01 0.000000000e+00 -5.978423621e+00 6.597723155e-01 -7.514655625e-01 0.000000000e+00 3.505974402e+00 0.000000000e+00 0.000000000e+00 1.000000000e+00 0.000000000e+00
-8.284883265e-01 -5.600063328e-01 0.000000000e+00 -6.255632928e+00 5.600063328e-01 -8.284883265e-01 0.000000000e+00 3.112797736e+00 0.000000000e+00 0.000000000e+00 1.000000000e+00 0.000000000e+00
-8.890368182e-01 -4.578357084e-01 0.000000000e+00 -6.472763770e+00 4.578357084e-01 -8.890368182e-01 0.000000000e+00 2.702632528e+00 0.000000000e+00 0.000000000e+00 1.000000000e+00 0.000000000e+00
-9.395833152e-01 -3.423203089e-01 0.000000000e+00 -6.607116878e+00 3.423203089e-01 -9.395833152e-01 0.000000000e+00 2.281711718e+00 0.000000000e+00 0.000000000e+00 1.000000000e+00 0.000000000e+00
-9.758898869e-01 -2.182634388e-01 0.000000000e+00 -6.692805656e+00 2.182634388e-01 -9.758898869e-01 0.000000000e+00 1.832994473e+00 0.000000000e+00 0.000000000e+00 1.000000000e+00 0.000000000e+00
-9.961915925e-01 -8.719123200e-02 0.000000000e+00 -6.755942779e+00 8.719123200e-02 -9.961915925e-01 0.000000000e+00 1.349610301e+00 0.000000000e+00 0.000000000e+00 1.000000000e+00 0.000000000e+00
-9.992328423e-01 3.916282546e-02 0.000000000e+00 -6.704160445e+00 -3.916282546e-02 -9.992328423e-01 0.000000000e+00 8.990767756e-01 0.000000000e+00 0.000000000e+00 1.000000000e+00 0.000000000e+00
-9.862997862e-01 1.649628193e-01 0.000000000e+00 -6.590974372e+00 -1.649628193e-01 -9.862997862e-01 0.000000000e+00 4.553492181e-01 0.000000000e+00 0.000000000e+00 1.000000000e+00 0.000000000e+00
-9.575720899e-01 2.881938456e-01 0.000000000e+00 -6.418100469e+00 -2.881938456e-01 -9.575720899e-01 0.000000000e+00 2.733245118e-02 0.000000000e+00 0.000000000e+00 1.000000000e+00 0.000000000e+00
-9.138238539e-01 4.061107781e-01 0.000000000e+00 -6.187667776e+00 -4.061107781e-01 -9.138238539e-01 0.000000000e+00 -3.784896246e-01 0.000000000e+00 0.000000000e+00 1.000000000e+00 0.000000000e+00
-8.553562788e-01 5.180401880e-01 0.000000000e+00 -5.904121877e+00 -5.180401880e-01 -8.553562788e-01 0.000000000e+00 -7.565722521e-01 0.000000000e+00 0.000000000e+00 1.000000000e+00 0.000000000e+00
-7.856571455e-01 6.186621450e-01 0.000000000e+00 -5.580170350e+00 -6.186621450e-01 -7.856571455e-01 0.000000000e+00 -1.127054931e+00 0.000000000e+00 0.000000000e+00 1.000000000e+00 0.000000000e+00
-6.972185880e-01 7.168585918e-01 0.000000000e+00 -5.236613812e+00 -7.168585918e-01 -6.972185880e-01 0.000000000e+00 -1.486449004e+00 0.000000000e+00 0.000000000e+00 1.000000000e+00 0.000000000e+00
-6.037035500e-01 7.972088959e-01 0.000000000e+00 -4.849782907e+00 -7.972088959e-01 -6.037035500e-01 0.000000000e+00 -1.796817644e+00 0.000000000e+00 0.000000000e+00 1.000000000e+00 0.000000000e+00
-5.012036798e-01 8.653293427e-01 0.000000000e+00 -4.409691356e+00 -8.653293427e-01 -5.012036798e-01 0.000000000e+00 -2.015573341e+00 0.000000000e+00 0.000000000e+00 1.000000000e+00 0.000000000e+00
-3.882766584e-01 9.215428566e-01 0.000000000e+00 -3.935616780e+00 -9.215428566e-01 -3.882766584e-01 0.000000000e+00 -2.163905186e+00 0.000000000e+00 0.000000000e+00 1.000000000e+00 0.000000000e+00
-2.688921492e-01 9.631702924e-01 0.000000000e+00 -3.443013853e+00 -9.631702924e-01 -2.688921492e-01 0.000000000e+00 -2.253688032e+00 0.000000000e+00 0.000000000e+00 1.000000000e+00 0.000000000e+00
-1.452484089e-01 9.893952192e-01 0.000000000e+00 -2.939137558e+00 -9.893952192e-01 -1.452484089e-01 0.000000000e+00 -2.283261925e+00 0.000000000e+00 0.000000000e+00 1.000000000e+00 0.000000000e+00
-1.901345752e-02 9.998192279e-01 0.000000000e+00 -2.430308578e+00 -9.998192279e-01 -1.901345752e-02 0.000000000e+00 -2.250732142e+00 0.000000000e+00 0.000000000e+00 1.000000000e+00 0.000000000e+00
1.074313289e-01 9.942125072e-01 0.000000000e+00 -1.924808204e+00 -9.942125072e-01 1.074313289e-01 0.000000000e+00 -2.156845751e+00 0.000000000e+00 0.000000000e+00 1.000000000e+00 0.000000000e+00
2.318606702e-01 9.727490065e-01 0.000000000e+00 -1.430950971e+00 -9.727490065e-01 2.318606702e-01 0.000000000e+00 -2.003302050e+00 0.000000000e+00 0.000000000e+00 1.000000000e+00 0.000000000e+00
3.541960127e-01 9.351712060e-01 0.000000000e+00 -9.511038840e-01 -9.351712060e-01 3.541960127e-01 0.000000000e+00 -1.841212312e+00 0.000000000e+00 0.000000000e+00 1.000000000e+00 0.000000000e+00
4.696111602e-01 8.828733535e-01 0.000000000e+00 -4.993254173e-01 -8.828733535e-01 4.696111602e-01 0.000000000e+00 -1.615980636e+00 0.000000000e+00 0.000000000e+00 1.000000000e+00 0.000000000e+00
5.757591838e-01 8.176193260e-01 0.000000000e+00 -7.746477016e-02 -8.176193260e-01 5.757591838e-01 0.000000000e+00 -1.319374721e+00 0.000000000e+00 0.000000000e+00 1.000000000e+00 0.000000000e+00
6.744310468e-01 7.383378380e-01 0.000000000e+00 3.190389488e-01 -7.383378380e-01 6.744310468e-01 0.000000000e+00 -9.989223480e-01 0.000000000e+00 0.000000000e+00 1.000000000e+00 0.000000000e+00
7.657695103e-01 6.431151197e-01 0.000000000e+00 6.557082068e-01 -6.431151197e-01 7.657695103e-01 0.000000000e+00 -6.117384375e-01 0.000000000e+00 0.000000000e+00 1.000000000e+00 0.000000000e+00
8.393857354e-01 5.435361876e-01 0.000000000e+00 9.534287251e-01 -5.435361876e-01 8.393857354e-01 0.000000000e+00 -1.847235979e-01 0.000000000e+00 0.000000000e+00 1.000000000e+00 0.000000000e+00
9.011955358e-01 4.334127435e-01 0.000000000e+00 1.186556265e+00 -4.334127435e-01 9.011955358e-01 0.000000000e+00 2.907441682e-01 0.000000000e+00 0.000000000e+00 1.000000000e+00 0.000000000e+00
9.485594644e-01 3.165990249e-01 0.000000000e+00 1.361977995e+00 -3.165990249e-01 9.485594644e-01 0.000000000e+00 7.884694690e-01 0.000000000e+00 0.000000000e+00 1.000000000e+00 0.000000000e+00
9.794801383e-01 2.015407122e-01 0.000000000e+00 1.463419730e+00 -2.015407122e-01 9.794801383e-01 0.000000000e+00 1.314181479e+00 0.000000000e+00 0.000000000e+00 1.000000000e+00 0.000000000e+00
9.970755172e-01 7.642259544e-02 0.000000000e+00 1.527168023e+00 -7.642259544e-02 9.970755172e-01 0.000000000e+00 1.833152625e+00 0.000000000e+00 0.000000000e+00 1.000000000e+00 0.000000000e+00
9.987483782e-01 -5.001676842e-02 0.000000000e+00 1.552877034e+00 5.001676842e-02 9.987483782e-01 0.000000000e+00 2.355479214e+00 0.000000000e+00 0.000000000e+00 1.000000000e+00 0.000000000e+00
