1.000000000e+00 0.000000000e+00 0.000000000e+00 0.000000000e+00 0.000000000e+00 1.000000000e+00 0.000000000e+00 0.000000000e+00 0.000000000e+00 0.000000000e+00 1.000000000e+00 0.000000000e+00
9.940671323e-01 -1.087682700e-01 0.000000000e+00 -3.730041530e-02 1.087682700e-01 9.940671323e-01 0.000000000e+00 2.476274978e-01 0.000000000e+00 0.000000000e+00 1.000000000e+00 0.000000000e+00
9.774176699e-01 -2.113165838e-01 0.000000000e+00 -8.964342145e-02 2.113165838e-01 9.774176699e-01 0.000000000e+00 4.913239466e-01 0.000000000e+00 0.000000000e+00 1.000000000e+00 0.000000000e+00
9.505417808e-01 -3.105967208e-01 0.000000000e+00 -1.710321421e-01 3.105967208e-01 9.505417808e-01 0.000000000e+00 7.331557413e-01 0.000000000e+00 0.000000000e+00 1.000000000e+00 0.000000000e+00
9.280289376e-01 -3.725081086e-01 0.000000000e+00 -3.323420271e-01 3.725081086e-01 9.280289376e-01 0.000000000e+00 9.659462056e-01 0.000000000e+00 0.000000000e+00 1.000000000e+00 0.000000000e+00
8.934216746e-01 -4.492190016e-01 0.000000000e+00 -4.535399022e-01 4.492190016e-01 8.934216746e-01 0.000000000e+00 1.186435812e+00 0.000000000e+00 0.000000000e+00 1.000000000e+00 0.000000000e+00
8.503033546e-01 -5.262928891e-01 0.000000000e+00 -5.243751358e-01 5.262928891e-01 8.503033546e-01 0.000000000e+00 1.388840123e+00 0.000000000e+00 0.000000000e+00 1.000000000e+00 0.000000000e+00
8.226982371e-01 -5.684783291e-01 0.000000000e+00 -6.618308814e-01 5.684783291e-01 8.226982371e-01 0.000000000e+00 1.587791183e+00 0.000000000e+00 0.000000000e+00 1.000000000e+00 0.000000000e+00
8.027400320e-01 -5.963291381e-01 0.000000000e+00 -8.049148887e-01 5.963291381e-01 8.027400320e-01 0.000000000e+00 1.780690979e+00 0.000000000e+00 0.000000000e+00 1.000000000e+00 0.000000000e+00
7.883987689e-01 -6.151645155e-01 0.000000000e+00 -9.619067022e-01 6.151645155e-01 7.883987689e-01 0.000000000e+00 1.973012026e+00 0.000000000e+00 0.000000000e+00 1.000000000e+00 0.000000000e+00
7.850252987e-01 -6.194637038e-01 0.000000000e+00 -1.116360671e+00 6.194637038e-01 7.850252987e-01 0.000000000e+00 2.165671038e+00 0.000000000e+00 0.000000000e+00 1.000000000e+00 0.000000000e+00
7.932693802e-01 -6.088708324e-01 0.000000000e+00 -1.257489558e+00 6.088708324e-01 7.932693802e-01 0.000000000e+00 2.361159047e+00 0.000000000e+00 0.000000000e+00 1.000000000e+00 0.000000000e+00
8.104375973e-01 -5.858249747e-01 0.000000000e+00 -1.378911683e+00 5.858249747e-01 8.104375973e-01 0.000000000e+00 2.562413563e+00 0.000000000e+00 0.000000000e+00 1.000000000e+00 0.000000000e+00
8.364673988e-01 -5.480166884e-01 0.000000000e+00 -1.512394483e+00 5.480166884e-01 8.364673988e-01 0.000000000e+00 2.765133621e+00 0.000000000e+00 0.000000000e+00 1.000000000e+00 0.000000000e+00
8.692811559e-01 -4.943179867e-01 0.000000000e+00 -1.642972139e+00 4.943179867e-01 8.692811559e-01 0.000000000e+00 2.964262250e+00 0.000000000e+00 0.000000000e+00 1.000000000e+00 0.000000000e+00
9.026245229e-01 -4.304288218e-01 0.000000000e+00 -1.739002234e+00 4.304288218e-01 9.026245229e-01 0.000000000e+00 3.189887654e+00 0.000000000e+00 0.000000000e+00 1.000000000e+00 0.000000000e+00
9.368510756e-01 -3.497285551e-01 0.000000000e+00 -1.805302957e+00 3.497285551e-01 9.368510756e-01 0.000000000e+00 3.420629763e+00 0.000000000e+00 0.000000000e+00 1.000000000e+00 0.000000000e+00
9.662109154e-01 -2.577527243e-01 0.000000000e+00 -1.854429489e+00 2.577527243e-01 9.662109154e-01 0.000000000e+00 3.662285125e+00 0.000000000e+00 0.000000000e+00 1.000000000e+00 0.000000000e+00
9.855956817e-01 -1.691187521e-01 0.000000000e+00 -1.865752344e+00 1.691187521e-01 9.855956817e-01 0.000000000e+00 3.908986886e+00 0.000000000e+00 0.000000000e+00 1.000000000e+00 0.000000000e+00
9.981083940e-01 -6.147872697e-02 0.000000000e+00 -1.875544791e+00 6.147872697e-02 9.981083940e-01 0.000000000e+00 4.160544820e+00 0.000000000e+00 0.000000000e+00 1.000000000e+00 0.000000000e+00
9.988883173e-01 4.713946838e-02 0.000000000e+00 -1.834406616e+00 -4.713946838e-02 9.988883173e-01 0.000000000e+00 4.400911314e+00 0.000000000e+00 0.000000000e+00 1.000000000e+00 0.000000000e+00
9.881097357e-01 1.537502851e-01 0.000000000e+00 -1.765649406e+00 -1.537502851e-01 9.881097357e-01 0.000000000e+00 4.637448410e+00 0.000000000e+00 0.000000000e+00 1.000000000e+00 0.000000000e+00
9.669304474e-01 2.550402124e-01 0.000000000e+00 -1.670589375e+00 -2.550402124e-01 9.669304474e-01 0.000000000e+00 4.867963365e+00 0.000000000e+00 0.000000000e+00 1.000000000e+00 0.000000000e+00
9.378506900e-01 3.470390226e-01 0.000000000e+00 -1.551760175e+00 -3.470390226e-01 9.378506900e-01 0.000000000e+00 5.089655037e+00 0.000000000e+00 0.000000000e+00 1.000000000e+00 0.000000000e+00
9.038642362e-01 4.278194040e-01 0.000000000e+00 -1.412148348e+00 -4.278194040e-01 9.038642362e-01 0.000000000e+00 5.301557674e+00 0.000000000e+00 0.000000000e+00 1.000000000e+00 0.000000000e+00
8.685315451e-01 4.956338923e-01 0.000000000e+00 -1.254344376e+00 -4.956338923e-01 8.685315451e-01 0.000000000e+00 5.503223553e+00 0.000000000e+00 0.000000000e+00 1.000000000e+00 0.000000000e+00
8.337975696e-01 5.520702972e-01 0.000000000e+00 -1.111673412e+00 -5.520702972e-01 8.337975696e-01 0.000000000e+00 5.687279927e+00 0.000000000e+00 0.000000000e+00 1.000000000e+00 0.000000000e+00
8.003724255e-01 5.995031113e-01 0.000000000e+00 -9.606381002e-01 -5.995031113e-01 8.003724255e-01 0.000000000e+00 5.875562584e+00 0.000000000e+00 0.000000000e+00 1.000000000e+00 0.000000000e+00
7.798754921e-01 6.259346746e-01 0.000000000e+00 -7.670038204e-01 -6.259346746e-01 7.798754921e-01 0.000000000e+00 6.052427867e+00 0.000000000e+00 0.000000000e+00 1.000000000e+00 0.000000000e+00
7.694504400e-01 6.387065214e-01 0.000000000e+00 -5.692122807e-01 -6.387065214e-01 7.694504400e-01 0.000000000e+00 6.224808410e+00 0.000000000e+00 0.000000000e+00 1.000000000e+00 0.000000000e+00
7.700555904e-01 6.379767924e-01 0.000000000e+00 -3.704820390e-01 -6.379767924e-01 7.700555904e-01 0.000000000e+00 6.394965424e+00 0.000000000e+00 0.000000000e+00 1.000000000e+00 0.000000000e+00
7.812352462e-01 6.242367260e-01 0.000000000e+00 -1.740995055e-01 -6.242367260e-01 7.812352462e-01 0.000000000e+00 6.564951171e+00 0.000000000e+00 0.000000000e+00 1.000000000e+00 0.000000000e+00
8.022102434e-01 5.970416446e-01 0.000000000e+00 1.686590132e-02 -5.970416446e-01 8.022102434e-01 0.000000000e+00 6.736876618e+00 0.000000000e+00 0.000000000e+00 1.000000000e+00 0.000000000e+00
8.314564936e-01 5.555898660e-01 0.000000000e+00 1.997830540e-01 -5.555898660e-01 8.314564936e-01 0.000000000e+00 6.913099669e+00 0.000000000e+00 0.000000000e+00 1.000000000e+00 0.000000000e+00
8.669465568e-01 4.984011112e-01 0.000000000e+00 3.445137476e-01 -4.984011112e-01 8.669465568e-01 0.000000000e+00 7.108223031e+00 0.000000000e+00 0.000000000e+00 1.000000000e+00 0.000000000e+00
8.964504037e-01 4.431440778e-01 0.000000000e+00 4.280656734e-01 -4.431440778e-01 8.964504037e-01 0.000000000e+00 7.365755458e+00 0.000000000e+00 0.000000000e+00 1.000000000e+00 0.000000000e+00
9.272764184e-01 3.743774083e-01 0.000000000e+00 5.130898092e-01 -3.743774083e-01 9.272764184e-01 0.000000000e+00 7.577758145e+00 0.000000000e+00 0.000000000e+00 1.000000000e+00 0.000000000e+00
9.594475019e-01 2.818873729e-01 0.000000000e+00 6.280428938e-01 -2.818873729e-01 9.594475019e-01 0.000000000e+00 7.774612965e+00 0.000000000e+00 0.000000000e+00 1.000000000e+00 0.000000000e+00
9.836012851e-01 1.803566241e-01 0.000000000e+00 7.188404173e-01 -1.803566241e-01 9.836012851e-01 0.000000000e+00 7.975130809e+00 0.000000000e+00 0.000000000e+00 1.000000000e+00 0.000000000e+00
9.973236253e-01 7.311351802e-02 0.000000000e+00 7.843850898e-01 -7.311351802e-02 9.973236253e-01 0.000000000e+00 8.174144798e+00 0.000000000e+00 0.000000000e+00 1.000000000e+00 0.000000000e+00
9.993261237e-01 -3.670556569e-02 0.000000000e+00 8.256590694e-01 3.670556569e-02 9.993261237e-01 0.000000000e+00 8.370030192e+00 0.000000000e+00 0.000000000e+00 1.000000000e+00 0.000000000e+00
9.894097153e-01 -1.451496307e-01 0.000000000e+00 8.437072401e-01 1.451496307e-01 9.894097153e-01 0.000000000e+00 8.562838597e+00 0.000000000e+00 0.000000000e+00 1.000000000e+00 0.000000000e+00
9.690818983e-01 -2.467392844e-01 0.000000000e+00 7.880819081e-01 2.467392844e-01 9.690818983e-01 0.000000000e+00 8.806821924e+00 0.000000000e+00 0.000000000e+00 1.000000000e+00 0.000000000e+00
9.379735772e-01 -3.467067472e-01 0.000000000e+00 7.168127136e-01 3.467067472e-01 9.379735772e-01 0.000000000e+00 9.030151810e+00 0.000000000e+00 0.000000000e+00 1.000000000e+00 0.000000000e+00
9.026347352e-01 -4.304074055e-01 0.000000000e+00 6.211754276e-01 4.304074055e-01 9.026347352e-01 0.000000000e+00 9.242970664e+00 0.000000000e+00 0.000000000e+00 1.000000000e+00 0.000000000e+00
8.655365749e-01 -5.008457223e-01 0.000000000e+00 4.986748478e-01 5.008457223e-01 8.655365749e-01 0.000000000e+00 9.445287183e+00 0.000000000e+00 0.000000000e+00 1.000000000e+00 0.000000000e+00
8.282237279e-01 -5.603975879e-01 0.000000000e+00 3.627662976e-01 5.603975879e-01 8.282237279e-01 0.000000000e+00 9.646690443e+00 0.000000000e+00 0.000000000e+00 1.000000000e+00 0.000000000e+00
7.948863495e-01 -6.067583468e-01 0.000000000e+00 2.191594933e-01 6.067583468e-01 7.948863495e-01 0.000000000e+00 9.811727596e+00 0.000000000e+00 0.000000000e+00 1.000000000e+00 0.000000000e+00
7.733134550e-01 -6.340238956e-01 0.000000000e+00 1.322818880e-01 6.340238956e-01 7.733134550e-01 0.000000000e+00 9.947856848e+00 0.000000000e+00 0.000000000e+00 1.000000000e+00 0.000000000e+00
7.600653377e-01 -6.498466607e-01 0.000000000e+00 -2.657822421e-02 6.498466607e-01 7.600653377e-01 0.000000000e+00 1.011640219e+01 0.000000000e+00 0.000000000e+00 1.000000000e+00 0.000000000e+00
7.595204180e-01 -6.504834622e-01 0.000000000e+00 -1.109955885e-01 6.504834622e-01 7.595204180e-01 0.000000000e+00 1.024863451e+01 0.000000000e+00 0.000000000e+00 1.000000000e+00 0.000000000e+00
7.701291541e-01 -6.378879886e-01 0.000000000e+00 -1.894109645e-01 6.378879886e-01 7.701291541e-01 0.000000000e+00 1.038341937e+01 0.000000000e+00 0.000000000e+00 1.000000000e+00 0.000000000e+00
7.907049938e-01 -6.121973643e-01 0.000000000e+00 -2.591935438e-01 6.121973643e-01 7.907049938e-01 0.000000000e+00 1.052318196e+01 0.000000000e+00 0.000000000e+00 1.000000000e+00 0.000000000e+00
8.196635050e-01 -5.728453008e-01 0.000000000e+00 -3.167587354e-01 5.728453008e-01 8.196635050e-01 0.000000000e+00 1.066991650e+01 0.000000000e+00 0.000000000e+00 1.000000000e+00 0.000000000e+00
8.543139226e-01 -5.197573680e-01 0.000000000e+00 -3.605728633e-01 5.197573680e-01 8.543139226e-01 0.000000000e+00 1.082463771e+01 0.000000000e+00 0.000000000e+00 1.000000000e+00 0.000000000e+00
8.917511072e-01 -4.525262013e-01 0.000000000e+00 -3.880230910e-01 4.525262013e-01 8.917511072e-01 0.000000000e+00 1.098778558e+01 0.000000000e+00 0.000000000e+00 1.000000000e+00 0.000000000e+00
9.275583498e-01 -3.736783478e-01 0.000000000e+00 -4.638178862e-01 3.736783478e-01 9.275583498e-01 0.000000000e+00 1.119724243e+01 0.000000000e+00 0.000000000e+00 1.000000000e+00 0.000000000e+00
9.583360642e-01 -2.856431130e-01 0.000000000e+00 -5.055217362e-01 2.856431130e-01 9.583360642e-01 0.000000000e+00 1.143005642e+01 0.000000000e+00 0.000000000e+00 1.000000000e+00 0.000000000e+00
9.826188102e-01 -1.856347864e-01 0.000000000e+00 -4.603259034e-01 1.856347864e-01 9.826188102e-01 0.000000000e+00 1.161218690e+01 0.000000000e+00 0.000000000e+00 1.000000000e+00 0.000000000e+00
9.968436459e-01 -7.938983331e-02 0.000000000e+00 -3.861661405e-01 7.938983331e-02 9.968436459e-01 0.000000000e+00 1.179434739e+01 0.000000000e+00 0.000000000e+00 1.000000000e+00 0.000000000e+00
9.997662627e-01 2.161989561e-02 0.000000000e+00 -3.762467191e-01 -2.161989561e-02 9.997662627e-01 0.000000000e+00 1.202673547e+01 0.000000000e+00 0.000000000e+00 1.000000000e+00 0.000000000e+00
9.917821436e-01 1.279381868e-01 0.000000000e+00 -2.477896106e-01 -1.279381868e-01 9.917821436e-01 0.000000000e+00 1.220356390e+01 0.000000000e+00 0.000000000e+00 1.000000000e+00 0.000000000e+00
9.732799819e-01 2.296215949e-01 0.000000000e+00 -9.524752701e-02 -2.296215949e-01 9.732799819e-01 0.000000000e+00 1.237476669e+01 0.000000000e+00 0.000000000e+00 1.000000000e+00 0.000000000e+00
9.465290721e-01 3.226185297e-01 0.000000000e+00 8.070289865e-02 -3.226185297e-01 9.465290721e-01 0.000000000e+00 1.253677500e+01 0.000000000e+00 0.000000000e+00 1.000000000e+00 0.000000000e+00
9.147777046e-01 4.039576106e-01 0.000000000e+00 2.771847181e-01 -4.039576106e-01 9.147777046e-01 0.000000000e+00 1.268841461e+01 0.000000000e+00 0.000000000e+00 1.000000000e+00 0.000000000e+00
8.810558495e-01 4.730122515e-01 0.000000000e+00 4.914118699e-01 -4.730122515e-01 8.810558495e-01 0.000000000e+00 1.282939980e+01 0.000000000e+00 0.000000000e+00 1.000000000e+00 0.000000000e+00
8.493079788e-01 5.278976767e-01 0.000000000e+00 7.207914921e-01 -5.278976767e-01 8.493079788e-01 0.000000000e+00 1.296066952e+01 0.000000000e+00 0.000000000e+00 1.000000000e+00 0.000000000e+00
8.221085069e-01 5.693308379e-01 0.000000000e+00 9.615722877e-01 -5.693308379e-01 8.221085069e-01 0.000000000e+00 1.308378076e+01 0.000000000e+00 0.000000000e+00 1.000000000e+00 0.000000000e+00
8.029984510e-01 5.959811136e-01 0.000000000e+00 1.211192624e+00 -5.959811136e-01 8.029984510e-01 0.000000000e+00 1.319903410e+01 0.000000000e+00 0.000000000e+00 1.000000000e+00 0.000000000e+00
7.759011499e-01 6.308545043e-01 0.000000000e+00 1.431597063e+00 -6.308545043e-01 7.759011499e-01 0.000000000e+00 1.334856813e+01 0.000000000e+00 0.000000000e+00 1.000000000e+00 0.000000000e+00
7.764473790e-01 6.301820909e-01 0.000000000e+00 1.690870688e+00 -6.301820909e-01 7.764473790e-01 0.000000000e+00 1.344926432e+01 0.000000000e+00 0.000000000e+00 1.000000000e+00 0.000000000e+00
7.877615691e-01 6.159802840e-01 0.000000000e+00 1.946694593e+00 -6.159802840e-01 7.877615691e-01 0.000000000e+00 1.355101894e+01 0.000000000e+00 0.000000000e+00 1.000000000e+00 0.000000000e+00
8.084268472e-01 5.885966638e-01 0.000000000e+00 2.195679911e+00 -5.885966638e-01 8.084268472e-01 0.000000000e+00 1.365640402e+01 0.000000000e+00 0.000000000e+00 1.000000000e+00 0.000000000e+00
8.370083005e-01 5.471901908e-01 0.000000000e+00 2.435042867e+00 -5.471901908e-01 8.370083005e-01 0.000000000e+00 1.376571724e+01 0.000000000e+00 0.000000000e+00 1.000000000e+00 0.000000000e+00
8.707320218e-01 4.917578126e-01 0.000000000e+00 2.661014111e+00 -4.917578126e-01 8.707320218e-01 0.000000000e+00 1.387983473e+01 0.000000000e+00 0.000000000e+00 1.000000000e+00 0.000000000e+00
9.065148795e-01 4.221738662e-01 0.000000000e+00 2.869514344e+00 -4.221738662e-01 9.065148795e-01 0.000000000e+00 1.399968269e+01 0.000000000e+00 0.000000000e+00 1.000000000e+00 0.000000000e+00
9.403174526e-01 3.402985283e-01 0.000000000e+00 3.057843265e+00 -3.402985283e-01 9.403174526e-01 0.000000000e+00 1.412452702e+01 0.000000000e+00 0.000000000e+00 1.000000000e+00 0.000000000e+00
9.691095723e-01 2.466305675e-01 0.000000000e+00 3.224561848e+00 -2.466305675e-01 9.691095723e-01 0.000000000e+00 1.425290053e+01 0.000000000e+00 0.000000000e+00 1.000000000e+00 0.000000000e+00
9.892250526e-01 1.464028530e-01 0.000000000e+00 3.303327227e+00 -1.464028530e-01 9.892250526e-01 0.000000000e+00 1.446508434e+01 0.000000000e+00 0.000000000e+00 1.000000000e+00 0.000000000e+00
9.992686845e-01 3.823736630e-02 0.000000000e+00 3.425667129e+00 -3.823736630e-02 9.992686845e-01 0.000000000e+00 1.459695531e+01 0.000000000e+00 0.000000000e+00 1.000000000e+00 0.000000000e+00
9.974581029e-01 -7.125540652e-02 0.000000000e+00 3.532621530e+00 7.125540652e-02 9.974581029e-01 0.000000000e+00 1.472789309e+01 0.000000000e+00 0.000000000e+00 1.000000000e+00 0.000000000e+00
