1.000000000e+00 0.000000000e+00 0.000000000e+00 0.000000000e+00 0.000000000e+00 1.000000000e+00 0.000000000e+00 0.000000000e+00 0.000000000e+00 0.000000000e+00 1.000000000e+00 0.000000000e+00
9.999999655e-01 -2.627738361e-04 0.000000000e+00 4.722742685e-04 2.627738361e-04 9.999999655e-01 0.000000000e+00 4.604140453e-04 0.000000000e+00 0.000000000e+00 1.000000000e+00 0.000000000e+00
9.999992636e-01 1.213625160e-03 0.000000000e+00 -1.996730433e-03 -1.213625160e-03 9.999992636e-01 0.000000000e+00 8.083015260e-04 0.000000000e+00 0.000000000e+00 1.000000000e+00 0.000000000e+00
9.999993746e-01 -1.118422248e-03 0.000000000e+00 1.500070805e-03 1.118422248e-03 9.999993746e-01 0.000000000e+00 2.279578888e-03 0.000000000e+00 0.000000000e+00 1.000000000e+00 0.000000000e+00
9.999978879e-01 2.055304230e-03 0.000000000e+00 -3.634690890e-03 -2.055304230e-03 9.999978879e-01 0.000000000e+00 1.458536504e-03 0.000000000e+00 0.000000000e+00 1.000000000e+00 0.000000000e+00
9.999986681e-01 -1.632129409e-03 0.000000000e+00 1.852781121e-03 1.632129409e-03 9.999986681e-01 0.000000000e+00 4.581242152e-03 0.000000000e+00 0.000000000e+00 1.000000000e+00 0.000000000e+00
9.999916023e-01 -4.098204834e-03 0.000000000e+00 5.459029906e-03 4.098204834e-03 9.999916023e-01 0.000000000e+00 5.584566461e-03 0.000000000e+00 0.000000000e+00 1.000000000e+00 0.000000000e+00
9.999831292e-01 -5.808725748e-03 0.000000000e+00 7.602171903e-03 5.808725748e-03 9.999831292e-01 0.000000000e+00 9.140540429e-03 0.000000000e+00 0.000000000e+00 1.000000000e+00 0.000000000e+00
9.999889400e-01 -4.703171113e-03 0.000000000e+00 5.707666928e-03 4.703171113e-03 9.999889400e-01 0.000000000e+00 1.117849165e-02 0.000000000e+00 0.000000000e+00 1.000000000e+00 0.000000000e+00
9.999945261e-01 -3.308731178e-03 0.000000000e+00 3.110615371e-03 3.308731178e-03 9.999945261e-01 0.000000000e+00 1.327237501e-02 0.000000000e+00 0.000000000e+00 1.000000000e+00 0.000000000e+00
9.999884792e-01 -4.800157171e-03 0.000000000e+00 5.302353359e-03 4.800157171e-03 9.999884792e-01 0.000000000e+00 1.476195819e-02 0.000000000e+00 0.000000000e+00 1.000000000e+00 0.000000000e+00
9.999874255e-01 -5.014864331e-03 0.000000000e+00 6.280282277e-03 5.014864331e-03 9.999874255e-01 0.000000000e+00 1.710165367e-02 0.000000000e+00 0.000000000e+00 1.000000000e+00 0.000000000e+00
9.999961821e-01 -2.763276826e-03 0.000000000e+00 2.580190610e-03 2.763276826e-03 9.999961821e-01 0.000000000e+00 1.868797114e-02 0.000000000e+00 0.000000000e+00 1.000000000e+00 0.000000000e+00
9.999990689e-01 -1.364592825e-03 0.000000000e+00 -1.707384419e-04 1.364592825e-03 9.999990689e-01 0.000000000e+00 2.175412015e-02 0.000000000e+00 0.000000000e+00 1.000000000e+00 0.000000000e+00
9.999898224e-01 -4.511671466e-03 0.000000000e+00 4.597897884e-03 4.511671466e-03 9.999898224e-01 0.000000000e+00 2.474754776e-02 0.000000000e+00 0.000000000e+00 1.000000000e+00 0.000000000e+00
9.999558483e-01 -9.396879865e-03 0.000000000e+00 1.044400683e-02 9.396879865e-03 9.999558483e-01 0.000000000e+00 2.632431843e-02 0.000000000e+00 0.000000000e+00 1.000000000e+00 0.000000000e+00
9.999425326e-01 -1.072061096e-02 0.000000000e+00 1.092147365e-02 1.072061096e-02 9.999425326e-01 0.000000000e+00 2.825303149e-02 0.000000000e+00 0.000000000e+00 1.000000000e+00 0.000000000e+00
9.999118002e-01 -1.328126115e-02 0.000000000e+00 1.399427766e-02 1.328126115e-02 9.999118002e-01 0.000000000e+00 3.075299062e-02 0.000000000e+00 0.000000000e+00 1.000000000e+00 0.000000000e+00
9.998495046e-01 -1.734843344e-02 0.000000000e+00 2.023303579e-02 1.734843344e-02 9.998495046e-01 0.000000000e+00 3.182489037e-02 0.000000000e+00 0.000000000e+00 1.000000000e+00 0.000000000e+00
9.998940399e-01 -1.455709343e-02 0.000000000e+00 1.583317328e-02 1.455709343e-02 9.998940399e-01 0.000000000e+00 3.423496367e-02 0.000000000e+00 0.000000000e+00 1.000000000e+00 0.000000000e+00
9.998542363e-01 -1.707354940e-02 0.000000000e+00 2.009322194e-02 1.707354940e-02 9.998542363e-01 0.000000000e+00 3.679245581e-02 0.000000000e+00 0.000000000e+00 1.000000000e+00 0.000000000e+00
9.998421411e-01 -1.776774773e-02 0.000000000e+00 2.196358780e-02 1.776774773e-02 9.998421411e-01 0.000000000e+00 3.761247242e-02 0.000000000e+00 0.000000000e+00 1.000000000e+00 0.000000000e+00
9.998521990e-01 -1.719244336e-02 0.000000000e+00 2.105386195e-02 1.719244336e-02 9.998521990e-01 0.000000000e+00 3.976693854e-02 0.000000000e+00 0.000000000e+00 1.000000000e+00 0.000000000e+00
9.998517365e-01 -1.721932279e-02 0.000000000e+00 2.026631174e-02 1.721932279e-02 9.998517365e-01 0.000000000e+00 4.241721892e-02 0.000000000e+00 0.000000000e+00 1.000000000e+00 0.000000000e+00
9.998631133e-01 -1.654553184e-02 0.000000000e+00 1.958602829e-02 1.654553184e-02 9.998631133e-01 0.000000000e+00 4.425915667e-02 0.000000000e+00 0.000000000e+00 1.000000000e+00 0.000000000e+00
9.998405752e-01 -1.785564942e-02 0.000000000e+00 2.116170001e-02 1.785564942e-02 9.998405752e-01 0.000000000e+00 4.747621776e-02 0.000000000e+00 0.000000000e+00 1.000000000e+00 0.000000000e+00
9.997972191e-01 -2.013754618e-02 0.000000000e+00 2.435796054e-02 2.013754618e-02 9.997972191e-01 0.000000000e+00 4.919195060e-02 0.000000000e+00 0.000000000e+00 1.000000000e+00 0.000000000e+00
9.997974918e-01 -2.012400223e-02 0.000000000e+00 2.516380643e-02 2.012400223e-02 9.997974918e-01 0.000000000e+00 5.197505872e-02 0.000000000e+00 0.000000000e+00 1.000000000e+00 0.000000000e+00
9.997714179e-01 -2.138017448e-02 0.000000000e+00 2.743876545e-02 2.138017448e-02 9.997714179e-01 0.000000000e+00 5.402687971e-02 0.000000000e+00 0.000000000e+00 1.000000000e+00 0.000000000e+00
9.997891118e-01 -2.053611514e-02 0.000000000e+00 2.523689211e-02 2.053611514e-02 9.997891118e-01 0.000000000e+00 5.601547650e-02 0.000000000e+00 0.000000000e+00 1.000000000e+00 0.000000000e+00
9.997626535e-01 -2.178615836e-02 0.000000000e+00 2.759063686e-02 2.178615836e-02 9.997626535e-01 0.000000000e+00 5.736457775e-02 0.000000000e+00 0.000000000e+00 1.000000000e+00 0.000000000e+00
9.996580851e-01 -2.614790498e-02 0.000000000e+00 3.456752514e-02 2.614790498e-02 9.996580851e-01 0.000000000e+00 5.727866481e-02 0.000000000e+00 0.000000000e+00 1.000000000e+00 0.000000000e+00
9.995795617e-01 -2.899482531e-02 0.000000000e+00 3.919476037e-02 2.899482531e-02 9.995795617e-01 0.000000000e+00 5.934594503e-02 0.000000000e+00 0.000000000e+00 1.000000000e+00 0.000000000e+00
9.996327711e-01 -2.709839455e-02 0.000000000e+00 3.560683233e-02 2.709839455e-02 9.996327711e-01 0.000000000e+00 6.128259389e-02 0.000000000e+00 0.000000000e+00 1.000000000e+00 0.000000000e+00
9.996451142e-01 -2.663917437e-02 0.000000000e+00 3.491871681e-02 2.663917437e-02 9.996451142e-01 0.000000000e+00 6.355444344e-02 0.000000000e+00 0.000000000e+00 1.000000000e+00 0.000000000e+00
9.996118923e-01 -2.785793860e-02 0.000000000e+00 3.731298222e-02 2.785793860e-02 9.996118923e-01 0.000000000e+00 6.584475831e-02 0.000000000e+00 0.000000000e+00 1.000000000e+00 0.000000000e+00
9.995956041e-01 -2.843638970e-02 0.000000000e+00 3.793665065e-02 2.843638970e-02 9.995956041e-01 0.000000000e+00 6.760160253e-02 0.000000000e+00 0.000000000e+00 1.000000000e+00 0.000000000e+00
9.995427399e-01 -3.023757853e-02 0.000000000e+00 4.017701476e-02 3.023757853e-02 9.995427399e-01 0.000000000e+00 7.091003220e-02 0.000000000e+00 0.000000000e+00 1.000000000e+00 0.000000000e+00
9.995712682e-01 -2.927934186e-02 0.000000000e+00 3.931202056e-02 2.927934186e-02 9.995712682e-01 0.000000000e+00 7.341752163e-02 0.000000000e+00 0.000000000e+00 1.000000000e+00 0.000000000e+00
9.996944793e-01 -2.471736368e-02 0.000000000e+00 3.260534896e-02 2.471736368e-02 9.996944793e-01 0.000000000e+00 7.568859037e-02 0.000000000e+00 0.000000000e+00 1.000000000e+00 0.000000000e+00
9.995871794e-01 -2.873100784e-02 0.000000000e+00 3.881499280e-02 2.873100784e-02 9.995871794e-01 0.000000000e+00 7.779852887e-02 0.000000000e+00 0.000000000e+00 1.000000000e+00 0.000000000e+00
9.996451120e-01 -2.663925661e-02 0.000000000e+00 3.625165532e-02 2.663925661e-02 9.996451120e-01 0.000000000e+00 7.912196151e-02 0.000000000e+00 0.000000000e+00 1.000000000e+00 0.000000000e+00
9.996613033e-01 -2.602457851e-02 0.000000000e+00 3.480849811e-02 2.602457851e-02 9.996613033e-01 0.000000000e+00 8.207420379e-02 0.000000000e+00 0.000000000e+00 1.000000000e+00 0.000000000e+00
9.997436103e-01 -2.264317991e-02 0.000000000e+00 3.062154060e-02 2.264317991e-02 9.997436103e-01 0.000000000e+00 8.274431201e-02 0.000000000e+00 0.000000000e+00 1.000000000e+00 0.000000000e+00
9.996889035e-01 -2.494185591e-02 0.000000000e+00 3.259585593e-02 2.494185591e-02 9.996889035e-01 0.000000000e+00 8.524583363e-02 0.000000000e+00 0.000000000e+00 1.000000000e+00 0.000000000e+00
9.997189431e-01 -2.370727353e-02 0.000000000e+00 3.061833345e-02 2.370727353e-02 9.997189431e-01 0.000000000e+00 8.659938775e-02 0.000000000e+00 0.000000000e+00 1.000000000e+00 0.000000000e+00
9.995986100e-01 -2.833052752e-02 0.000000000e+00 3.689823663e-02 2.833052752e-02 9.995986100e-01 0.000000000e+00 8.806904200e-02 0.000000000e+00 0.000000000e+00 1.000000000e+00 0.000000000e+00
9.995777857e-01 -2.905598518e-02 0.000000000e+00 3.653856694e-02 2.905598518e-02 9.995777857e-01 0.000000000e+00 8.996132412e-02 0.000000000e+00 0.000000000e+00 1.000000000e+00 0.000000000e+00
9.996716865e-01 -2.562262954e-02 0.000000000e+00 3.160356841e-02 2.562262954e-02 9.996716865e-01 0.000000000e+00 9.165687139e-02 0.000000000e+00 0.000000000e+00 1.000000000e+00 0.000000000e+00
9.996031990e-01 -2.816814659e-02 0.000000000e+00 3.543921158e-02 2.816814659e-02 9.996031990e-01 0.000000000e+00 9.459818834e-02 0.000000000e+00 0.000000000e+00 1.000000000e+00 0.000000000e+00
9.997176169e-01 -2.376313139e-02 0.000000000e+00 2.831303109e-02 2.376313139e-02 9.997176169e-01 0.000000000e+00 9.573232353e-02 0.000000000e+00 0.000000000e+00 1.000000000e+00 0.000000000e+00
9.996344762e-01 -2.703541927e-02 0.000000000e+00 3.297562928e-02 2.703541927e-02 9.996344762e-01 0.000000000e+00 9.802898144e-02 0.000000000e+00 0.000000000e+00 1.000000000e+00 0.000000000e+00
9.996863569e-01 -2.504371667e-02 0.000000000e+00 2.970478917e-02 2.504371667e-02 9.996863569e-01 0.000000000e+00 9.884715216e-02 0.000000000e+00 0.000000000e+00 1.000000000e+00 0.000000000e+00
9.995508386e-01 -2.996866676e-02 0.000000000e+00 3.778332877e-02 2.996866676e-02 9.995508386e-01 0.000000000e+00 1.003177835e-01 0.000000000e+00 0.000000000e+00 1.000000000e+00 0.000000000e+00
9.995712549e-01 -2.927979512e-02 0.000000000e+00 3.600522239e-02 2.927979512e-02 9.995712549e-01 0.000000000e+00 1.027645228e-01 0.000000000e+00 0.000000000e+00 1.000000000e+00 0.000000000e+00
9.995576345e-01 -2.974113742e-02 0.000000000e+00 3.596347126e-02 2.974113742e-02 9.995576345e-01 0.000000000e+00 1.056243689e-01 0.000000000e+00 0.000000000e+00 1.000000000e+00 0.000000000e+00
9.994682307e-01 -3.260760223e-02 0.000000000e+00 3.882768651e-02 3.260760223e-02 9.994682307e-01 0.000000000e+00 1.079808856e-01 0.000000000e+00 0.000000000e+00 1.000000000e+00 0.000000000e+00
9.994327763e-01 -3.367678275e-02 0.000000000e+00 3.985136421e-02 3.367678275e-02 9.994327763e-01 0.000000000e+00 1.085331361e-01 0.000000000e+00 0.000000000e+00 1.000000000e+00 0.000000000e+00
9.993100420e-01 -3.714081382e-02 0.000000000e+00 4.305865686e-02 3.714081382e-02 9.993100420e-01 0.000000000e+00 1.104599675e-01 0.000000000e+00 0.000000000e+00 1.000000000e+00 0.000000000e+00
9.992920769e-01 -3.762107238e-02 0.000000000e+00 4.461920177e-02 3.762107238e-02 9.992920769e-01 0.000000000e+00 1.125949229e-01 0.000000000e+00 0.000000000e+00 1.000000000e+00 0.000000000e+00
9.992736077e-01 -3.810848998e-02 0.000000000e+00 4.587811865e-02 3.810848998e-02 9.992736077e-01 0.000000000e+00 1.149142796e-01 0.000000000e+00 0.000000000e+00 1.000000000e+00 0.000000000e+00
9.993047704e-01 -3.728238014e-02 0.000000000e+00 4.454576673e-02 3.728238014e-02 9.993047704e-01 0.000000000e+00 1.166285245e-01 0.000000000e+00 0.000000000e+00 1.000000000e+00 0.000000000e+00
9.994031615e-01 -3.454447656e-02 0.000000000e+00 3.946411424e-02 3.454447656e-02 9.994031615e-01 0.000000000e+00 1.184240590e-01 0.000000000e+00 0.000000000e+00 1.000000000e+00 0.000000000e+00
9.994336430e-01 -3.365105014e-02 0.000000000e+00 3.851265841e-02 3.365105014e-02 9.994336430e-01 0.000000000e+00 1.208285728e-01 0.000000000e+00 0.000000000e+00 1.000000000e+00 0.000000000e+00
9.994446125e-01 -3.332366371e-02 0.000000000e+00 3.840233322e-02 3.332366371e-02 9.994446125e-01 0.000000000e+00 1.218302089e-01 0.000000000e+00 0.000000000e+00 1.000000000e+00 0.000000000e+00
9.993868471e-01 -3.501328008e-02 0.000000000e+00 4.033916463e-02 3.501328008e-02 9.993868471e-01 0.000000000e+00 1.230234759e-01 0.000000000e+00 0.000000000e+00 1.000000000e+00 0.000000000e+00
9.995129698e-01 -3.120613982e-02 0.000000000e+00 3.319447375e-02 3.120613982e-02 9.995129698e-01 0.000000000e+00 1.246708689e-01 0.000000000e+00 0.000000000e+00 1.000000000e+00 0.000000000e+00
9.995317359e-01 -3.059916399e-02 0.000000000e+00 3.022802783e-02 3.059916399e-02 9.995317359e-01 0.000000000e+00 1.261606199e-01 0.000000000e+00 0.000000000e+00 1.000000000e+00 0.000000000e+00
9.995315163e-01 -3.060633835e-02 0.000000000e+00 2.883604554e-02 3.060633835e-02 9.995315163e-01 0.000000000e+00 1.289167737e-01 0.000000000e+00 0.000000000e+00 1.000000000e+00 0.000000000e+00
9.994913948e-01 -3.188968090e-02 0.000000000e+00 2.917479453e-02 3.188968090e-02 9.994913948e-01 0.000000000e+00 1.299362164e-01 0.000000000e+00 0.000000000e+00 1.000000000e+00 0.000000000e+00
9.994560407e-01 -3.297912387e-02 0.000000000e+00 3.145569096e-02 3.297912387e-02 9.994560407e-01 0.000000000e+00 1.324516959e-01 0.000000000e+00 0.000000000e+00 1.000000000e+00 0.000000000e+00
9.993257458e-01 -3.671585189e-02 0.000000000e+00 3.574325263e-02 3.671585189e-02 9.993257458e-01 0.000000000e+00 1.339633800e-01 0.000000000e+00 0.000000000e+00 1.000000000e+00 0.000000000e+00
9.993188804e-01 -3.690223887e-02 0.000000000e+00 3.626045886e-02 3.690223887e-02 9.993188804e-01 0.000000000e+00 1.362817265e-01 0.000000000e+00 0.000000000e+00 1.000000000e+00 0.000000000e+00
9.993072063e-01 -3.721703175e-02 0.000000000e+00 3.529408298e-02 3.721703175e-02 9.993072063e-01 0.000000000e+00 1.373366392e-01 0.000000000e+00 0.000000000e+00 1.000000000e+00 0.000000000e+00
9.993154099e-01 -3.699610151e-02 0.000000000e+00 3.374055118e-02 3.699610151e-02 9.993154099e-01 0.000000000e+00 1.375645987e-01 0.000000000e+00 0.000000000e+00 1.000000000e+00 0.000000000e+00
9.994037405e-01 -3.452771910e-02 0.000000000e+00 2.919366370e-02 3.452771910e-02 9.994037405e-01 0.000000000e+00 1.398409258e-01 0.000000000e+00 0.000000000e+00 1.000000000e+00 0.000000000e+00
9.994511420e-01 -3.312725100e-02 0.000000000e+00 2.601908669e-02 3.312725100e-02 9.994511420e-01 0.000000000e+00 1.405507728e-01 0.000000000e+00 0.000000000e+00 1.000000000e+00 0.000000000e+00
9.995172392e-01 -3.106909211e-02 0.000000000e+00 2.167802249e-02 3.106909211e-02 9.995172392e-01 0.000000000e+00 1.415500035e-01 0.000000000e+00 0.000000000e+00 1.000000000e+00 0.000000000e+00
9.995028742e-01 -3.152783599e-02 0.000000000e+00 2.208294608e-02 3.152783599e-02 9.995028742e-01 0.000000000e+00 1.431011529e-01 0.000000000e+00 0.000000000e+00 1.000000000e+00 0.000000000e+00
9.994127518e-01 -3.426589539e-02 0.000000000e+00 2.511259239e-02 3.426589539e-02 9.994127518e-01 0.000000000e+00 1.448992790e-01 0.000000000e+00 0.000000000e+00 1.000000000e+00 0.000000000e+00
9.995089720e-01 -3.133392710e-02 0.000000000e+00 1.928804107e-02 3.133392710e-02 9.995089720e-01 0.000000000e+00 1.464549330e-01 0.000000000e+00 0.000000000e+00 1.000000000e+00 0.000000000e+00
9.994045343e-01 -3.450473549e-02 0.000000000e+00 2.232793451e-02 3.450473549e-02 9.994045343e-01 0.000000000e+00 1.487259997e-01 0.000000000e+00 0.000000000e+00 1.000000000e+00 0.000000000e+00
9.994478298e-01 -3.322702989e-02 0.000000000e+00 2.002382545e-02 3.322702989e-02 9.994478298e-01 0.000000000e+00 1.488053221e-01 0.000000000e+00 0.000000000e+00 1.000000000e+00 0.000000000e+00
9.994950147e-01 -3.177602176e-02 0.000000000e+00 1.840248963e-02 3.177602176e-02 9.994950147e-01 0.000000000e+00 1.502982931e-01 0.000000000e+00 0.000000000e+00 1.000000000e+00 0.000000000e+00
9.995666189e-01 -2.943763594e-02 0.000000000e+00 1.469350223e-02 2.943763594e-02 9.995666189e-01 0.000000000e+00 1.525101203e-01 0.000000000e+00 0.000000000e+00 1.000000000e+00 0.000000000e+00
9.996282811e-01 -2.726352102e-02 0.000000000e+00 1.250009484e-02 2.726352102e-02 9.996282811e-01 0.000000000e+00 1.528265314e-01 0.000000000e+00 0.000000000e+00 1.000000000e+00 0.000000000e+00
9.995118191e-01 -3.124297542e-02 0.000000000e+00 1.777343861e-02 3.124297542e-02 9.995118191e-01 0.000000000e+00 1.540945883e-01 0.000000000e+00 0.000000000e+00 1.000000000e+00 0.000000000e+00
9.996589268e-01 -2.611570706e-02 0.000000000e+00 1.054179698e-02 2.611570706e-02 9.996589268e-01 0.000000000e+00 1.545068707e-01 0.000000000e+00 0.000000000e+00 1.000000000e+00 0.000000000e+00
9.996907253e-01 -2.486872868e-02 0.000000000e+00 9.000934411e-03 2.486872868e-02 9.996907253e-01 0.000000000e+00 1.575137513e-01 0.000000000e+00 0.000000000e+00 1.000000000e+00 0.000000000e+00
9.996677648e-01 -2.577518117e-02 0.000000000e+00 1.062970786e-02 2.577518117e-02 9.996677648e-01 0.000000000e+00 1.598845611e-01 0.000000000e+00 0.000000000e+00 1.000000000e+00 0.000000000e+00
9.997236415e-01 -2.350831151e-02 0.000000000e+00 6.628276739e-03 2.350831151e-02 9.997236415e-01 0.000000000e+00 1.597434324e-01 0.000000000e+00 0.000000000e+00 1.000000000e+00 0.000000000e+00
9.996441625e-01 -2.667486564e-02 0.000000000e+00 1.001300112e-02 2.667486564e-02 9.996441625e-01 0.000000000e+00 1.624731962e-01 0.000000000e+00 0.000000000e+00 1.000000000e+00 0.000000000e+00
9.996742890e-01 -2.552089128e-02 0.000000000e+00 7.678674736e-03 2.552089128e-02 9.996742890e-01 0.000000000e+00 1.641171608e-01 0.000000000e+00 0.000000000e+00 1.000000000e+00 0.000000000e+00
9.996701191e-01 -2.568370964e-02 0.000000000e+00 8.678541920e-03 2.568370964e-02 9.996701191e-01 0.000000000e+00 1.659603971e-01 0.000000000e+00 0.000000000e+00 1.000000000e+00 0.000000000e+00
9.998332175e-01 -1.826300263e-02 0.000000000e+00 -1.482265621e-03 1.826300263e-02 9.998332175e-01 0.000000000e+00 1.677071890e-01 0.000000000e+00 0.000000000e+00 1.000000000e+00 0.000000000e+00
9.998621242e-01 -1.660519733e-02 0.000000000e+00 -2.740297504e-03 1.660519733e-02 9.998621242e-01 0.000000000e+00 1.695664334e-01 0.000000000e+00 0.000000000e+00 1.000000000e+00 0.000000000e+00
9.999092126e-01 -1.347466547e-02 0.000000000e+00 -7.526746821e-03 1.347466547e-02 9.999092126e-01 0.000000000e+00 1.714275563e-01 0.000000000e+00 0.000000000e+00 1.000000000e+00 0.000000000e+00
9.999621617e-01 -8.699150785e-03 0.000000000e+00 -1.443315623e-02 8.699150785e-03 9.999621617e-01 0.000000000e+00 1.732851732e-01 0.000000000e+00 0.000000000e+00 1.000000000e+00 0.000000000e+00
9.999960358e-01 -2.815722855e-03 0.000000000e+00 -2.351467148e-02 2.815722855e-03 9.999960358e-01 0.000000000e+00 1.749496652e-01 0.000000000e+00 0.000000000e+00 1.000000000e+00 0.000000000e+00
9.999958322e-01 -2.887127265e-03 0.000000000e+00 -2.374333058e-02 2.887127265e-03 9.999958322e-01 0.000000000e+00 1.767316404e-01 0.000000000e+00 0.000000000e+00 1.000000000e+00 0.000000000e+00
9.999990961e-01 -1.344535856e-03 0.000000000e+00 -2.650315418e-02 1.344535856e-03 9.999990961e-01 0.000000000e+00 1.780766367e-01 0.000000000e+00 0.000000000e+00 1.000000000e+00 0.000000000e+00
9.999962660e-01 2.732752461e-03 0.000000000e+00 -3.282929129e-02 -2.732752461e-03 9.999962660e-01 0.000000000e+00 1.781509277e-01 0.000000000e+00 0.000000000e+00 1.000000000e+00 0.000000000e+00
9.999754727e-01 7.003855297e-03 0.000000000e+00 -3.969961896e-02 -7.003855297e-03 9.999754727e-01 0.000000000e+00 1.797571530e-01 0.000000000e+00 0.000000000e+00 1.000000000e+00 0.000000000e+00
9.999505269e-01 9.947043427e-03 0.000000000e+00 -4.174561849e-02 -9.947043427e-03 9.999505269e-01 0.000000000e+00 1.803252596e-01 0.000000000e+00 0.000000000e+00 1.000000000e+00 0.000000000e+00
9.999254142e-01 1.221335699e-02 0.000000000e+00 -4.549292860e-02 -1.221335699e-02 9.999254142e-01 0.000000000e+00 1.808696133e-01 0.000000000e+00 0.000000000e+00 1.000000000e+00 0.000000000e+00
9.998895275e-01 1.486380719e-02 0.000000000e+00 -4.918147415e-02 -1.486380719e-02 9.998895275e-01 0.000000000e+00 1.823606544e-01 0.000000000e+00 0.000000000e+00 1.000000000e+00 0.000000000e+00
9.998604301e-01 1.670689623e-02 0.000000000e+00 -5.283911312e-02 -1.670689623e-02 9.998604301e-01 0.000000000e+00 1.854439155e-01 0.000000000e+00 0.000000000e+00 1.000000000e+00 0.000000000e+00
9.998558141e-01 1.698090104e-02 0.000000000e+00 -5.177574566e-02 -1.698090104e-02 9.998558141e-01 0.000000000e+00 1.882017522e-01 0.000000000e+00 0.000000000e+00 1.000000000e+00 0.000000000e+00
9.996695184e-01 2.570708007e-02 0.000000000e+00 -6.219310574e-02 -2.570708007e-02 9.996695184e-01 0.000000000e+00 1.907270054e-01 0.000000000e+00 0.000000000e+00 1.000000000e+00 0.000000000e+00
9.998899321e-01 1.483656502e-02 0.000000000e+00 -4.594271762e-02 -1.483656502e-02 9.998899321e-01 0.000000000e+00 1.935400322e-01 0.000000000e+00 0.000000000e+00 1.000000000e+00 0.000000000e+00
9.997702555e-01 2.143446207e-02 0.000000000e+00 -5.631428012e-02 -2.143446207e-02 9.997702555e-01 0.000000000e+00 1.954704676e-01 0.000000000e+00 0.000000000e+00 1.000000000e+00 0.000000000e+00
9.996783973e-01 2.535945596e-02 0.000000000e+00 -6.101319208e-02 -2.535945596e-02 9.996783973e-01 0.000000000e+00 1.975848406e-01 0.000000000e+00 0.000000000e+00 1.000000000e+00 0.000000000e+00
9.996383730e-01 2.689095216e-02 0.000000000e+00 -6.320951299e-02 -2.689095216e-02 9.996383730e-01 0.000000000e+00 1.988871020e-01 0.000000000e+00 0.000000000e+00 1.000000000e+00 0.000000000e+00
9.997953802e-01 2.022863508e-02 0.000000000e+00 -5.502037951e-02 -2.022863508e-02 9.997953802e-01 0.000000000e+00 2.014683383e-01 0.000000000e+00 0.000000000e+00 1.000000000e+00 0.000000000e+00
9.997963330e-01 2.018148957e-02 0.000000000e+00 -5.368515918e-02 -2.018148957e-02 9.997963330e-01 0.000000000e+00 2.027449381e-01 0.000000000e+00 0.000000000e+00 1.000000000e+00 0.000000000e+00
9.997743654e-01 2.124189983e-02 0.000000000e+00 -5.535991655e-02 -2.124189983e-02 9.997743654e-01 0.000000000e+00 2.048953204e-01 0.000000000e+00 0.000000000e+00 1.000000000e+00 0.000000000e+00
9.998104487e-01 1.946963707e-02 0.000000000e+00 -5.764025367e-02 -1.946963707e-02 9.998104487e-01 0.000000000e+00 2.074012941e-01 0.000000000e+00 0.000000000e+00 1.000000000e+00 0.000000000e+00
9.997712073e-01 2.139002409e-02 0.000000000e+00 -5.924855115e-02 -2.139002409e-02 9.997712073e-01 0.000000000e+00 2.084695620e-01 0.000000000e+00 0.000000000e+00 1.000000000e+00 0.000000000e+00
9.999506425e-01 9.935416402e-03 0.000000000e+00 -4.625476456e-02 -9.935416402e-03 9.999506425e-01 0.000000000e+00 2.089186660e-01 0.000000000e+00 0.000000000e+00 1.000000000e+00 0.000000000e+00
9.999798168e-01 6.353430302e-03 0.000000000e+00 -4.241138565e-02 -6.353430302e-03 9.999798168e-01 0.000000000e+00 2.102811496e-01 0.000000000e+00 0.000000000e+00 1.000000000e+00 0.000000000e+00
9.999927774e-01 3.800685089e-03 0.000000000e+00 -3.968995914e-02 -3.800685089e-03 9.999927774e-01 0.000000000e+00 2.124067909e-01 0.000000000e+00 0.000000000e+00 1.000000000e+00 0.000000000e+00
9.999965121e-01 2.641180022e-03 0.000000000e+00 -3.857886223e-02 -2.641180022e-03 9.999965121e-01 0.000000000e+00 2.136968291e-01 0.000000000e+00 0.000000000e+00 1.000000000e+00 0.000000000e+00
9.999856676e-01 5.353925876e-03 0.000000000e+00 -4.109894173e-02 -5.353925876e-03 9.999856676e-01 0.000000000e+00 2.139873013e-01 0.000000000e+00 0.000000000e+00 1.000000000e+00 0.000000000e+00
9.999925977e-01 3.847659272e-03 0.000000000e+00 -3.875838532e-02 -3.847659272e-03 9.999925977e-01 0.000000000e+00 2.150144142e-01 0.000000000e+00 0.000000000e+00 1.000000000e+00 0.000000000e+00
9.999997485e-01 7.092017722e-04 0.000000000e+00 -3.362281269e-02 -7.092017722e-04 9.999997485e-01 0.000000000e+00 2.162508220e-01 0.000000000e+00 0.000000000e+00 1.000000000e+00 0.000000000e+00
9.999873316e-01 5.033550020e-03 0.000000000e+00 -3.968759357e-02 -5.033550020e-03 9.999873316e-01 0.000000000e+00 2.163033592e-01 0.000000000e+00 0.000000000e+00 1.000000000e+00 0.000000000e+00
9.999731273e-01 7.331075889e-03 0.000000000e+00 -4.304455554e-02 -7.331075889e-03 9.999731273e-01 0.000000000e+00 2.167848058e-01 0.000000000e+00 0.000000000e+00 1.000000000e+00 0.000000000e+00
9.999814378e-01 6.092957094e-03 0.000000000e+00 -4.280884201e-02 -6.092957094e-03 9.999814378e-01 0.000000000e+00 2.169892145e-01 0.000000000e+00 0.000000000e+00 1.000000000e+00 0.000000000e+00
9.999724221e-01 7.426645018e-03 0.000000000e+00 -4.420241603e-02 -7.426645018e-03 9.999724221e-01 0.000000000e+00 2.186257995e-01 0.000000000e+00 0.000000000e+00 1.000000000e+00 0.000000000e+00
9.999652075e-01 8.341691943e-03 0.000000000e+00 -4.557483189e-02 -8.341691943e-03 9.999652075e-01 0.000000000e+00 2.201244669e-01 0.000000000e+00 0.000000000e+00 1.000000000e+00 0.000000000e+00
9.999858747e-01 5.315107658e-03 0.000000000e+00 -4.110474423e-02 -5.315107658e-03 9.999858747e-01 0.000000000e+00 2.223843626e-01 0.000000000e+00 0.000000000e+00 1.000000000e+00 0.000000000e+00
9.999640247e-01 8.482296451e-03 0.000000000e+00 -4.492735362e-02 -8.482296451e-03 9.999640247e-01 0.000000000e+00 2.241207800e-01 0.000000000e+00 0.000000000e+00 1.000000000e+00 0.000000000e+00
9.999563258e-01 9.345932412e-03 0.000000000e+00 -4.699674952e-02 -9.345932412e-03 9.999563258e-01 0.000000000e+00 2.263310672e-01 0.000000000e+00 0.000000000e+00 1.000000000e+00 0.000000000e+00
9.999519353e-01 9.804443921e-03 0.000000000e+00 -4.898029025e-02 -9.804443921e-03 9.999519353e-01 0.000000000e+00 2.264558673e-01 0.000000000e+00 0.000000000e+00 1.000000000e+00 0.000000000e+00
9.999985469e-01 1.704786600e-03 0.000000000e+00 -3.621096448e-02 -1.704786600e-03 9.999985469e-01 0.000000000e+00 2.268238243e-01 0.000000000e+00 0.000000000e+00 1.000000000e+00 0.000000000e+00
9.999994335e-01 1.064382130e-03 0.000000000e+00 -3.588864452e-02 -1.064382130e-03 9.999994335e-01 0.000000000e+00 2.284665496e-01 0.000000000e+00 0.000000000e+00 1.000000000e+00 0.000000000e+00
9.999835772e-01 5.731090724e-03 0.000000000e+00 -4.211795738e-02 -5.731090724e-03 9.999835772e-01 0.000000000e+00 2.312981051e-01 0.000000000e+00 0.000000000e+00 1.000000000e+00 0.000000000e+00
9.999867318e-01 5.151332551e-03 0.000000000e+00 -4.257741720e-02 -5.151332551e-03 9.999867318e-01 0.000000000e+00 2.325357554e-01 0.000000000e+00 0.000000000e+00 1.000000000e+00 0.000000000e+00
9.999894973e-01 4.583150718e-03 0.000000000e+00 -4.216820923e-02 -4.583150718e-03 9.999894973e-01 0.000000000e+00 2.339034925e-01 0.000000000e+00 0.000000000e+00 1.000000000e+00 0.000000000e+00
9.999943673e-01 3.356399191e-03 0.000000000e+00 -3.934541207e-02 -3.356399191e-03 9.999943673e-01 0.000000000e+00 2.355085980e-01 0.000000000e+00 0.000000000e+00 1.000000000e+00 0.000000000e+00
9.999897569e-01 4.526158876e-03 0.000000000e+00 -4.291565066e-02 -4.526158876e-03 9.999897569e-01 0.000000000e+00 2.372559597e-01 0.000000000e+00 0.000000000e+00 1.000000000e+00 0.000000000e+00
9.999985462e-01 1.705188774e-03 0.000000000e+00 -3.918004383e-02 -1.705188774e-03 9.999985462e-01 0.000000000e+00 2.392145017e-01 0.000000000e+00 0.000000000e+00 1.000000000e+00 0.000000000e+00
9.999992283e-01 -1.242328388e-03 0.000000000e+00 -3.500019282e-02 1.242328388e-03 9.999992283e-01 0.000000000e+00 2.408003453e-01 0.000000000e+00 0.000000000e+00 1.000000000e+00 0.000000000e+00
9.999968203e-01 -2.521787528e-03 0.000000000e+00 -3.292758505e-02 2.521787528e-03 9.999968203e-01 0.000000000e+00 2.422308762e-01 0.000000000e+00 0.000000000e+00 1.000000000e+00 0.000000000e+00
9.999995712e-01 -9.260651568e-04 0.000000000e+00 -3.473253369e-02 9.260651568e-04 9.999995712e-01 0.000000000e+00 2.433388375e-01 0.000000000e+00 0.000000000e+00 1.000000000e+00 0.000000000e+00
9.999985118e-01 -1.725198361e-03 0.000000000e+00 -3.311596671e-02 1.725198361e-03 9.999985118e-01 0.000000000e+00 2.476253089e-01 0.000000000e+00 0.000000000e+00 1.000000000e+00 0.000000000e+00
9.999993082e-01 -1.176242732e-03 0.000000000e+00 -3.298910740e-02 1.176242732e-03 9.999993082e-01 0.000000000e+00 2.498300938e-01 0.000000000e+00 0.000000000e+00 1.000000000e+00 0.000000000e+00
9.999992762e-01 1.203140388e-03 0.000000000e+00 -3.712353031e-02 -1.203140388e-03 9.999992762e-01 0.000000000e+00 2.516827276e-01 0.000000000e+00 0.000000000e+00 1.000000000e+00 0.000000000e+00
9.999822591e-01 5.956641452e-03 0.000000000e+00 -4.411402129e-02 -5.956641452e-03 9.999822591e-01 0.000000000e+00 2.540891483e-01 0.000000000e+00 0.000000000e+00 1.000000000e+00 0.000000000e+00
9.999841092e-01 5.637492170e-03 0.000000000e+00 -4.312419121e-02 -5.637492170e-03 9.999841092e-01 0.000000000e+00 2.557083955e-01 0.000000000e+00 0.000000000e+00 1.000000000e+00 0.000000000e+00
9.999822814e-01 5.952895680e-03 0.000000000e+00 -4.434388299e-02 -5.952895680e-03 9.999822814e-01 0.000000000e+00 2.565971307e-01 0.000000000e+00 0.000000000e+00 1.000000000e+00 0.000000000e+00
9.999895240e-01 -4.577314412e-03 0.000000000e+00 -3.124801905e-02 4.577314412e-03 9.999895240e-01 0.000000000e+00 2.597045254e-01 0.000000000e+00 0.000000000e+00 1.000000000e+00 0.000000000e+00
9.999585781e-01 -9.101767305e-03 0.000000000e+00 -2.552934939e-02 9.101767305e-03 9.999585781e-01 0.000000000e+00 2.595688410e-01 0.000000000e+00 0.000000000e+00 1.000000000e+00 0.000000000e+00
9.999630614e-01 -8.595104422e-03 0.000000000e+00 -2.716263501e-02 8.595104422e-03 9.999630614e-01 0.000000000e+00 2.619197979e-01 0.000000000e+00 0.000000000e+00 1.000000000e+00 0.000000000e+00
9.999789223e-01 -6.492683710e-03 0.000000000e+00 -3.350873265e-02 6.492683710e-03 9.999789223e-01 0.000000000e+00 2.638326173e-01 0.000000000e+00 0.000000000e+00 1.000000000e+00 0.000000000e+00
9.999967530e-01 -2.548342510e-03 0.000000000e+00 -3.723059153e-02 2.548342510e-03 9.999967530e-01 0.000000000e+00 2.644506700e-01 0.000000000e+00 0.000000000e+00 1.000000000e+00 0.000000000e+00
9.999998226e-01 -5.957288777e-04 0.000000000e+00 -4.024974836e-02 5.957288777e-04 9.999998226e-01 0.000000000e+00 2.672772648e-01 0.000000000e+00 0.000000000e+00 1.000000000e+00 0.000000000e+00
9.999992266e-01 -1.243685026e-03 0.000000000e+00 -4.031787811e-02 1.243685026e-03 9.999992266e-01 0.000000000e+00 2.674491529e-01 0.000000000e+00 0.000000000e+00 1.000000000e+00 0.000000000e+00
9.999994555e-01 -1.043591284e-03 0.000000000e+00 -3.855938334e-02 1.043591284e-03 9.999994555e-01 0.000000000e+00 2.688351857e-01 0.000000000e+00 0.000000000e+00 1.000000000e+00 0.000000000e+00
9.999999981e-01 6.124984009e-05 0.000000000e+00 -4.164909943e-02 -6.124984009e-05 9.999999981e-01 0.000000000e+00 2.710597103e-01 0.000000000e+00 0.000000000e+00 1.000000000e+00 0.000000000e+00
9.999949501e-01 3.178021891e-03 0.000000000e+00 -4.577527287e-02 -3.178021891e-03 9.999949501e-01 0.000000000e+00 2.730198152e-01 0.000000000e+00 0.000000000e+00 1.000000000e+00 0.000000000e+00
9.999976927e-01 2.148165061e-03 0.000000000e+00 -4.544294808e-02 -2.148165061e-03 9.999976927e-01 0.000000000e+00 2.752733983e-01 0.000000000e+00 0.000000000e+00 1.000000000e+00 0.000000000e+00
9.999883921e-01 4.818268927e-03 0.000000000e+00 -4.835841824e-02 -4.818268927e-03 9.999883921e-01 0.000000000e+00 2.772084254e-01 0.000000000e+00 0.000000000e+00 1.000000000e+00 0.000000000e+00
9.999683967e-01 7.950194306e-03 0.000000000e+00 -5.328358666e-02 -7.950194306e-03 9.999683967e-01 0.000000000e+00 2.790136228e-01 0.000000000e+00 0.000000000e+00 1.000000000e+00 0.000000000e+00
9.999759926e-01 6.929226791e-03 0.000000000e+00 -5.236976998e-02 -6.929226791e-03 9.999759926e-01 0.000000000e+00 2.811692190e-01 0.000000000e+00 0.000000000e+00 1.000000000e+00 0.000000000e+00
9.999678321e-01 8.020894203e-03 0.000000000e+00 -5.485050489e-02 -8.020894203e-03 9.999678321e-01 0.000000000e+00 2.835627305e-01 0.000000000e+00 0.000000000e+00 1.000000000e+00 0.000000000e+00
9.999605751e-01 8.879653129e-03 0.000000000e+00 -5.689186117e-02 -8.879653129e-03 9.999605751e-01 0.000000000e+00 2.856578809e-01 0.000000000e+00 0.000000000e+00 1.000000000e+00 0.000000000e+00
9.999458152e-01 1.040992629e-02 0.000000000e+00 -6.010271026e-02 -1.040992629e-02 9.999458152e-01 0.000000000e+00 2.875876225e-01 0.000000000e+00 0.000000000e+00 1.000000000e+00 0.000000000e+00
9.999466039e-01 1.033389242e-02 0.000000000e+00 -6.159232087e-02 -1.033389242e-02 9.999466039e-01 0.000000000e+00 2.895251706e-01 0.000000000e+00 0.000000000e+00 1.000000000e+00 0.000000000e+00
9.999202634e-01 1.262801541e-02 0.000000000e+00 -6.229647038e-02 -1.262801541e-02 9.999202634e-01 0.000000000e+00 2.888542260e-01 0.000000000e+00 0.000000000e+00 1.000000000e+00 0.000000000e+00
9.999627376e-01 8.632689748e-03 0.000000000e+00 -5.647050004e-02 -8.632689748e-03 9.999627376e-01 0.000000000e+00 2.912366345e-01 0.000000000e+00 0.000000000e+00 1.000000000e+00 0.000000000e+00
9.999968347e-01 2.516077194e-03 0.000000000e+00 -5.019572956e-02 -2.516077194e-03 9.999968347e-01 0.000000000e+00 2.917880111e-01 0.000000000e+00 0.000000000e+00 1.000000000e+00 0.000000000e+00
9.999786962e-01 6.527407367e-03 0.000000000e+00 -5.281187165e-02 -6.527407367e-03 9.999786962e-01 0.000000000e+00 2.919373948e-01 0.000000000e+00 0.000000000e+00 1.000000000e+00 0.000000000e+00
9.999671263e-01 8.108414763e-03 0.000000000e+00 -5.605925610e-02 -8.108414763e-03 9.999671263e-01 0.000000000e+00 2.942476300e-01 0.000000000e+00 0.000000000e+00 1.000000000e+00 0.000000000e+00
9.999552408e-01 9.461313902e-03 0.000000000e+00 -5.878754027e-02 -9.461313902e-03 9.999552408e-01 0.000000000e+00 2.964538755e-01 0.000000000e+00 0.000000000e+00 1.000000000e+00 0.000000000e+00
9.999683687e-01 7.953715529e-03 0.000000000e+00 -5.696622216e-02 -7.953715529e-03 9.999683687e-01 0.000000000e+00 2.988371033e-01 0.000000000e+00 0.000000000e+00 1.000000000e+00 0.000000000e+00
9.999774377e-01 6.717451861e-03 0.000000000e+00 -5.654008640e-02 -6.717451861e-03 9.999774377e-01 0.000000000e+00 2.994355290e-01 0.000000000e+00 0.000000000e+00 1.000000000e+00 0.000000000e+00
9.999564301e-01 9.334768861e-03 0.000000000e+00 -6.085814001e-02 -9.334768861e-03 9.999564301e-01 0.000000000e+00 3.010772110e-01 0.000000000e+00 0.000000000e+00 1.000000000e+00 0.000000000e+00
9.999439050e-01 1.059182977e-02 0.000000000e+00 -6.122520111e-02 -1.059182977e-02 9.999439050e-01 0.000000000e+00 3.018694724e-01 0.000000000e+00 0.000000000e+00 1.000000000e+00 0.000000000e+00
9.999244707e-01 1.229036185e-02 0.000000000e+00 -6.327782768e-02 -1.229036185e-02 9.999244707e-01 0.000000000e+00 3.040486754e-01 0.000000000e+00 0.000000000e+00 1.000000000e+00 0.000000000e+00
9.999401958e-01 1.093640341e-02 0.000000000e+00 -6.056408666e-02 -1.093640341e-02 9.999401958e-01 0.000000000e+00 3.053199923e-01 0.000000000e+00 0.000000000e+00 1.000000000e+00 0.000000000e+00
9.999619168e-01 8.727258324e-03 0.000000000e+00 -5.687677012e-02 -8.727258324e-03 9.999619168e-01 0.000000000e+00 3.068515073e-01 0.000000000e+00 0.000000000e+00 1.000000000e+00 0.000000000e+00
9.999892540e-01 4.635926240e-03 0.000000000e+00 -5.097337376e-02 -4.635926240e-03 9.999892540e-01 0.000000000e+00 3.076295786e-01 0.000000000e+00 0.000000000e+00 1.000000000e+00 0.000000000e+00
9.999102360e-01 1.339850405e-02 0.000000000e+00 -6.023934015e-02 -1.339850405e-02 9.999102360e-01 0.000000000e+00 3.121682244e-01 0.000000000e+00 0.000000000e+00 1.000000000e+00 0.000000000e+00
9.999660624e-01 8.238576470e-03 0.000000000e+00 -5.463884521e-02 -8.238576470e-03 9.999660624e-01 0.000000000e+00 3.137097358e-01 0.000000000e+00 0.000000000e+00 1.000000000e+00 0.000000000e+00
9.999926262e-01 3.840243054e-03 0.000000000e+00 -4.753187850e-02 -3.840243054e-03 9.999926262e-01 0.000000000e+00 3.147588980e-01 0.000000000e+00 0.000000000e+00 1.000000000e+00 0.000000000e+00
9.999998702e-01 -5.095919205e-04 0.000000000e+00 -4.338633818e-02 5.095919205e-04 9.999998702e-01 0.000000000e+00 3.165213875e-01 0.000000000e+00 0.000000000e+00 1.000000000e+00 0.000000000e+00
9.999998818e-01 4.861285294e-04 0.000000000e+00 -4.588987964e-02 -4.861285294e-04 9.999998818e-01 0.000000000e+00 3.174746363e-01 0.000000000e+00 0.000000000e+00 1.000000000e+00 0.000000000e+00
9.999980817e-01 -1.958743656e-03 0.000000000e+00 -4.352695320e-02 1.958743656e-03 9.999980817e-01 0.000000000e+00 3.190022515e-01 0.000000000e+00 0.000000000e+00 1.000000000e+00 0.000000000e+00
9.999989449e-01 -1.452650335e-03 0.000000000e+00 -4.391722443e-02 1.452650335e-03 9.999989449e-01 0.000000000e+00 3.202397286e-01 0.000000000e+00 0.000000000e+00 1.000000000e+00 0.000000000e+00
9.999400773e-01 -1.094722632e-02 0.000000000e+00 -3.286966502e-02 1.094722632e-02 9.999400773e-01 0.000000000e+00 3.227530353e-01 0.000000000e+00 0.000000000e+00 1.000000000e+00 0.000000000e+00
9.999992611e-01 -1.215664199e-03 0.000000000e+00 -4.500484800e-02 1.215664199e-03 9.999992611e-01 0.000000000e+00 3.241108935e-01 0.000000000e+00 0.000000000e+00 1.000000000e+00 0.000000000e+00
9.999796270e-01 -6.383234546e-03 0.000000000e+00 -3.777602823e-02 6.383234546e-03 9.999796270e-01 0.000000000e+00 3.250473853e-01 0.000000000e+00 0.000000000e+00 1.000000000e+00 0.000000000e+00
9.999397906e-01 -1.097338089e-02 0.000000000e+00 -3.161076505e-02 1.097338089e-02 9.999397906e-01 0.000000000e+00 3.259740218e-01 0.000000000e+00 0.000000000e+00 1.000000000e+00 0.000000000e+00
9.999867980e-01 -5.138470754e-03 0.000000000e+00 -3.873669758e-02 5.138470754e-03 9.999867980e-01 0.000000000e+00 3.267073821e-01 0.000000000e+00 0.000000000e+00 1.000000000e+00 0.000000000e+00
9.999952999e-01 -3.065978930e-03 0.000000000e+00 -4.232864144e-02 3.065978930e-03 9.999952999e-01 0.000000000e+00 3.275998938e-01 0.000000000e+00 0.000000000e+00 1.000000000e+00 0.000000000e+00
9.999195484e-01 -1.268450759e-02 0.000000000e+00 -3.104653893e-02 1.268450759e-02 9.999195484e-01 0.000000000e+00 3.299078836e-01 0.000000000e+00 0.000000000e+00 1.000000000e+00 0.000000000e+00
9.999367955e-01 -1.124299373e-02 0.000000000e+00 -3.304853472e-02 1.124299373e-02 9.999367955e-01 0.000000000e+00 3.321390858e-01 0.000000000e+00 0.000000000e+00 1.000000000e+00 0.000000000e+00
9.999584822e-01 -9.112292744e-03 0.000000000e+00 -3.539389586e-02 9.112292744e-03 9.999584822e-01 0.000000000e+00 3.341898581e-01 0.000000000e+00 0.000000000e+00 1.000000000e+00 0.000000000e+00
9.999462670e-01 -1.036643937e-02 0.000000000e+00 -3.328309720e-02 1.036643937e-02 9.999462670e-01 0.000000000e+00 3.369914822e-01 0.000000000e+00 0.000000000e+00 1.000000000e+00 0.000000000e+00
9.999791904e-01 -6.451266148e-03 0.000000000e+00 -3.692601390e-02 6.451266148e-03 9.999791904e-01 0.000000000e+00 3.374482252e-01 0.000000000e+00 0.000000000e+00 1.000000000e+00 0.000000000e+00
9.999912873e-01 -4.174362559e-03 0.000000000e+00 -3.947151213e-02 4.174362559e-03 9.999912873e-01 0.000000000e+00 3.398420459e-01 0.000000000e+00 0.000000000e+00 1.000000000e+00 0.000000000e+00
9.999872628e-01 -5.047201267e-03 0.000000000e+00 -3.938094636e-02 5.047201267e-03 9.999872628e-01 0.000000000e+00 3.435751636e-01 0.000000000e+00 0.000000000e+00 1.000000000e+00 0.000000000e+00
9.999950476e-01 -3.147172962e-03 0.000000000e+00 -4.202872263e-02 3.147172962e-03 9.999950476e-01 0.000000000e+00 3.447741341e-01 0.000000000e+00 0.000000000e+00 1.000000000e+00 0.000000000e+00
9.998833431e-01 -1.527416723e-02 0.000000000e+00 -2.923904147e-02 1.527416723e-02 9.998833431e-01 0.000000000e+00 3.468530688e-01 0.000000000e+00 0.000000000e+00 1.000000000e+00 0.000000000e+00
9.999431791e-01 -1.066013628e-02 0.000000000e+00 -3.620669618e-02 1.066013628e-02 9.999431791e-01 0.000000000e+00 3.490176935e-01 0.000000000e+00 0.000000000e+00 1.000000000e+00 0.000000000e+00
9.999599293e-01 -8.952078119e-03 0.000000000e+00 -3.920263903e-02 8.952078119e-03 9.999599293e-01 0.000000000e+00 3.508395573e-01 0.000000000e+00 0.000000000e+00 1.000000000e+00 0.000000000e+00
9.999825698e-01 -5.904243633e-03 0.000000000e+00 -4.426887039e-02 5.904243633e-03 9.999825698e-01 0.000000000e+00 3.526244637e-01 0.000000000e+00 0.000000000e+00 1.000000000e+00 0.000000000e+00
9.999847630e-01 -5.520309614e-03 0.000000000e+00 -4.684863187e-02 5.520309614e-03 9.999847630e-01 0.000000000e+00 3.548279915e-01 0.000000000e+00 0.000000000e+00 1.000000000e+00 0.000000000e+00
9.999736436e-01 7.260310593e-03 0.000000000e+00 -6.277906731e-02 -7.260310593e-03 9.999736436e-01 0.000000000e+00 3.569997786e-01 0.000000000e+00 0.000000000e+00 1.000000000e+00 0.000000000e+00
9.999928063e-01 3.793059758e-03 0.000000000e+00 -5.922349216e-02 -3.793059758e-03 9.999928063e-01 0.000000000e+00 3.573493818e-01 0.000000000e+00 0.000000000e+00 1.000000000e+00 0.000000000e+00
9.999670962e-01 8.112124376e-03 0.000000000e+00 -6.578558945e-02 -8.112124376e-03 9.999670962e-01 0.000000000e+00 3.603640853e-01 0.000000000e+00 0.000000000e+00 1.000000000e+00 0.000000000e+00
9.999681681e-01 7.978900290e-03 0.000000000e+00 -6.358805517e-02 -7.978900290e-03 9.999681681e-01 0.000000000e+00 3.614607145e-01 0.000000000e+00 0.000000000e+00 1.000000000e+00 0.000000000e+00
9.999962643e-01 2.733395293e-03 0.000000000e+00 -5.759642288e-02 -2.733395293e-03 9.999962643e-01 0.000000000e+00 3.627485598e-01 0.000000000e+00 0.000000000e+00 1.000000000e+00 0.000000000e+00
9.999793211e-01 6.430962845e-03 0.000000000e+00 -6.099715843e-02 -6.430962845e-03 9.999793211e-01 0.000000000e+00 3.647467009e-01 0.000000000e+00 0.000000000e+00 1.000000000e+00 0.000000000e+00
9.999832171e-01 5.793584224e-03 0.000000000e+00 -6.054672508e-02 -5.793584224e-03 9.999832171e-01 0.000000000e+00 3.667177691e-01 0.000000000e+00 0.000000000e+00 1.000000000e+00 0.000000000e+00
9.999977013e-01 -2.144159591e-03 0.000000000e+00 -5.184457076e-02 2.144159591e-03 9.999977013e-01 0.000000000e+00 3.675297294e-01 0.000000000e+00 0.000000000e+00 1.000000000e+00 0.000000000e+00
9.999858314e-01 5.323248988e-03 0.000000000e+00 -6.097802314e-02 -5.323248988e-03 9.999858314e-01 0.000000000e+00 3.695762845e-01 0.000000000e+00 0.000000000e+00 1.000000000e+00 0.000000000e+00
9.999987157e-01 -1.602704457e-03 0.000000000e+00 -5.119765328e-02 1.602704457e-03 9.999987157e-01 0.000000000e+00 3.705060993e-01 0.000000000e+00 0.000000000e+00 1.000000000e+00 0.000000000e+00
9.999958878e-01 -2.867819941e-03 0.000000000e+00 -4.827840527e-02 2.867819941e-03 9.999958878e-01 0.000000000e+00 3.716634673e-01 0.000000000e+00 0.000000000e+00 1.000000000e+00 0.000000000e+00
