1.000000000e+00 0.000000000e+00 0.000000000e+00 0.000000000e+00 0.000000000e+00 1.000000000e+00 0.000000000e+00 0.000000000e+00 0.000000000e+00 0.000000000e+00 1.000000000e+00 0.000000000e+00
9.982026576e-01 -5.992874412e-02 0.000000000e+00 2.821836269e-01 5.992874412e-02 9.982026576e-01 0.000000000e+00 1.464738417e-02 0.000000000e+00 0.000000000e+00 1.000000000e+00 0.000000000e+00
9.928343680e-01 -1.194986096e-01 0.000000000e+00 5.640167930e-01 1.194986096e-01 9.928343680e-01 0.000000000e+00 4.282835326e-02 0.000000000e+00 0.000000000e+00 1.000000000e+00 0.000000000e+00
9.839022110e-01 -1.787076922e-01 0.000000000e+00 8.449105894e-01 1.787076922e-01 9.839022110e-01 0.000000000e+00 8.495402688e-02 0.000000000e+00 0.000000000e+00 1.000000000e+00 0.000000000e+00
9.715188975e-01 -2.369620893e-01 0.000000000e+00 1.123369470e+00 2.369620893e-01 9.715188975e-01 0.000000000e+00 1.417802792e-01 0.000000000e+00 0.000000000e+00 1.000000000e+00 0.000000000e+00
9.556524473e-01 -2.944968591e-01 0.000000000e+00 1.399139231e+00 2.944968591e-01 9.556524473e-01 0.000000000e+00 2.146175360e-01 0.000000000e+00 0.000000000e+00 1.000000000e+00 0.000000000e+00
9.363015375e-01 -3.511971397e-01 0.000000000e+00 1.671848404e+00 3.511971397e-01 9.363015375e-01 0.000000000e+00 3.026770022e-01 0.000000000e+00 0.000000000e+00 1.000000000e+00 0.000000000e+00
9.136962799e-01 -4.063977217e-01 0.000000000e+00 1.941297590e+00 4.063977217e-01 9.136962799e-01 0.000000000e+00 4.055685513e-01 0.000000000e+00 0.000000000e+00 1.000000000e+00 0.000000000e+00
8.880075447e-01 -4.598288819e-01 0.000000000e+00 2.206422173e+00 4.598288819e-01 8.880075447e-01 0.000000000e+00 5.235801562e-01 0.000000000e+00 0.000000000e+00 1.000000000e+00 0.000000000e+00
8.587582072e-01 -5.123810511e-01 0.000000000e+00 2.465746160e+00 5.123810511e-01 8.587582072e-01 0.000000000e+00 6.562910291e-01 0.000000000e+00 0.000000000e+00 1.000000000e+00 0.000000000e+00
8.267256989e-01 -5.626052068e-01 0.000000000e+00 2.719465777e+00 5.626052068e-01 8.267256989e-01 0.000000000e+00 8.036219852e-01 0.000000000e+00 0.000000000e+00 1.000000000e+00 0.000000000e+00
7.915638766e-01 -6.110864336e-01 0.000000000e+00 2.966811511e+00 6.110864336e-01 7.915638766e-01 0.000000000e+00 9.653917744e-01 0.000000000e+00 0.000000000e+00 1.000000000e+00 0.000000000e+00
7.535952247e-01 -6.573387539e-01 0.000000000e+00 3.205371394e+00 6.573387539e-01 7.535952247e-01 0.000000000e+00 1.140528338e+00 0.000000000e+00 0.000000000e+00 1.000000000e+00 0.000000000e+00
7.129404574e-01 -7.012245747e-01 0.000000000e+00 3.433837711e+00 7.012245747e-01 7.129404574e-01 0.000000000e+00 1.328189439e+00 0.000000000e+00 0.000000000e+00 1.000000000e+00 0.000000000e+00
6.699591794e-01 -7.423979377e-01 0.000000000e+00 3.652239312e+00 7.423979377e-01 6.699591794e-01 0.000000000e+00 1.528653126e+00 0.000000000e+00 0.000000000e+00 1.000000000e+00 0.000000000e+00
6.245012496e-01 -7.810238084e-01 0.000000000e+00 3.860138697e+00 7.810238084e-01 6.245012496e-01 0.000000000e+00 1.741113141e+00 0.000000000e+00 0.000000000e+00 1.000000000e+00 0.000000000e+00
5.765674636e-01 -8.170495456e-01 0.000000000e+00 4.058080751e+00 8.170495456e-01 5.765674636e-01 0.000000000e+00 1.963269620e+00 0.000000000e+00 0.000000000e+00 1.000000000e+00 0.000000000e+00
5.268789218e-01 -8.499403519e-01 0.000000000e+00 4.245636490e+00 8.499403519e-01 5.268789218e-01 0.000000000e+00 2.193780373e+00 0.000000000e+00 0.000000000e+00 1.000000000e+00 0.000000000e+00
4.754448522e-01 -8.797455272e-01 0.000000000e+00 4.420683230e+00 8.797455272e-01 4.754448522e-01 0.000000000e+00 2.432382525e+00 0.000000000e+00 0.000000000e+00 1.000000000e+00 0.000000000e+00
4.230075459e-01 -9.061261591e-01 0.000000000e+00 4.581874923e+00 9.061261591e-01 4.230075459e-01 0.000000000e+00 2.679628979e+00 0.000000000e+00 0.000000000e+00 1.000000000e+00 0.000000000e+00
3.685094715e-01 -9.296239935e-01 0.000000000e+00 4.729016148e+00 9.296239935e-01 3.685094715e-01 0.000000000e+00 2.935013467e+00 0.000000000e+00 0.000000000e+00 1.000000000e+00 0.000000000e+00
3.120963849e-01 -9.500504442e-01 0.000000000e+00 4.862209368e+00 9.500504442e-01 3.120963849e-01 0.000000000e+00 3.196881956e+00 0.000000000e+00 0.000000000e+00 1.000000000e+00 0.000000000e+00
2.548447996e-01 -9.669819689e-01 0.000000000e+00 4.981008683e+00 9.669819689e-01 2.548447996e-01 0.000000000e+00 3.463770742e+00 0.000000000e+00 0.000000000e+00 1.000000000e+00 0.000000000e+00
1.961430210e-01 -9.805752981e-01 0.000000000e+00 5.085782696e+00 9.805752981e-01 1.961430210e-01 0.000000000e+00 3.734941494e+00 0.000000000e+00 0.000000000e+00 1.000000000e+00 0.000000000e+00
1.378571948e-01 -9.904521159e-01 0.000000000e+00 5.177149817e+00 9.904521159e-01 1.378571948e-01 0.000000000e+00 4.009496338e+00 0.000000000e+00 0.000000000e+00 1.000000000e+00 0.000000000e+00
7.828103796e-02 -9.969313312e-01 0.000000000e+00 5.255089446e+00 9.969313312e-01 7.828103796e-02 0.000000000e+00 4.287202972e+00 0.000000000e+00 0.000000000e+00 1.000000000e+00 0.000000000e+00
1.867288853e-02 -9.998256464e-01 0.000000000e+00 5.318743474e+00 9.998256464e-01 1.867288853e-02 0.000000000e+00 4.567616991e+00 0.000000000e+00 0.000000000e+00 1.000000000e+00 0.000000000e+00
-4.112876055e-02 -9.991538545e-01 0.000000000e+00 5.366644048e+00 9.991538545e-01 -4.112876055e-02 0.000000000e+00 4.848922305e+00 0.000000000e+00 0.000000000e+00 1.000000000e+00 0.000000000e+00
-1.008926563e-01 -9.948973173e-01 0.000000000e+00 5.398079244e+00 9.948973173e-01 -1.008926563e-01 0.000000000e+00 5.131376874e+00 0.000000000e+00 0.000000000e+00 1.000000000e+00 0.000000000e+00
-1.599465761e-01 -9.871256722e-01 0.000000000e+00 5.414564583e+00 9.871256722e-01 -1.599465761e-01 0.000000000e+00 5.413697337e+00 0.000000000e+00 0.000000000e+00 1.000000000e+00 0.000000000e+00
-2.185764130e-01 -9.758198357e-01 0.000000000e+00 5.416590284e+00 9.758198357e-01 -2.185764130e-01 0.000000000e+00 5.693464215e+00 0.000000000e+00 0.000000000e+00 1.000000000e+00 0.000000000e+00
-2.760191963e-01 -9.611521229e-01 0.000000000e+00 5.401773125e+00 9.611521229e-01 -2.760191963e-01 0.000000000e+00 5.971025531e+00 0.000000000e+00 0.000000000e+00 1.000000000e+00 0.000000000e+00
-3.330197624e-01 -9.429198470e-01 0.000000000e+00 5.370702731e+00 9.429198470e-01 -3.330197624e-01 0.000000000e+00 6.244913939e+00 0.000000000e+00 0.000000000e+00 1.000000000e+00 0.000000000e+00
-3.886313074e-01 -9.213933508e-01 0.000000000e+00 5.325161013e+00 9.213933508e-01 -3.886313074e-01 0.000000000e+00 6.514134820e+00 0.000000000e+00 0.000000000e+00 1.000000000e+00 0.000000000e+00
-4.430070257e-01 -8.965181399e-01 0.000000000e+00 5.264503988e+00 8.965181399e-01 -4.430070257e-01 0.000000000e+00 6.777786283e+00 0.000000000e+00 0.000000000e+00 1.000000000e+00 0.000000000e+00
-4.956425285e-01 -8.685266167e-01 0.000000000e+00 5.189613219e+00 8.685266167e-01 -4.956425285e-01 0.000000000e+00 7.034176207e+00 0.000000000e+00 0.000000000e+00 1.000000000e+00 0.000000000e+00
-5.464944344e-01 -8.374627354e-01 0.000000000e+00 5.100902719e+00 8.374627354e-01 -5.464944344e-01 0.000000000e+00 7.284766261e+00 0.000000000e+00 0.000000000e+00 1.000000000e+00 0.000000000e+00
-5.954310252e-01 -8.034064315e-01 0.000000000e+00 4.998394812e+00 8.034064315e-01 -5.954310252e-01 0.000000000e+00 7.528944105e+00 0.000000000e+00 0.000000000e+00 1.000000000e+00 0.000000000e+00
-6.422009843e-01 -7.665362978e-01 0.000000000e+00 4.883258700e+00 7.665362978e-01 -6.422009843e-01 0.000000000e+00 7.764144181e+00 0.000000000e+00 0.000000000e+00 1.000000000e+00 0.000000000e+00
-6.869313790e-01 -7.267222857e-01 0.000000000e+00 4.755063964e+00 7.267222857e-01 -6.869313790e-01 0.000000000e+00 7.988725647e+00 0.000000000e+00 0.000000000e+00 1.000000000e+00 0.000000000e+00
-7.289869398e-01 -6.845276047e-01 0.000000000e+00 4.614852845e+00 6.845276047e-01 -7.289869398e-01 0.000000000e+00 8.201854488e+00 0.000000000e+00 0.000000000e+00 1.000000000e+00 0.000000000e+00
-7.684417944e-01 -6.399196892e-01 0.000000000e+00 4.462441204e+00 6.399196892e-01 -7.684417944e-01 0.000000000e+00 8.403667426e+00 0.000000000e+00 0.000000000e+00 1.000000000e+00 0.000000000e+00
-8.051791071e-01 -5.930317070e-01 0.000000000e+00 4.296820603e+00 5.930317070e-01 -8.051791071e-01 0.000000000e+00 8.594112437e+00 0.000000000e+00 0.000000000e+00 1.000000000e+00 0.000000000e+00
-8.394576690e-01 -5.434250841e-01 0.000000000e+00 4.119418683e+00 5.434250841e-01 -8.394576690e-01 0.000000000e+00 8.772096404e+00 0.000000000e+00 0.000000000e+00 1.000000000e+00 0.000000000e+00
-8.703608655e-01 -4.924144228e-01 0.000000000e+00 3.930834930e+00 4.924144228e-01 -8.703608655e-01 0.000000000e+00 8.936448844e+00 0.000000000e+00 0.000000000e+00 1.000000000e+00 0.000000000e+00
-8.981476645e-01 -4.396939536e-01 0.000000000e+00 3.733521133e+00 4.396939536e-01 -8.981476645e-01 0.000000000e+00 9.087702292e+00 0.000000000e+00 0.000000000e+00 1.000000000e+00 0.000000000e+00
-9.225667426e-01 -3.858375377e-01 0.000000000e+00 3.529376469e+00 3.858375377e-01 -9.225667426e-01 0.000000000e+00 9.227293042e+00 0.000000000e+00 0.000000000e+00 1.000000000e+00 0.000000000e+00
-9.438626631e-01 -3.303381194e-01 0.000000000e+00 3.317810076e+00 3.303381194e-01 -9.438626631e-01 0.000000000e+00 9.354496421e+00 0.000000000e+00 0.000000000e+00 1.000000000e+00 0.000000000e+00
-9.618799682e-01 -2.734719852e-01 0.000000000e+00 3.100171907e+00 2.734719852e-01 -9.618799682e-01 0.000000000e+00 9.467487465e+00 0.000000000e+00 0.000000000e+00 1.000000000e+00 0.000000000e+00
-9.763622182e-01 -2.161407384e-01 0.000000000e+00 2.877308579e+00 2.161407384e-01 -9.763622182e-01 0.000000000e+00 9.564478419e+00 0.000000000e+00 0.000000000e+00 1.000000000e+00 0.000000000e+00
-9.875345917e-01 -1.574021288e-01 0.000000000e+00 2.647791803e+00 1.574021288e-01 -9.875345917e-01 0.000000000e+00 9.645733624e+00 0.000000000e+00 0.000000000e+00 1.000000000e+00 0.000000000e+00
-9.951429440e-01 -9.844044369e-02 0.000000000e+00 2.412932162e+00 9.844044369e-02 -9.951429440e-01 0.000000000e+00 9.712576357e+00 0.000000000e+00 0.000000000e+00 1.000000000e+00 0.000000000e+00
-9.992406758e-01 -3.896244164e-02 0.000000000e+00 2.176297125e+00 3.896244164e-02 -9.992406758e-01 0.000000000e+00 9.763235200e+00 0.000000000e+00 0.000000000e+00 1.000000000e+00 0.000000000e+00
-9.997767614e-01 2.112882821e-02 0.000000000e+00 1.938591836e+00 -2.112882821e-02 -9.997767614e-01 0.000000000e+00 9.796915535e+00 0.000000000e+00 0.000000000e+00 1.000000000e+00 0.000000000e+00
-9.967462417e-01 8.060353359e-02 0.000000000e+00 1.699546073e+00 -8.060353359e-02 -9.967462417e-01 0.000000000e+00 9.814448236e+00 0.000000000e+00 0.000000000e+00 1.000000000e+00 0.000000000e+00
-9.901989907e-01 1.396637346e-01 0.000000000e+00 1.461408056e+00 -1.396637346e-01 -9.901989907e-01 0.000000000e+00 9.815556646e+00 0.000000000e+00 0.000000000e+00 1.000000000e+00 0.000000000e+00
-9.801778725e-01 1.981195049e-01 0.000000000e+00 1.226187867e+00 -1.981195049e-01 -9.801778725e-01 0.000000000e+00 9.802083098e+00 0.000000000e+00 0.000000000e+00 1.000000000e+00 0.000000000e+00
-9.666164390e-01 2.562277499e-01 0.000000000e+00 9.937722214e-01 -2.562277499e-01 -9.666164390e-01 0.000000000e+00 9.773903459e+00 0.000000000e+00 0.000000000e+00 1.000000000e+00 0.000000000e+00
-9.496526077e-01 3.133048432e-01 0.000000000e+00 7.649635330e-01 -3.133048432e-01 -9.496526077e-01 0.000000000e+00 9.729209674e+00 0.000000000e+00 0.000000000e+00 1.000000000e+00 0.000000000e+00
-9.293474908e-01 3.692062313e-01 0.000000000e+00 5.403216436e-01 -3.692062313e-01 -9.293474908e-01 0.000000000e+00 9.669342721e+00 0.000000000e+00 0.000000000e+00 1.000000000e+00 0.000000000e+00
-9.056602460e-01 4.240041494e-01 0.000000000e+00 3.193163410e-01 -4.240041494e-01 -9.056602460e-01 0.000000000e+00 9.593984707e+00 0.000000000e+00 0.000000000e+00 1.000000000e+00 0.000000000e+00
-8.786275208e-01 4.775077798e-01 0.000000000e+00 1.036345041e-01 -4.775077798e-01 -8.786275208e-01 0.000000000e+00 9.503464697e+00 0.000000000e+00 0.000000000e+00 1.000000000e+00 0.000000000e+00
-8.484031160e-01 5.293506898e-01 0.000000000e+00 -1.043316802e-01 -5.293506898e-01 -8.484031160e-01 0.000000000e+00 9.399927925e+00 0.000000000e+00 0.000000000e+00 1.000000000e+00 0.000000000e+00
-8.153401630e-01 5.789822265e-01 0.000000000e+00 -3.035702762e-01 -5.789822265e-01 -8.153401630e-01 0.000000000e+00 9.284074668e+00 0.000000000e+00 0.000000000e+00 1.000000000e+00 0.000000000e+00
-7.795382310e-01 6.263546491e-01 0.000000000e+00 -4.945739408e-01 -6.263546491e-01 -7.795382310e-01 0.000000000e+00 9.155637796e+00 0.000000000e+00 0.000000000e+00 1.000000000e+00 0.000000000e+00
-7.408440681e-01 6.716770555e-01 0.000000000e+00 -6.765353306e-01 -6.716770555e-01 -7.408440681e-01 0.000000000e+00 9.015156971e+00 0.000000000e+00 0.000000000e+00 1.000000000e+00 0.000000000e+00
-6.996803401e-01 7.144560320e-01 0.000000000e+00 -8.467385098e-01 -7.144560320e-01 -6.996803401e-01 0.000000000e+00 8.862626960e+00 0.000000000e+00 0.000000000e+00 1.000000000e+00 0.000000000e+00
-6.561546236e-01 7.546264704e-01 0.000000000e+00 -1.005733939e+00 -7.546264704e-01 -6.561546236e-01 0.000000000e+00 8.698046078e+00 0.000000000e+00 0.000000000e+00 1.000000000e+00 0.000000000e+00
-6.095880499e-01 7.927183671e-01 0.000000000e+00 -1.154607441e+00 -7.927183671e-01 -6.095880499e-01 0.000000000e+00 8.522086000e+00 0.000000000e+00 0.000000000e+00 1.000000000e+00 0.000000000e+00
-5.614460770e-01 8.275133247e-01 0.000000000e+00 -1.292046920e+00 -8.275133247e-01 -5.614460770e-01 0.000000000e+00 8.335478722e+00 0.000000000e+00 0.000000000e+00 1.000000000e+00 0.000000000e+00
-5.112103022e-01 8.594556573e-01 0.000000000e+00 -1.416813902e+00 -8.594556573e-01 -5.112103022e-01 0.000000000e+00 8.138684008e+00 0.000000000e+00 0.000000000e+00 1.000000000e+00 0.000000000e+00
-4.587107084e-01 8.885856661e-01 0.000000000e+00 -1.527918616e+00 -8.885856661e-01 -4.587107084e-01 0.000000000e+00 7.932237296e+00 0.000000000e+00 0.000000000e+00 1.000000000e+00 0.000000000e+00
-4.050378673e-01 9.142999104e-01 0.000000000e+00 -1.625039361e+00 -9.142999104e-01 -4.050378673e-01 0.000000000e+00 7.717760288e+00 0.000000000e+00 0.000000000e+00 1.000000000e+00 0.000000000e+00
-3.496900950e-01 9.368654319e-01 0.000000000e+00 -1.708387804e+00 -9.368654319e-01 -3.496900950e-01 0.000000000e+00 7.496771042e+00 0.000000000e+00 0.000000000e+00 1.000000000e+00 0.000000000e+00
-2.933885027e-01 9.559932983e-01 0.000000000e+00 -1.777667456e+00 -9.559932983e-01 -2.933885027e-01 0.000000000e+00 7.269360125e+00 0.000000000e+00 0.000000000e+00 1.000000000e+00 0.000000000e+00
-2.356037764e-01 9.718491964e-01 0.000000000e+00 -1.832121731e+00 -9.718491964e-01 -2.356037764e-01 0.000000000e+00 7.035873040e+00 0.000000000e+00 0.000000000e+00 1.000000000e+00 0.000000000e+00
-1.770505524e-01 9.842017587e-01 0.000000000e+00 -1.870529742e+00 -9.842017587e-01 -1.770505524e-01 0.000000000e+00 6.798360332e+00 0.000000000e+00 0.000000000e+00 1.000000000e+00 0.000000000e+00
-1.181555003e-01 9.929951046e-01 0.000000000e+00 -1.892633700e+00 -9.929951046e-01 -1.181555003e-01 0.000000000e+00 6.557854730e+00 0.000000000e+00 0.000000000e+00 1.000000000e+00 0.000000000e+00
-5.894802354e-02 9.982610533e-01 0.000000000e+00 -1.898977176e+00 -9.982610533e-01 -5.894802354e-02 0.000000000e+00 6.314516959e+00 0.000000000e+00 0.000000000e+00 1.000000000e+00 0.000000000e+00
1.006065385e-03 9.999994939e-01 0.000000000e+00 -1.890359396e+00 -9.999994939e-01 1.006065385e-03 0.000000000e+00 6.068131439e+00 0.000000000e+00 0.000000000e+00 1.000000000e+00 0.000000000e+00
6.026984752e-02 9.981821204e-01 0.000000000e+00 -1.871130479e+00 -9.981821204e-01 6.026984752e-02 0.000000000e+00 5.818777541e+00 0.000000000e+00 0.000000000e+00 1.000000000e+00 0.000000000e+00
