1.000000000e+00 0.000000000e+00 0.000000000e+00 0.000000000e+00 0.000000000e+00 1.000000000e+00 0.000000000e+00 0.000000000e+00 0.000000000e+00 0.000000000e+00 1.000000000e+00 0.000000000e+00
9.979756766e-01 -6.359676873e-02 0.000000000e+00 -1.451886729e-02 6.359676873e-02 9.979756766e-01 0.000000000e+00 2.820867364e-01 0.000000000e+00 0.000000000e+00 1.000000000e+00 0.000000000e+00
9.918545858e-01 -1.273753531e-01 0.000000000e+00 -4.196425032e-02 1.273753531e-01 9.918545858e-01 0.000000000e+00 5.626352610e-01 0.000000000e+00 0.000000000e+00 1.000000000e+00 0.000000000e+00
9.818052911e-01 -1.898904168e-01 0.000000000e+00 -8.510195817e-02 1.898904168e-01 9.818052911e-01 0.000000000e+00 8.406414815e-01 0.000000000e+00 0.000000000e+00 1.000000000e+00 0.000000000e+00
9.678253229e-01 -2.516230202e-01 0.000000000e+00 -1.440980618e-01 2.516230202e-01 9.678253229e-01 0.000000000e+00 1.114320214e+00 0.000000000e+00 0.000000000e+00 1.000000000e+00 0.000000000e+00
9.499454352e-01 -3.124158610e-01 0.000000000e+00 -2.188693394e-01 3.124158610e-01 9.499454352e-01 0.000000000e+00 1.382365550e+00 0.000000000e+00 0.000000000e+00 1.000000000e+00 0.000000000e+00
9.281323911e-01 -3.722502714e-01 0.000000000e+00 -3.085413122e-01 3.722502714e-01 9.281323911e-01 0.000000000e+00 1.643995989e+00 0.000000000e+00 0.000000000e+00 1.000000000e+00 0.000000000e+00
9.025797604e-01 -4.305226778e-01 0.000000000e+00 -4.119419792e-01 4.305226778e-01 9.025797604e-01 0.000000000e+00 1.898383784e+00 0.000000000e+00 0.000000000e+00 1.000000000e+00 0.000000000e+00
8.732805768e-01 -4.872176456e-01 0.000000000e+00 -5.299747105e-01 4.872176456e-01 8.732805768e-01 0.000000000e+00 2.145041802e+00 0.000000000e+00 0.000000000e+00 1.000000000e+00 0.000000000e+00
8.406817048e-01 -5.415295663e-01 0.000000000e+00 -6.623900722e-01 5.415295663e-01 8.406817048e-01 0.000000000e+00 2.381988568e+00 0.000000000e+00 0.000000000e+00 1.000000000e+00 0.000000000e+00
8.047246250e-01 -5.936482779e-01 0.000000000e+00 -8.076000965e-01 5.936482779e-01 8.047246250e-01 0.000000000e+00 2.608583134e+00 0.000000000e+00 0.000000000e+00 1.000000000e+00 0.000000000e+00
7.658033055e-01 -6.430748769e-01 0.000000000e+00 -9.645005202e-01 6.430748769e-01 7.658033055e-01 0.000000000e+00 2.825747915e+00 0.000000000e+00 0.000000000e+00 1.000000000e+00 0.000000000e+00
7.232750636e-01 -6.905600498e-01 0.000000000e+00 -1.133643128e+00 6.905600498e-01 7.232750636e-01 0.000000000e+00 3.033360371e+00 0.000000000e+00 0.000000000e+00 1.000000000e+00 0.000000000e+00
6.776840460e-01 -7.353532034e-01 0.000000000e+00 -1.314205966e+00 7.353532034e-01 6.776840460e-01 0.000000000e+00 3.230244627e+00 0.000000000e+00 0.000000000e+00 1.000000000e+00 0.000000000e+00
6.297916130e-01 -7.767641368e-01 0.000000000e+00 -1.503202053e+00 7.767641368e-01 6.297916130e-01 0.000000000e+00 3.414778677e+00 0.000000000e+00 0.000000000e+00 1.000000000e+00 0.000000000e+00
5.791866131e-01 -8.151949872e-01 0.000000000e+00 -1.700687442e+00 8.151949872e-01 5.791866131e-01 0.000000000e+00 3.585315557e+00 0.000000000e+00 0.000000000e+00 1.000000000e+00 0.000000000e+00
5.262563044e-01 -8.503259975e-01 0.000000000e+00 -1.906872947e+00 8.503259975e-01 5.262563044e-01 0.000000000e+00 3.740317663e+00 0.000000000e+00 0.000000000e+00 1.000000000e+00 0.000000000e+00
4.709849206e-01 -8.821412611e-01 0.000000000e+00 -2.120176420e+00 8.821412611e-01 4.709849206e-01 0.000000000e+00 3.879337340e+00 0.000000000e+00 0.000000000e+00 1.000000000e+00 0.000000000e+00
4.138622463e-01 -9.103395197e-01 0.000000000e+00 -2.340449260e+00 9.103395197e-01 4.138622463e-01 0.000000000e+00 4.002379933e+00 0.000000000e+00 0.000000000e+00 1.000000000e+00 0.000000000e+00
3.550602783e-01 -9.348434087e-01 0.000000000e+00 -2.566862920e+00 9.348434087e-01 3.550602783e-01 0.000000000e+00 4.109154573e+00 0.000000000e+00 0.000000000e+00 1.000000000e+00 0.000000000e+00
2.952336579e-01 -9.554250820e-01 0.000000000e+00 -2.798620087e+00 9.554250820e-01 2.952336579e-01 0.000000000e+00 4.200192517e+00 0.000000000e+00 0.000000000e+00 1.000000000e+00 0.000000000e+00
2.339659862e-01 -9.722447826e-01 0.000000000e+00 -3.034179136e+00 9.722447826e-01 2.339659862e-01 0.000000000e+00 4.275460332e+00 0.000000000e+00 0.000000000e+00 1.000000000e+00 0.000000000e+00
1.717872144e-01 -9.851340787e-01 0.000000000e+00 -3.271758248e+00 9.851340787e-01 1.717872144e-01 0.000000000e+00 4.334610062e+00 0.000000000e+00 0.000000000e+00 1.000000000e+00 0.000000000e+00
1.090761914e-01 -9.940333920e-01 0.000000000e+00 -3.510876174e+00 9.940333920e-01 1.090761914e-01 0.000000000e+00 4.378336078e+00 0.000000000e+00 0.000000000e+00 1.000000000e+00 0.000000000e+00
4.551183700e-02 -9.989637995e-01 0.000000000e+00 -3.750083951e+00 9.989637995e-01 4.551183700e-02 0.000000000e+00 4.407154852e+00 0.000000000e+00 0.000000000e+00 1.000000000e+00 0.000000000e+00
-1.792630914e-02 -9.998393108e-01 0.000000000e+00 -3.987414989e+00 9.998393108e-01 -1.792630914e-02 0.000000000e+00 4.419885333e+00 0.000000000e+00 0.000000000e+00 1.000000000e+00 0.000000000e+00
-8.159746670e-02 -9.966653668e-01 0.000000000e+00 -4.222197030e+00 9.966653668e-01 -8.159746670e-02 0.000000000e+00 4.414539008e+00 0.000000000e+00 0.000000000e+00 1.000000000e+00 0.000000000e+00
-1.450174629e-01 -9.894290957e-01 0.000000000e+00 -4.454498959e+00 9.894290957e-01 -1.450174629e-01 0.000000000e+00 4.392122568e+00 0.000000000e+00 0.000000000e+00 1.000000000e+00 0.000000000e+00
-2.078207526e-01 -9.781669258e-01 0.000000000e+00 -4.682564163e+00 9.781669258e-01 -2.078207526e-01 0.000000000e+00 4.354718471e+00 0.000000000e+00 0.000000000e+00 1.000000000e+00 0.000000000e+00
-2.696140252e-01 -9.629684717e-01 0.000000000e+00 -4.905510940e+00 9.629684717e-01 -2.696140252e-01 0.000000000e+00 4.301878861e+00 0.000000000e+00 0.000000000e+00 1.000000000e+00 0.000000000e+00
-3.302010080e-01 -9.439106389e-01 0.000000000e+00 -5.123686279e+00 9.439106389e-01 -3.302010080e-01 0.000000000e+00 4.232987664e+00 0.000000000e+00 0.000000000e+00 1.000000000e+00 0.000000000e+00
-3.898733770e-01 -9.208684759e-01 0.000000000e+00 -5.335427388e+00 9.208684759e-01 -3.898733770e-01 0.000000000e+00 4.149217478e+00 0.000000000e+00 0.000000000e+00 1.000000000e+00 0.000000000e+00
-4.477844494e-01 -8.941415363e-01 0.000000000e+00 -5.538508981e+00 8.941415363e-01 -4.477844494e-01 0.000000000e+00 4.050963939e+00 0.000000000e+00 0.000000000e+00 1.000000000e+00 0.000000000e+00
-5.036644213e-01 -8.638993869e-01 0.000000000e+00 -5.731364843e+00 8.638993869e-01 -5.036644213e-01 0.000000000e+00 3.937518051e+00 0.000000000e+00 0.000000000e+00 1.000000000e+00 0.000000000e+00
-5.575724087e-01 -8.301283088e-01 0.000000000e+00 -5.913374351e+00 8.301283088e-01 -5.575724087e-01 0.000000000e+00 3.809642444e+00 0.000000000e+00 0.000000000e+00 1.000000000e+00 0.000000000e+00
-6.089929609e-01 -7.931756259e-01 0.000000000e+00 -6.083276461e+00 7.931756259e-01 -6.089929609e-01 0.000000000e+00 3.669293149e+00 0.000000000e+00 0.000000000e+00 1.000000000e+00 0.000000000e+00
-6.578970961e-01 -7.531078349e-01 0.000000000e+00 -6.241136731e+00 7.531078349e-01 -6.578970961e-01 0.000000000e+00 3.517047165e+00 0.000000000e+00 0.000000000e+00 1.000000000e+00 0.000000000e+00
-7.044899581e-01 -7.097139557e-01 0.000000000e+00 -6.387711675e+00 7.097139557e-01 -7.044899581e-01 0.000000000e+00 3.352343223e+00 0.000000000e+00 0.000000000e+00 1.000000000e+00 0.000000000e+00
-7.480586945e-01 -6.636325713e-01 0.000000000e+00 -6.523167956e+00 6.636325713e-01 -7.480586945e-01 0.000000000e+00 3.176279202e+00 0.000000000e+00 0.000000000e+00 1.000000000e+00 0.000000000e+00
-7.885882728e-01 -6.149215690e-01 0.000000000e+00 -6.647165250e+00 6.149215690e-01 -7.885882728e-01 0.000000000e+00 2.990254039e+00 0.000000000e+00 0.000000000e+00 1.000000000e+00 0.000000000e+00
-8.261268162e-01 -5.634842354e-01 0.000000000e+00 -6.757689903e+00 5.634842354e-01 -8.261268162e-01 0.000000000e+00 2.793813756e+00 0.000000000e+00 0.000000000e+00 1.000000000e+00 0.000000000e+00
-8.602206970e-01 -5.099219081e-01 0.000000000e+00 -6.853251491e+00 5.099219081e-01 -8.602206970e-01 0.000000000e+00 2.587345706e+00 0.000000000e+00 0.000000000e+00 1.000000000e+00 0.000000000e+00
-8.907919716e-01 -4.544113372e-01 0.000000000e+00 -6.933843740e+00 4.544113372e-01 -8.907919716e-01 0.000000000e+00 2.372661837e+00 0.000000000e+00 0.000000000e+00 1.000000000e+00 0.000000000e+00
-9.177149794e-01 -3.972394953e-01 0.000000000e+00 -6.999663345e+00 3.972394953e-01 -9.177149794e-01 0.000000000e+00 2.150986952e+00 0.000000000e+00 0.000000000e+00 1.000000000e+00 0.000000000e+00
-9.410798558e-01 -3.381844245e-01 0.000000000e+00 -7.051792723e+00 3.381844245e-01 -9.410798558e-01 0.000000000e+00 1.923581808e+00 0.000000000e+00 0.000000000e+00 1.000000000e+00 0.000000000e+00
-9.604902281e-01 -2.783137111e-01 0.000000000e+00 -7.090455960e+00 2.783137111e-01 -9.604902281e-01 0.000000000e+00 1.693045159e+00 0.000000000e+00 0.000000000e+00 1.000000000e+00 0.000000000e+00
-9.761659424e-01 -2.170254658e-01 0.000000000e+00 -7.114386404e+00 2.170254658e-01 -9.761659424e-01 0.000000000e+00 1.459725166e+00 0.000000000e+00 0.000000000e+00 1.000000000e+00 0.000000000e+00
-9.879363386e-01 -1.548605528e-01 0.000000000e+00 -7.123042256e+00 1.548605528e-01 -9.879363386e-01 0.000000000e+00 1.223462391e+00 0.000000000e+00 0.000000000e+00 1.000000000e+00 0.000000000e+00
-9.958070428e-01 -9.147859575e-02 0.000000000e+00 -7.115317699e+00 9.147859575e-02 -9.958070428e-01 0.000000000e+00 9.858290072e-01 0.000000000e+00 0.000000000e+00 1.000000000e+00 0.000000000e+00
-9.996060482e-01 -2.806685704e-02 0.000000000e+00 -7.090941948e+00 2.806685704e-02 -9.996060482e-01 0.000000000e+00 7.472111541e-01 0.000000000e+00 0.000000000e+00 1.000000000e+00 0.000000000e+00
-9.993868444e-01 3.501335817e-02 0.000000000e+00 -7.050556138e+00 -3.501335817e-02 -9.993868444e-01 0.000000000e+00 5.080350609e-01 0.000000000e+00 0.000000000e+00 1.000000000e+00 0.000000000e+00
-9.951073594e-01 9.879951095e-02 0.000000000e+00 -6.993629252e+00 -9.879951095e-02 -9.951073594e-01 0.000000000e+00 2.701198169e-01 0.000000000e+00 0.000000000e+00 1.000000000e+00 0.000000000e+00
-9.868514382e-01 1.616299444e-01 0.000000000e+00 -6.920577567e+00 -1.616299444e-01 -9.868514382e-01 0.000000000e+00 3.533626686e-02 0.000000000e+00 0.000000000e+00 1.000000000e+00 0.000000000e+00
-9.746552471e-01 2.237122020e-01 0.000000000e+00 -6.832293994e+00 -2.237122020e-01 -9.746552471e-01 0.000000000e+00 -1.957062137e-01 0.000000000e+00 0.000000000e+00 1.000000000e+00 0.000000000e+00
-9.584131176e-01 2.853844704e-01 0.000000000e+00 -6.729157318e+00 -2.853844704e-01 -9.584131176e-01 0.000000000e+00 -4.222516433e-01 0.000000000e+00 0.000000000e+00 1.000000000e+00 0.000000000e+00
-9.383038372e-01 3.458119562e-01 0.000000000e+00 -6.611276760e+00 -3.458119562e-01 -9.383038372e-01 0.000000000e+00 -6.421945213e-01 0.000000000e+00 0.000000000e+00 1.000000000e+00 0.000000000e+00
-9.145867986e-01 4.043896485e-01 0.000000000e+00 -6.477706588e+00 -4.043896485e-01 -9.145867986e-01 0.000000000e+00 -8.539172521e-01 0.000000000e+00 0.000000000e+00 1.000000000e+00 0.000000000e+00
-8.870976523e-01 4.615817969e-01 0.000000000e+00 -6.329454148e+00 -4.615817969e-01 -8.870976523e-01 0.000000000e+00 -1.056927436e+00 0.000000000e+00 0.000000000e+00 1.000000000e+00 0.000000000e+00
-8.560364130e-01 5.169155246e-01 0.000000000e+00 -6.168522367e+00 -5.169155246e-01 -8.560364130e-01 0.000000000e+00 -1.249598765e+00 0.000000000e+00 0.000000000e+00 1.000000000e+00 0.000000000e+00
-8.216040076e-01 5.700586415e-01 0.000000000e+00 -5.995105037e+00 -5.700586415e-01 -8.216040076e-01 0.000000000e+00 -1.431869907e+00 0.000000000e+00 0.000000000e+00 1.000000000e+00 0.000000000e+00
-7.838931122e-01 6.208957953e-01 0.000000000e+00 -5.809528965e+00 -6.208957953e-01 -7.838931122e-01 0.000000000e+00 -1.604313853e+00 0.000000000e+00 0.000000000e+00 1.000000000e+00 0.000000000e+00
-7.430746177e-01 6.692085717e-01 0.000000000e+00 -5.612299981e+00 -6.692085717e-01 -7.430746177e-01 0.000000000e+00 -1.765160838e+00 0.000000000e+00 0.000000000e+00 1.000000000e+00 0.000000000e+00
-6.987034499e-01 7.154114125e-01 0.000000000e+00 -5.404027467e+00 -7.154114125e-01 -6.987034499e-01 0.000000000e+00 -1.914351622e+00 0.000000000e+00 0.000000000e+00 1.000000000e+00 0.000000000e+00
-6.518477193e-01 7.583498868e-01 0.000000000e+00 -5.186070377e+00 -7.583498868e-01 -6.518477193e-01 0.000000000e+00 -2.051622602e+00 0.000000000e+00 0.000000000e+00 1.000000000e+00 0.000000000e+00
-6.022414562e-01 7.983139911e-01 0.000000000e+00 -4.958876218e+00 -7.983139911e-01 -6.022414562e-01 0.000000000e+00 -2.174934278e+00 0.000000000e+00 0.000000000e+00 1.000000000e+00 0.000000000e+00
-5.502606971e-01 8.349929133e-01 0.000000000e+00 -4.723231582e+00 -8.349929133e-01 -5.502606971e-01 0.000000000e+00 -2.283372308e+00 0.000000000e+00 0.000000000e+00 1.000000000e+00 0.000000000e+00
-4.965478019e-01 8.680093781e-01 0.000000000e+00 -4.479004225e+00 -8.680093781e-01 -4.965478019e-01 0.000000000e+00 -2.375876690e+00 0.000000000e+00 0.000000000e+00 1.000000000e+00 0.000000000e+00
-4.403360100e-01 8.978330570e-01 0.000000000e+00 -4.227442377e+00 -8.978330570e-01 -4.403360100e-01 0.000000000e+00 -2.452839525e+00 0.000000000e+00 0.000000000e+00 1.000000000e+00 0.000000000e+00
-3.821868689e-01 9.240850595e-01 0.000000000e+00 -3.970237885e+00 -9.240850595e-01 -3.821868689e-01 0.000000000e+00 -2.515558387e+00 0.000000000e+00 0.000000000e+00 1.000000000e+00 0.000000000e+00
-3.227329245e-01 9.464900736e-01 0.000000000e+00 -3.708312738e+00 -9.464900736e-01 -3.227329245e-01 0.000000000e+00 -2.562406805e+00 0.000000000e+00 0.000000000e+00 1.000000000e+00 0.000000000e+00
-2.619255411e-01 9.650880845e-01 0.000000000e+00 -3.442424468e+00 -9.650880845e-01 -2.619255411e-01 0.000000000e+00 -2.592620611e+00 0.000000000e+00 0.000000000e+00 1.000000000e+00 0.000000000e+00
-2.000753584e-01 9.797805116e-01 0.000000000e+00 -3.174206071e+00 -9.797805116e-01 -2.000753584e-01 0.000000000e+00 -2.607515362e+00 0.000000000e+00 0.000000000e+00 1.000000000e+00 0.000000000e+00
-1.371109849e-01 9.905556914e-01 0.000000000e+00 -2.906439181e+00 -9.905556914e-01 -1.371109849e-01 0.000000000e+00 -2.608777534e+00 0.000000000e+00 0.000000000e+00 1.000000000e+00 0.000000000e+00
-7.333576103e-02 9.973073078e-01 0.000000000e+00 -2.639199940e+00 -9.973073078e-01 -7.333576103e-02 0.000000000e+00 -2.594504047e+00 0.000000000e+00 0.000000000e+00 1.000000000e+00 0.000000000e+00
-9.785676987e-03 9.999521191e-01 0.000000000e+00 -2.372261508e+00 -9.999521191e-01 -9.785676987e-03 0.000000000e+00 -2.561906859e+00 0.000000000e+00 0.000000000e+00 1.000000000e+00 0.000000000e+00
5.321895436e-02 9.985828673e-01 0.000000000e+00 -2.106812562e+00 -9.985828673e-01 5.321895436e-02 0.000000000e+00 -2.511840470e+00 0.000000000e+00 0.000000000e+00 1.000000000e+00 0.000000000e+00
1.165642752e-01 9.931831502e-01 0.000000000e+00 -1.843948024e+00 -9.931831502e-01 1.165642752e-01 0.000000000e+00 -2.445051542e+00 0.000000000e+00 0.000000000e+00 1.000000000e+00 0.000000000e+00
1.799145031e-01 9.836822513e-01 0.000000000e+00 -1.584343760e+00 -9.836822513e-01 1.799145031e-01 0.000000000e+00 -2.362799913e+00 0.000000000e+00 0.000000000e+00 1.000000000e+00 0.000000000e+00
2.422058788e-01 9.702248772e-01 0.000000000e+00 -1.328631418e+00 -9.702248772e-01 2.422058788e-01 0.000000000e+00 -2.265119966e+00 0.000000000e+00 0.000000000e+00 1.000000000e+00 0.000000000e+00
3.034661126e-01 9.528422317e-01 0.000000000e+00 -1.077906965e+00 -9.528422317e-01 3.034661126e-01 0.000000000e+00 -2.152002338e+00 0.000000000e+00 0.000000000e+00 1.000000000e+00 0.000000000e+00
3.635264341e-01 9.315838833e-01 0.000000000e+00 -8.332302653e-01 -9.315838833e-01 3.635264341e-01 0.000000000e+00 -2.024955866e+00 0.000000000e+00 0.000000000e+00 1.000000000e+00 0.000000000e+00
4.215264122e-01 9.068161246e-01 0.000000000e+00 -5.949838592e-01 -9.068161246e-01 4.215264122e-01 0.000000000e+00 -1.883187924e+00 0.000000000e+00 0.000000000e+00 1.000000000e+00 0.000000000e+00
4.787404681e-01 8.779564706e-01 0.000000000e+00 -3.638818579e-01 -8.779564706e-01 4.787404681e-01 0.000000000e+00 -1.727007325e+00 0.000000000e+00 0.000000000e+00 1.000000000e+00 0.000000000e+00
5.333715905e-01 8.458810474e-01 0.000000000e+00 -1.413851287e-01 -8.458810474e-01 5.333715905e-01 0.000000000e+00 -1.557588324e+00 0.000000000e+00 0.000000000e+00 1.000000000e+00 0.000000000e+00
5.861112995e-01 8.102305503e-01 0.000000000e+00 7.171133690e-02 -8.102305503e-01 5.861112995e-01 0.000000000e+00 -1.374356210e+00 0.000000000e+00 0.000000000e+00 1.000000000e+00 0.000000000e+00
6.361724448e-01 7.715469010e-01 0.000000000e+00 2.753110931e-01 -7.715469010e-01 6.361724448e-01 0.000000000e+00 -1.176897753e+00 0.000000000e+00 0.000000000e+00 1.000000000e+00 0.000000000e+00
6.840712696e-01 7.294151754e-01 0.000000000e+00 4.685539671e-01 -7.294151754e-01 6.840712696e-01 0.000000000e+00 -9.658833974e-01 0.000000000e+00 0.000000000e+00 1.000000000e+00 0.000000000e+00
7.290675692e-01 6.844417284e-01 0.000000000e+00 6.495379422e-01 -6.844417284e-01 7.290675692e-01 0.000000000e+00 -7.439710213e-01 0.000000000e+00 0.000000000e+00 1.000000000e+00 0.000000000e+00
7.711794720e-01 6.366177989e-01 0.000000000e+00 8.175305644e-01 -6.366177989e-01 7.711794720e-01 0.000000000e+00 -5.116248545e-01 0.000000000e+00 0.000000000e+00 1.000000000e+00 0.000000000e+00
8.100928053e-01 5.863016688e-01 0.000000000e+00 9.726075699e-01 -5.863016688e-01 8.100928053e-01 0.000000000e+00 -2.686972957e-01 0.000000000e+00 0.000000000e+00 1.000000000e+00 0.000000000e+00
8.455289300e-01 5.339296101e-01 0.000000000e+00 1.113179101e+00 -5.339296101e-01 8.455289300e-01 0.000000000e+00 -1.654380749e-02 0.000000000e+00 0.000000000e+00 1.000000000e+00 0.000000000e+00
8.779998277e-01 4.786609474e-01 0.000000000e+00 1.238654298e+00 -4.786609474e-01 8.779998277e-01 0.000000000e+00 2.429704646e-01 0.000000000e+00 0.000000000e+00 1.000000000e+00 0.000000000e+00
9.063278892e-01 4.225751498e-01 0.000000000e+00 1.348932864e+00 -4.225751498e-01 9.063278892e-01 0.000000000e+00 5.086389872e-01 0.000000000e+00 0.000000000e+00 1.000000000e+00 0.000000000e+00
9.313450571e-01 3.641378649e-01 0.000000000e+00 1.443299023e+00 -3.641378649e-01 9.313450571e-01 0.000000000e+00 7.791806989e-01 0.000000000e+00 0.000000000e+00 1.000000000e+00 0.000000000e+00
9.525833060e-01 3.042779078e-01 0.000000000e+00 1.522204221e+00 -3.042779078e-01 9.525833060e-01 0.000000000e+00 1.053247132e+00 0.000000000e+00 0.000000000e+00 1.000000000e+00 0.000000000e+00
9.699370522e-01 2.433559425e-01 0.000000000e+00 1.585753458e+00 -2.433559425e-01 9.699370522e-01 0.000000000e+00 1.329338847e+00 0.000000000e+00 0.000000000e+00 1.000000000e+00 0.000000000e+00
9.834847437e-01 1.809910467e-01 0.000000000e+00 1.633261230e+00 -1.809910467e-01 9.834847437e-01 0.000000000e+00 1.606544896e+00 0.000000000e+00 0.000000000e+00 1.000000000e+00 0.000000000e+00
9.929349001e-01 1.186603732e-01 0.000000000e+00 1.664762686e+00 -1.186603732e-01 9.929349001e-01 0.000000000e+00 1.884757629e+00 0.000000000e+00 0.000000000e+00 1.000000000e+00 0.000000000e+00
9.984903146e-01 5.492805820e-02 0.000000000e+00 1.679992434e+00 -5.492805820e-02 9.984903146e-01 0.000000000e+00 2.162120360e+00 0.000000000e+00 0.000000000e+00 1.000000000e+00 0.000000000e+00
9.999632403e-01 -8.574271888e-03 0.000000000e+00 1.678655791e+00 8.574271888e-03 9.999632403e-01 0.000000000e+00 2.437288777e+00 0.000000000e+00 0.000000000e+00 1.000000000e+00 0.000000000e+00
9.974358244e-01 -7.156658530e-02 0.000000000e+00 1.660835682e+00 7.156658530e-02 9.974358244e-01 0.000000000e+00 2.710747316e+00 0.000000000e+00 0.000000000e+00 1.000000000e+00 0.000000000e+00
9.908861068e-01 -1.347023507e-01 0.000000000e+00 1.627132219e+00 1.347023507e-01 9.908861068e-01 0.000000000e+00 2.982413926e+00 0.000000000e+00 0.000000000e+00 1.000000000e+00 0.000000000e+00
9.803490858e-01 -1.972705500e-01 0.000000000e+00 1.577960147e+00 1.972705500e-01 9.803490858e-01 0.000000000e+00 3.250266619e+00 0.000000000e+00 0.000000000e+00 1.000000000e+00 0.000000000e+00
9.658994985e-01 -2.589172816e-01 0.000000000e+00 1.514319577e+00 2.589172816e-01 9.658994985e-01 0.000000000e+00 3.512969181e+00 0.000000000e+00 0.000000000e+00 1.000000000e+00 0.000000000e+00
9.475144662e-01 -3.197128967e-01 0.000000000e+00 1.435492067e+00 3.197128967e-01 9.475144662e-01 0.000000000e+00 3.770023745e+00 0.000000000e+00 0.000000000e+00 1.000000000e+00 0.000000000e+00
9.252673422e-01 -3.793156277e-01 0.000000000e+00 1.340521867e+00 3.793156277e-01 9.252673422e-01 0.000000000e+00 4.019282222e+00 0.000000000e+00 0.000000000e+00 1.000000000e+00 0.000000000e+00
8.994766066e-01 -4.369689167e-01 0.000000000e+00 1.231426019e+00 4.369689167e-01 8.994766066e-01 0.000000000e+00 4.260164903e+00 0.000000000e+00 0.000000000e+00 1.000000000e+00 0.000000000e+00
8.699524351e-01 -4.931356412e-01 0.000000000e+00 1.109504656e+00 4.931356412e-01 8.699524351e-01 0.000000000e+00 4.493303016e+00 0.000000000e+00 0.000000000e+00 1.000000000e+00 0.000000000e+00
8.368778207e-01 -5.473897270e-01 0.000000000e+00 9.756700902e-01 5.473897270e-01 8.368778207e-01 0.000000000e+00 4.717304011e+00 0.000000000e+00 0.000000000e+00 1.000000000e+00 0.000000000e+00
8.002127021e-01 -5.997162925e-01 0.000000000e+00 8.308955118e-01 5.997162925e-01 8.002127021e-01 0.000000000e+00 4.931336929e+00 0.000000000e+00 0.000000000e+00 1.000000000e+00 0.000000000e+00
7.603951342e-01 -6.494607301e-01 0.000000000e+00 6.746382975e-01 6.494607301e-01 7.603951342e-01 0.000000000e+00 5.134384754e+00 0.000000000e+00 0.000000000e+00 1.000000000e+00 0.000000000e+00
7.174288601e-01 -6.966317756e-01 0.000000000e+00 5.059475535e-01 6.966317756e-01 7.174288601e-01 0.000000000e+00 5.325569165e+00 0.000000000e+00 0.000000000e+00 1.000000000e+00 0.000000000e+00
6.716757092e-01 -7.408452886e-01 0.000000000e+00 3.263664977e-01 7.408452886e-01 6.716757092e-01 0.000000000e+00 5.504381651e+00 0.000000000e+00 0.000000000e+00 1.000000000e+00 0.000000000e+00
6.231251279e-01 -7.821221612e-01 0.000000000e+00 1.364666052e-01 7.821221612e-01 6.231251279e-01 0.000000000e+00 5.670685334e+00 0.000000000e+00 0.000000000e+00 1.000000000e+00 0.000000000e+00
5.721832356e-01 -8.201258104e-01 0.000000000e+00 -6.320871179e-02 8.201258104e-01 5.721832356e-01 0.000000000e+00 5.824202044e+00 0.000000000e+00 0.000000000e+00 1.000000000e+00 0.000000000e+00
5.191203132e-01 -8.547011761e-01 0.000000000e+00 -2.713358559e-01 8.547011761e-01 5.191203132e-01 0.000000000e+00 5.963854047e+00 0.000000000e+00 0.000000000e+00 1.000000000e+00 0.000000000e+00
4.640077988e-01 -8.858311140e-01 0.000000000e+00 -4.865710032e-01 8.858311140e-01 4.640077988e-01 0.000000000e+00 6.089682651e+00 0.000000000e+00 0.000000000e+00 1.000000000e+00 0.000000000e+00
4.070016405e-01 -9.134274271e-01 0.000000000e+00 -7.069072301e-01 9.134274271e-01 4.070016405e-01 0.000000000e+00 6.201450700e+00 0.000000000e+00 0.000000000e+00 1.000000000e+00 0.000000000e+00
3.479267594e-01 -9.375217171e-01 0.000000000e+00 -9.316717552e-01 9.375217171e-01 3.479267594e-01 0.000000000e+00 6.296785195e+00 0.000000000e+00 0.000000000e+00 1.000000000e+00 0.000000000e+00
2.877048240e-01 -9.577191312e-01 0.000000000e+00 -1.160962202e+00 9.577191312e-01 2.877048240e-01 0.000000000e+00 6.375652057e+00 0.000000000e+00 0.000000000e+00 1.000000000e+00 0.000000000e+00
2.259574963e-01 -9.741371617e-01 0.000000000e+00 -1.392461206e+00 9.741371617e-01 2.259574963e-01 0.000000000e+00 6.438227928e+00 0.000000000e+00 0.000000000e+00 1.000000000e+00 0.000000000e+00
1.640007087e-01 -9.864602210e-01 0.000000000e+00 -1.624552665e+00 9.864602210e-01 1.640007087e-01 0.000000000e+00 6.483393874e+00 0.000000000e+00 0.000000000e+00 1.000000000e+00 0.000000000e+00
1.011550014e-01 -9.948706779e-01 0.000000000e+00 -1.857709150e+00 9.948706779e-01 1.011550014e-01 0.000000000e+00 6.512092067e+00 0.000000000e+00 0.000000000e+00 1.000000000e+00 0.000000000e+00
3.801386132e-02 -9.992772120e-01 0.000000000e+00 -2.090379930e+00 9.992772120e-01 3.801386132e-02 0.000000000e+00 6.524645570e+00 0.000000000e+00 0.000000000e+00 1.000000000e+00 0.000000000e+00
-2.557489888e-02 -9.996729088e-01 0.000000000e+00 -2.321254943e+00 9.996729088e-01 -2.557489888e-02 0.000000000e+00 6.524249389e+00 0.000000000e+00 0.000000000e+00 1.000000000e+00 0.000000000e+00
-8.926597980e-02 -9.960078237e-01 0.000000000e+00 -2.550706115e+00 9.960078237e-01 -8.926597980e-02 0.000000000e+00 6.516128793e+00 0.000000000e+00 0.000000000e+00 1.000000000e+00 0.000000000e+00
