1.000000000e+00 0.000000000e+00 0.000000000e+00 0.000000000e+00 0.000000000e+00 1.000000000e+00 0.000000000e+00 0.000000000e+00 0.000000000e+00 0.000000000e+00 1.000000000e+00 0.000000000e+00
9.920588766e-01 -1.257743428e-01 0.000000000e+00 -5.380125661e-02 1.257743428e-01 9.920588766e-01 0.000000000e+00 4.969983822e-01 0.000000000e+00 0.000000000e+00 1.000000000e+00 0.000000000e+00
9.681436423e-01 -2.503954629e-01 0.000000000e+00 -1.596999432e-01 2.503954629e-01 9.681436423e-01 0.000000000e+00 9.805707935e-01 0.000000000e+00 0.000000000e+00 1.000000000e+00 0.000000000e+00
9.289012271e-01 -3.703275717e-01 0.000000000e+00 -3.241468476e-01 3.703275717e-01 9.289012271e-01 0.000000000e+00 1.444062696e+00 0.000000000e+00 0.000000000e+00 1.000000000e+00 0.000000000e+00
8.749206709e-01 -4.842662694e-01 0.000000000e+00 -5.447873862e-01 4.842662694e-01 8.749206709e-01 0.000000000e+00 1.882198198e+00 0.000000000e+00 0.000000000e+00 1.000000000e+00 0.000000000e+00
8.069291270e-01 -5.906482744e-01 0.000000000e+00 -8.168629378e-01 5.906482744e-01 8.069291270e-01 0.000000000e+00 2.287980358e+00 0.000000000e+00 0.000000000e+00 1.000000000e+00 0.000000000e+00
7.260993659e-01 -6.875897839e-01 0.000000000e+00 -1.134303395e+00 6.875897839e-01 7.260993659e-01 0.000000000e+00 2.653738926e+00 0.000000000e+00 0.000000000e+00 1.000000000e+00 0.000000000e+00
6.334990324e-01 -7.737434820e-01 0.000000000e+00 -1.491633940e+00 7.737434820e-01 6.334990324e-01 0.000000000e+00 2.974051333e+00 0.000000000e+00 0.000000000e+00 1.000000000e+00 0.000000000e+00
5.309338373e-01 -8.474132761e-01 0.000000000e+00 -1.883454185e+00 8.474132761e-01 5.309338373e-01 0.000000000e+00 3.245129152e+00 0.000000000e+00 0.000000000e+00 1.000000000e+00 0.000000000e+00
4.197601989e-01 -9.076350453e-01 0.000000000e+00 -2.304459870e+00 9.076350453e-01 4.197601989e-01 0.000000000e+00 3.462477547e+00 0.000000000e+00 0.000000000e+00 1.000000000e+00 0.000000000e+00
3.019034602e-01 -9.533385027e-01 0.000000000e+00 -2.748616647e+00 9.533385027e-01 3.019034602e-01 0.000000000e+00 3.622216166e+00 0.000000000e+00 0.000000000e+00 1.000000000e+00 0.000000000e+00
1.788085335e-01 -9.838838897e-01 0.000000000e+00 -3.207755643e+00 9.838838897e-01 1.788085335e-01 0.000000000e+00 3.721967453e+00 0.000000000e+00 0.000000000e+00 1.000000000e+00 0.000000000e+00
5.371587659e-02 -9.985562601e-01 0.000000000e+00 -3.673851117e+00 9.985562601e-01 5.371587659e-02 0.000000000e+00 3.761035553e+00 0.000000000e+00 0.000000000e+00 1.000000000e+00 0.000000000e+00
-7.239424678e-02 -9.973760941e-01 0.000000000e+00 -4.139674409e+00 9.973760941e-01 -7.239424678e-02 0.000000000e+00 3.738837384e+00 0.000000000e+00 0.000000000e+00 1.000000000e+00 0.000000000e+00
-1.972972618e-01 -9.803437104e-01 0.000000000e+00 -4.597314980e+00 9.803437104e-01 -1.972972618e-01 0.000000000e+00 3.655731901e+00 0.000000000e+00 0.000000000e+00 1.000000000e+00 0.000000000e+00
-3.192017631e-01 -9.476867808e-01 0.000000000e+00 -5.039189345e+00 9.476867808e-01 -3.192017631e-01 0.000000000e+00 3.514379029e+00 0.000000000e+00 0.000000000e+00 1.000000000e+00 0.000000000e+00
-4.360165408e-01 -8.999386513e-01 0.000000000e+00 -5.458383968e+00 8.999386513e-01 -4.360165408e-01 0.000000000e+00 3.317089442e+00 0.000000000e+00 0.000000000e+00 1.000000000e+00 0.000000000e+00
-5.465155674e-01 -8.374489444e-01 0.000000000e+00 -5.847841312e+00 8.374489444e-01 -5.465155674e-01 0.000000000e+00 3.066468802e+00 0.000000000e+00 0.000000000e+00 1.000000000e+00 0.000000000e+00
-6.477837504e-01 -7.618242663e-01 0.000000000e+00 -6.200149602e+00 7.618242663e-01 -6.477837504e-01 0.000000000e+00 2.768047985e+00 0.000000000e+00 0.000000000e+00 1.000000000e+00 0.000000000e+00
-7.386562496e-01 -6.740822983e-01 0.000000000e+00 -6.509274301e+00 6.740822983e-01 -7.386562496e-01 0.000000000e+00 2.427166038e+00 0.000000000e+00 0.000000000e+00 1.000000000e+00 0.000000000e+00
-8.176342467e-01 -5.757379947e-01 0.000000000e+00 -6.769648371e+00 5.757379947e-01 -8.176342467e-01 0.000000000e+00 2.047489141e+00 0.000000000e+00 0.000000000e+00 1.000000000e+00 0.000000000e+00
-8.836635598e-01 -4.681225407e-01 0.000000000e+00 -6.976690610e+00 4.681225407e-01 -8.836635598e-01 0.000000000e+00 1.636573937e+00 0.000000000e+00 0.000000000e+00 1.000000000e+00 0.000000000e+00
-9.352967764e-01 -3.538642960e-01 0.000000000e+00 -7.126703587e+00 3.538642960e-01 -9.352967764e-01 0.000000000e+00 1.204311405e+00 0.000000000e+00 0.000000000e+00 1.000000000e+00 0.000000000e+00
-9.724807884e-01 -2.329830815e-01 0.000000000e+00 -7.216725694e+00 2.329830815e-01 -9.724807884e-01 0.000000000e+00 7.565855716e-01 0.000000000e+00 0.000000000e+00 1.000000000e+00 0.000000000e+00
-9.940679997e-01 -1.087603423e-01 0.000000000e+00 -7.245884390e+00 1.087603423e-01 -9.940679997e-01 0.000000000e+00 2.987535376e-01 0.000000000e+00 0.000000000e+00 1.000000000e+00 0.000000000e+00
-9.998562005e-01 1.695813691e-02 0.000000000e+00 -7.213161709e+00 -1.695813691e-02 -9.998562005e-01 0.000000000e+00 -1.616345013e-01 0.000000000e+00 0.000000000e+00 1.000000000e+00 0.000000000e+00
-9.897874784e-01 1.425508595e-01 0.000000000e+00 -7.117834120e+00 -1.425508595e-01 -9.897874784e-01 0.000000000e+00 -6.171214173e-01 0.000000000e+00 0.000000000e+00 1.000000000e+00 0.000000000e+00
-9.640012181e-01 2.658978214e-01 0.000000000e+00 -6.961740153e+00 -2.658978214e-01 -9.640012181e-01 0.000000000e+00 -1.059520543e+00 0.000000000e+00 0.000000000e+00 1.000000000e+00 0.000000000e+00
-9.226393351e-01 3.856639177e-01 0.000000000e+00 -6.746613591e+00 -3.856639177e-01 -9.226393351e-01 0.000000000e+00 -1.480509254e+00 0.000000000e+00 0.000000000e+00 1.000000000e+00 0.000000000e+00
-8.668170254e-01 4.986263576e-01 0.000000000e+00 -6.476859832e+00 -4.986263576e-01 -8.668170254e-01 0.000000000e+00 -1.872542137e+00 0.000000000e+00 0.000000000e+00 1.000000000e+00 0.000000000e+00
-7.972525856e-01 6.036458522e-01 0.000000000e+00 -6.157600152e+00 -6.036458522e-01 -7.972525856e-01 0.000000000e+00 -2.229016856e+00 0.000000000e+00 0.000000000e+00 1.000000000e+00 0.000000000e+00
-7.149294072e-01 6.991966410e-01 0.000000000e+00 -5.792445912e+00 -6.991966410e-01 -7.149294072e-01 0.000000000e+00 -2.544162306e+00 0.000000000e+00 0.000000000e+00 1.000000000e+00 0.000000000e+00
-6.215894884e-01 7.833431610e-01 0.000000000e+00 -5.387465813e+00 -7.833431610e-01 -6.215894884e-01 0.000000000e+00 -2.813283831e+00 0.000000000e+00 0.000000000e+00 1.000000000e+00 0.000000000e+00
-5.179383325e-01 8.554179585e-01 0.000000000e+00 -4.947483584e+00 -8.554179585e-01 -5.179383325e-01 0.000000000e+00 -3.032476412e+00 0.000000000e+00 0.000000000e+00 1.000000000e+00 0.000000000e+00
-4.061081976e-01 9.138250007e-01 0.000000000e+00 -4.478510047e+00 -9.138250007e-01 -4.061081976e-01 0.000000000e+00 -3.198009112e+00 0.000000000e+00 0.000000000e+00 1.000000000e+00 0.000000000e+00
-2.872701294e-01 9.578496086e-01 0.000000000e+00 -3.989360251e+00 -9.578496086e-01 -2.872701294e-01 0.000000000e+00 -3.306124831e+00 0.000000000e+00 0.000000000e+00 1.000000000e+00 0.000000000e+00
-1.641049370e-01 9.864428872e-01 0.000000000e+00 -3.487780768e+00 -9.864428872e-01 -1.641049370e-01 0.000000000e+00 -3.353835380e+00 0.000000000e+00 0.000000000e+00 1.000000000e+00 0.000000000e+00
-3.824688872e-02 9.992683201e-01 0.000000000e+00 -2.980071301e+00 -9.992683201e-01 -3.824688872e-02 0.000000000e+00 -3.339188477e+00 0.000000000e+00 0.000000000e+00 1.000000000e+00 0.000000000e+00
8.804437612e-02 9.961165533e-01 0.000000000e+00 -2.474141714e+00 -9.961165533e-01 8.804437612e-02 0.000000000e+00 -3.262211657e+00 0.000000000e+00 0.000000000e+00 1.000000000e+00 0.000000000e+00
2.131847601e-01 9.770119027e-01 0.000000000e+00 -1.979875583e+00 -9.770119027e-01 2.131847601e-01 0.000000000e+00 -3.125564052e+00 0.000000000e+00 0.000000000e+00 1.000000000e+00 0.000000000e+00
3.346790496e-01 9.423321780e-01 0.000000000e+00 -1.504794660e+00 -9.423321780e-01 3.346790496e-01 0.000000000e+00 -2.932007193e+00 0.000000000e+00 0.000000000e+00 1.000000000e+00 0.000000000e+00
4.505702189e-01 8.927409915e-01 0.000000000e+00 -1.054621222e+00 -8.927409915e-01 4.505702189e-01 0.000000000e+00 -2.682963228e+00 0.000000000e+00 0.000000000e+00 1.000000000e+00 0.000000000e+00
5.592390107e-01 8.290064710e-01 0.000000000e+00 -6.359248435e-01 -8.290064710e-01 5.592390107e-01 0.000000000e+00 -2.380262619e+00 0.000000000e+00 0.000000000e+00 1.000000000e+00 0.000000000e+00
6.597008133e-01 7.515283341e-01 0.000000000e+00 -2.561562315e-01 -7.515283341e-01 6.597008133e-01 0.000000000e+00 -2.028139873e+00 0.000000000e+00 0.000000000e+00 1.000000000e+00 0.000000000e+00
7.491768006e-01 6.623700790e-01 0.000000000e+00 7.921918463e-02 -6.623700790e-01 7.491768006e-01 0.000000000e+00 -1.632752536e+00 0.000000000e+00 0.000000000e+00 1.000000000e+00 0.000000000e+00
8.265357658e-01 5.628842046e-01 0.000000000e+00 3.655368785e-01 -5.628842046e-01 8.265357658e-01 0.000000000e+00 -1.200673221e+00 0.000000000e+00 0.000000000e+00 1.000000000e+00 0.000000000e+00
8.908491195e-01 4.542992915e-01 0.000000000e+00 5.988106084e-01 -4.542992915e-01 8.908491195e-01 0.000000000e+00 -7.380609027e-01 0.000000000e+00 0.000000000e+00 1.000000000e+00 0.000000000e+00
9.410106491e-01 3.383769470e-01 0.000000000e+00 7.747996898e-01 -3.383769470e-01 9.410106491e-01 0.000000000e+00 -2.519142558e-01 0.000000000e+00 0.000000000e+00 1.000000000e+00 0.000000000e+00
9.762528415e-01 2.166342298e-01 0.000000000e+00 8.903368382e-01 -2.166342298e-01 9.762528415e-01 0.000000000e+00 2.500743479e-01 0.000000000e+00 0.000000000e+00 1.000000000e+00 0.000000000e+00
9.957833422e-01 9.173622745e-02 0.000000000e+00 9.444888234e-01 -9.173622745e-02 9.957833422e-01 0.000000000e+00 7.604111243e-01 0.000000000e+00 0.000000000e+00 1.000000000e+00 0.000000000e+00
9.994043601e-01 -3.450978065e-02 0.000000000e+00 9.368598071e-01 3.450978065e-02 9.994043601e-01 0.000000000e+00 1.272391177e+00 0.000000000e+00 0.000000000e+00 1.000000000e+00 0.000000000e+00
9.870410297e-01 -1.604680831e-01 0.000000000e+00 8.680655246e-01 1.604680831e-01 9.870410297e-01 0.000000000e+00 1.777409787e+00 0.000000000e+00 0.000000000e+00 1.000000000e+00 0.000000000e+00
9.590509666e-01 -2.832335494e-01 0.000000000e+00 7.378393917e-01 2.832335494e-01 9.590509666e-01 0.000000000e+00 2.266889248e+00 0.000000000e+00 0.000000000e+00 1.000000000e+00 0.000000000e+00
9.157295218e-01 -4.017952749e-01 0.000000000e+00 5.492148499e-01 4.017952749e-01 9.157295218e-01 0.000000000e+00 2.735498665e+00 0.000000000e+00 0.000000000e+00 1.000000000e+00 0.000000000e+00
8.575347816e-01 -5.144259892e-01 0.000000000e+00 3.075558198e-01 5.144259892e-01 8.575347816e-01 0.000000000e+00 3.177093818e+00 0.000000000e+00 0.000000000e+00 1.000000000e+00 0.000000000e+00
7.859402578e-01 -6.183024431e-01 0.000000000e+00 1.643770699e-02 6.183024431e-01 7.859402578e-01 0.000000000e+00 3.583648165e+00 0.000000000e+00 0.000000000e+00 1.000000000e+00 0.000000000e+00
7.018421809e-01 -7.123324737e-01 0.000000000e+00 -3.201259598e-01 7.123324737e-01 7.018421809e-01 0.000000000e+00 3.949452964e+00 0.000000000e+00 0.000000000e+00 1.000000000e+00 0.000000000e+00
6.062405577e-01 -7.952813252e-01 0.000000000e+00 -6.960516020e-01 7.952813252e-01 6.062405577e-01 0.000000000e+00 4.271548524e+00 0.000000000e+00 0.000000000e+00 1.000000000e+00 0.000000000e+00
5.015829205e-01 -8.651095733e-01 0.000000000e+00 -1.104146907e+00 8.651095733e-01 5.015829205e-01 0.000000000e+00 4.544370567e+00 0.000000000e+00 0.000000000e+00 1.000000000e+00 0.000000000e+00
3.891914957e-01 -9.211568703e-01 0.000000000e+00 -1.537443321e+00 9.211568703e-01 3.891914957e-01 0.000000000e+00 4.761789240e+00 0.000000000e+00 0.000000000e+00 1.000000000e+00 0.000000000e+00
2.699148223e-01 -9.628842032e-01 0.000000000e+00 -1.990211775e+00 9.628842032e-01 2.699148223e-01 0.000000000e+00 4.921461913e+00 0.000000000e+00 0.000000000e+00 1.000000000e+00 0.000000000e+00
1.465798682e-01 -9.891988386e-01 0.000000000e+00 -2.454997592e+00 9.891988386e-01 1.465798682e-01 0.000000000e+00 5.021185561e+00 0.000000000e+00 0.000000000e+00 1.000000000e+00 0.000000000e+00
2.084785050e-02 -9.997826599e-01 0.000000000e+00 -2.923349157e+00 9.997826599e-01 2.084785050e-02 0.000000000e+00 5.059454092e+00 0.000000000e+00 0.000000000e+00 1.000000000e+00 0.000000000e+00
-1.055907778e-01 -9.944096679e-01 0.000000000e+00 -3.387220066e+00 9.944096679e-01 -1.055907778e-01 0.000000000e+00 5.036079147e+00 0.000000000e+00 0.000000000e+00 1.000000000e+00 0.000000000e+00
-2.296614316e-01 -9.732705825e-01 0.000000000e+00 -3.839802403e+00 9.732705825e-01 -2.296614316e-01 0.000000000e+00 4.950465059e+00 0.000000000e+00 0.000000000e+00 1.000000000e+00 0.000000000e+00
-3.506591098e-01 -9.365031707e-01 0.000000000e+00 -4.272846205e+00 9.365031707e-01 -3.506591098e-01 0.000000000e+00 4.804950814e+00 0.000000000e+00 0.000000000e+00 1.000000000e+00 0.000000000e+00
-4.656073540e-01 -8.849914078e-01 0.000000000e+00 -4.678129245e+00 8.849914078e-01 -4.656073540e-01 0.000000000e+00 4.604770386e+00 0.000000000e+00 0.000000000e+00 1.000000000e+00 0.000000000e+00
-5.735965972e-01 -8.191379271e-01 0.000000000e+00 -5.050119662e+00 8.191379271e-01 -5.735965972e-01 0.000000000e+00 4.354207111e+00 0.000000000e+00 0.000000000e+00 1.000000000e+00 0.000000000e+00
-6.721812171e-01 -7.403866635e-01 0.000000000e+00 -5.382299058e+00 7.403866635e-01 -6.721812171e-01 0.000000000e+00 4.057405627e+00 0.000000000e+00 0.000000000e+00 1.000000000e+00 0.000000000e+00
-7.600589005e-01 -6.498541896e-01 0.000000000e+00 -5.669956898e+00 6.498541896e-01 -7.600589005e-01 0.000000000e+00 3.720326530e+00 0.000000000e+00 0.000000000e+00 1.000000000e+00 0.000000000e+00
-8.359156841e-01 -5.488578770e-01 0.000000000e+00 -5.908036201e+00 5.488578770e-01 -8.359156841e-01 0.000000000e+00 3.348255788e+00 0.000000000e+00 0.000000000e+00 1.000000000e+00 0.000000000e+00
-8.985335657e-01 -4.389048089e-01 0.000000000e+00 -6.091256256e+00 4.389048089e-01 -8.985335657e-01 0.000000000e+00 2.946887125e+00 0.000000000e+00 0.000000000e+00 1.000000000e+00 0.000000000e+00
-9.466223157e-01 -3.223448330e-01 0.000000000e+00 -6.216664879e+00 3.223448330e-01 -9.466223157e-01 0.000000000e+00 2.523215362e+00 0.000000000e+00 0.000000000e+00 1.000000000e+00 0.000000000e+00
-9.796688446e-01 -2.006214221e-01 0.000000000e+00 -6.281728876e+00 2.006214221e-01 -9.796688446e-01 0.000000000e+00 2.083244739e+00 0.000000000e+00 0.000000000e+00 1.000000000e+00 0.000000000e+00
-9.971500813e-01 -7.544345793e-02 0.000000000e+00 -6.285849935e+00 7.544345793e-02 -9.971500813e-01 0.000000000e+00 1.633920938e+00 0.000000000e+00 0.000000000e+00 1.000000000e+00 0.000000000e+00
-9.987018344e-01 5.093766842e-02 0.000000000e+00 -6.228760937e+00 -5.093766842e-02 -9.987018344e-01 0.000000000e+00 1.184029046e+00 0.000000000e+00 0.000000000e+00 1.000000000e+00 0.000000000e+00
-9.842869217e-01 1.765764868e-01 0.000000000e+00 -6.110352685e+00 -1.765764868e-01 -9.842869217e-01 0.000000000e+00 7.416663911e-01 0.000000000e+00 0.000000000e+00 1.000000000e+00 0.000000000e+00
-9.541087455e-01 2.994603509e-01 0.000000000e+00 -5.932445926e+00 -2.994603509e-01 -9.541087455e-01 0.000000000e+00 3.157169526e-01 0.000000000e+00 0.000000000e+00 1.000000000e+00 0.000000000e+00
-9.089737081e-01 4.168534491e-01 0.000000000e+00 -5.697245974e+00 -4.168534491e-01 -9.089737081e-01 0.000000000e+00 -8.736091375e-02 0.000000000e+00 0.000000000e+00 1.000000000e+00 0.000000000e+00
-8.491909266e-01 5.280859497e-01 0.000000000e+00 -5.409263461e+00 -5.280859497e-01 -8.491909266e-01 0.000000000e+00 -4.620752342e-01 0.000000000e+00 0.000000000e+00 1.000000000e+00 0.000000000e+00
-7.759114579e-01 6.308418260e-01 0.000000000e+00 -5.073290919e+00 -6.308418260e-01 -7.759114579e-01 0.000000000e+00 -8.012816191e-01 0.000000000e+00 0.000000000e+00 1.000000000e+00 0.000000000e+00
-6.900182464e-01 7.237919727e-01 0.000000000e+00 -4.693201424e+00 -7.237919727e-01 -6.900182464e-01 0.000000000e+00 -1.098605955e+00 0.000000000e+00 0.000000000e+00 1.000000000e+00 0.000000000e+00
-5.934537571e-01 8.048680874e-01 0.000000000e+00 -4.274273487e+00 -8.048680874e-01 -5.934537571e-01 0.000000000e+00 -1.348209413e+00 0.000000000e+00 0.000000000e+00 1.000000000e+00 0.000000000e+00
-4.871748860e-01 8.733044317e-01 0.000000000e+00 -3.823199709e+00 -8.733044317e-01 -4.871748860e-01 0.000000000e+00 -1.545271621e+00 0.000000000e+00 0.000000000e+00 1.000000000e+00 0.000000000e+00
-3.733554693e-01 9.276883602e-01 0.000000000e+00 -3.346793276e+00 -9.276883602e-01 -3.733554693e-01 0.000000000e+00 -1.685934167e+00 0.000000000e+00 0.000000000e+00 1.000000000e+00 0.000000000e+00
-2.533147762e-01 9.673839073e-01 0.000000000e+00 -2.852805693e+00 -9.673839073e-01 -2.533147762e-01 0.000000000e+00 -1.767756351e+00 0.000000000e+00 0.000000000e+00 1.000000000e+00 0.000000000e+00
-1.292639519e-01 9.916102212e-01 0.000000000e+00 -2.348517780e+00 -9.916102212e-01 -1.292639519e-01 0.000000000e+00 -1.789195508e+00 0.000000000e+00 0.000000000e+00 1.000000000e+00 0.000000000e+00
-2.877228072e-03 9.999958608e-01 0.000000000e+00 -1.840279974e+00 -9.999958608e-01 -2.877228072e-03 0.000000000e+00 -1.748459155e+00 0.000000000e+00 0.000000000e+00 1.000000000e+00 0.000000000e+00
1.234606209e-01 9.923494723e-01 0.000000000e+00 -1.336360432e+00 -9.923494723e-01 1.234606209e-01 0.000000000e+00 -1.646427895e+00 0.000000000e+00 0.000000000e+00 1.000000000e+00 0.000000000e+00
2.475274115e-01 9.688808908e-01 0.000000000e+00 -8.450451869e-01 -9.688808908e-01 2.475274115e-01 0.000000000e+00 -1.484934974e+00 0.000000000e+00 0.000000000e+00 1.000000000e+00 0.000000000e+00
3.675119573e-01 9.300187962e-01 0.000000000e+00 -3.722157985e-01 -9.300187962e-01 3.675119573e-01 0.000000000e+00 -1.265390996e+00 0.000000000e+00 0.000000000e+00 1.000000000e+00 0.000000000e+00
4.817692372e-01 8.762981240e-01 0.000000000e+00 7.549842287e-02 -8.762981240e-01 4.817692372e-01 0.000000000e+00 -9.908361275e-01 0.000000000e+00 0.000000000e+00 1.000000000e+00 0.000000000e+00
5.884359293e-01 8.085438498e-01 0.000000000e+00 4.900136986e-01 -8.085438498e-01 5.884359293e-01 0.000000000e+00 -6.641727833e-01 0.000000000e+00 0.000000000e+00 1.000000000e+00 0.000000000e+00
6.854420860e-01 7.281271501e-01 0.000000000e+00 8.656047058e-01 -7.281271501e-01 6.854420860e-01 0.000000000e+00 -2.902388514e-01 0.000000000e+00 0.000000000e+00 1.000000000e+00 0.000000000e+00
7.718855037e-01 6.357615663e-01 0.000000000e+00 1.196948184e+00 -6.357615663e-01 7.718855037e-01 0.000000000e+00 1.246940226e-01 0.000000000e+00 0.000000000e+00 1.000000000e+00 0.000000000e+00
8.455495707e-01 5.338969222e-01 0.000000000e+00 1.478721128e+00 -5.338969222e-01 8.455495707e-01 0.000000000e+00 5.739989776e-01 0.000000000e+00 0.000000000e+00 1.000000000e+00 0.000000000e+00
9.060953668e-01 4.230734998e-01 0.000000000e+00 1.706393425e+00 -4.230734998e-01 9.060953668e-01 0.000000000e+00 1.052102911e+00 0.000000000e+00 0.000000000e+00 1.000000000e+00 0.000000000e+00
9.521196909e-01 3.057255209e-01 0.000000000e+00 1.876109034e+00 -3.057255209e-01 9.521196909e-01 0.000000000e+00 1.551802692e+00 0.000000000e+00 0.000000000e+00 1.000000000e+00 0.000000000e+00
9.830311337e-01 1.834387915e-01 0.000000000e+00 1.984753144e+00 -1.834387915e-01 9.830311337e-01 0.000000000e+00 2.064522692e+00 0.000000000e+00 0.000000000e+00 1.000000000e+00 0.000000000e+00
9.983155722e-01 5.801739597e-02 0.000000000e+00 2.038917575e+00 -5.801739597e-02 9.983155722e-01 0.000000000e+00 2.584581447e+00 0.000000000e+00 0.000000000e+00 1.000000000e+00 0.000000000e+00
9.976558302e-01 -6.843131276e-02 0.000000000e+00 2.054987302e+00 6.843131276e-02 9.976558302e-01 0.000000000e+00 3.107293397e+00 0.000000000e+00 0.000000000e+00 1.000000000e+00 0.000000000e+00
