1.000000000e+00 0.000000000e+00 0.000000000e+00 0.000000000e+00 0.000000000e+00 1.000000000e+00 0.000000000e+00 0.000000000e+00 0.000000000e+00 0.000000000e+00 1.000000000e+00 0.000000000e+00
9.940671323e-01 -1.087682700e-01 0.000000000e+00 -3.730041530e-02 1.087682700e-01 9.940671323e-01 0.000000000e+00 2.476274978e-01 0.000000000e+00 0.000000000e+00 1.000000000e+00 0.000000000e+00
9.772081944e-01 -2.122831710e-01 0.000000000e+00 -9.577907308e-02 2.122831710e-01 9.772081944e-01 0.000000000e+00 4.907981094e-01 0.000000000e+00 0.000000000e+00 1.000000000e+00 0.000000000e+00
9.518826253e-01 -3.064628325e-01 0.000000000e+00 -1.762691708e-01 3.064628325e-01 9.518826253e-01 0.000000000e+00 7.243475031e-01 0.000000000e+00 0.000000000e+00 1.000000000e+00 0.000000000e+00
9.209018480e-01 -3.897945438e-01 0.000000000e+00 -2.763961246e-01 3.897945438e-01 9.209018480e-01 0.000000000e+00 9.475020073e-01 0.000000000e+00 0.000000000e+00 1.000000000e+00 0.000000000e+00
8.877463936e-01 -4.603328586e-01 0.000000000e+00 -3.918328282e-01 4.603328586e-01 8.877463936e-01 0.000000000e+00 1.162600218e+00 0.000000000e+00 0.000000000e+00 1.000000000e+00 0.000000000e+00
8.561281716e-01 -5.167635376e-01 0.000000000e+00 -5.186062165e-01 5.167635376e-01 8.561281716e-01 0.000000000e+00 1.370474046e+00 0.000000000e+00 0.000000000e+00 1.000000000e+00 0.000000000e+00
8.289959196e-01 -5.592546515e-01 0.000000000e+00 -6.538314243e-01 5.592546515e-01 8.289959196e-01 0.000000000e+00 1.570947859e+00 0.000000000e+00 0.000000000e+00 1.000000000e+00 0.000000000e+00
8.093500083e-01 -5.873266247e-01 0.000000000e+00 -7.947521257e-01 5.873266247e-01 8.093500083e-01 0.000000000e+00 1.765433643e+00 0.000000000e+00 0.000000000e+00 1.000000000e+00 0.000000000e+00
7.987269850e-01 -6.016936127e-01 0.000000000e+00 -9.375506487e-01 6.016936127e-01 7.987269850e-01 0.000000000e+00 1.957731928e+00 0.000000000e+00 0.000000000e+00 1.000000000e+00 0.000000000e+00
7.982185770e-01 -6.023679136e-01 0.000000000e+00 -1.078646271e+00 6.023679136e-01 7.982185770e-01 0.000000000e+00 2.151568979e+00 0.000000000e+00 0.000000000e+00 1.000000000e+00 0.000000000e+00
8.080348194e-01 -5.891347304e-01 0.000000000e+00 -1.215095841e+00 5.891347304e-01 8.080348194e-01 0.000000000e+00 2.349648661e+00 0.000000000e+00 0.000000000e+00 1.000000000e+00 0.000000000e+00
8.268794538e-01 -5.623792038e-01 0.000000000e+00 -1.342416549e+00 5.623792038e-01 8.268794538e-01 0.000000000e+00 2.553768004e+00 0.000000000e+00 0.000000000e+00 1.000000000e+00 0.000000000e+00
8.533909566e-01 -5.212714027e-01 0.000000000e+00 -1.457243735e+00 5.212714027e-01 8.533909566e-01 0.000000000e+00 2.764597571e+00 0.000000000e+00 0.000000000e+00 1.000000000e+00 0.000000000e+00
8.850785631e-01 -4.654416582e-01 0.000000000e+00 -1.557180266e+00 4.654416582e-01 8.850785631e-01 0.000000000e+00 2.982950356e+00 0.000000000e+00 0.000000000e+00 1.000000000e+00 0.000000000e+00
9.181499577e-01 -3.962330820e-01 0.000000000e+00 -1.638101669e+00 3.962330820e-01 9.181499577e-01 0.000000000e+00 3.209351696e+00 0.000000000e+00 0.000000000e+00 1.000000000e+00 0.000000000e+00
9.493221994e-01 -3.143045686e-01 0.000000000e+00 -1.695691615e+00 3.143045686e-01 9.493221994e-01 0.000000000e+00 3.442420580e+00 0.000000000e+00 0.000000000e+00 1.000000000e+00 0.000000000e+00
9.752694203e-01 -2.210193609e-01 0.000000000e+00 -1.726720106e+00 2.210193609e-01 9.752694203e-01 0.000000000e+00 3.680660077e+00 0.000000000e+00 0.000000000e+00 1.000000000e+00 0.000000000e+00
9.928458356e-01 -1.194032941e-01 0.000000000e+00 -1.729887177e+00 1.194032941e-01 9.928458356e-01 0.000000000e+00 3.922007626e+00 0.000000000e+00 0.000000000e+00 1.000000000e+00 0.000000000e+00
9.999256656e-01 -1.219275404e-02 0.000000000e+00 -1.704869000e+00 1.219275404e-02 9.999256656e-01 0.000000000e+00 4.163315315e+00 0.000000000e+00 0.000000000e+00 1.000000000e+00 0.000000000e+00
9.953492782e-01 9.633179304e-02 0.000000000e+00 -1.651929716e+00 -9.633179304e-02 9.953492782e-01 0.000000000e+00 4.401361179e+00 0.000000000e+00 0.000000000e+00 1.000000000e+00 0.000000000e+00
9.793274161e-01 2.022815169e-01 0.000000000e+00 -1.571593793e+00 -2.022815169e-01 9.793274161e-01 0.000000000e+00 4.634220559e+00 0.000000000e+00 0.000000000e+00 1.000000000e+00 0.000000000e+00
9.531798402e-01 3.024040215e-01 0.000000000e+00 -1.465283958e+00 -3.024040215e-01 9.531798402e-01 0.000000000e+00 4.859768277e+00 0.000000000e+00 0.000000000e+00 1.000000000e+00 0.000000000e+00
9.195994975e-01 3.928571803e-01 0.000000000e+00 -1.335668889e+00 -3.928571803e-01 9.195994975e-01 0.000000000e+00 5.075331516e+00 0.000000000e+00 0.000000000e+00 1.000000000e+00 0.000000000e+00
8.816715446e-01 4.718636323e-01 0.000000000e+00 -1.185779112e+00 -4.718636323e-01 8.816715446e-01 0.000000000e+00 5.280092949e+00 0.000000000e+00 0.000000000e+00 1.000000000e+00 0.000000000e+00
8.430382681e-01 5.378535847e-01 0.000000000e+00 -1.018224034e+00 -5.378535847e-01 8.430382681e-01 0.000000000e+00 5.473733121e+00 0.000000000e+00 0.000000000e+00 1.000000000e+00 0.000000000e+00
8.070783320e-01 5.904443801e-01 0.000000000e+00 -8.359263112e-01 -5.904443801e-01 8.070783320e-01 0.000000000e+00 5.657218227e+00 0.000000000e+00 0.000000000e+00 1.000000000e+00 0.000000000e+00
7.774438860e-01 6.289523067e-01 0.000000000e+00 -6.428854041e-01 -6.289523067e-01 7.774438860e-01 0.000000000e+00 5.832986468e+00 0.000000000e+00 0.000000000e+00 1.000000000e+00 0.000000000e+00
7.559749067e-01 6.546005961e-01 0.000000000e+00 -4.427860733e-01 -6.546005961e-01 7.559749067e-01 0.000000000e+00 6.002502900e+00 0.000000000e+00 0.000000000e+00 1.000000000e+00 0.000000000e+00
7.450805206e-01 6.669745256e-01 0.000000000e+00 -2.386997310e-01 -6.669745256e-01 7.450805206e-01 0.000000000e+00 6.167382582e+00 0.000000000e+00 0.000000000e+00 1.000000000e+00 0.000000000e+00
7.457124802e-01 6.662678867e-01 0.000000000e+00 -3.375831381e-02 -6.662678867e-01 7.457124802e-01 0.000000000e+00 6.330005254e+00 0.000000000e+00 0.000000000e+00 1.000000000e+00 0.000000000e+00
7.573970746e-01 6.529545707e-01 0.000000000e+00 1.688306394e-01 -6.529545707e-01 7.573970746e-01 0.000000000e+00 6.492544387e+00 0.000000000e+00 0.000000000e+00 1.000000000e+00 0.000000000e+00
7.793722761e-01 6.265611345e-01 0.000000000e+00 3.660786207e-01 -6.265611345e-01 7.793722761e-01 0.000000000e+00 6.657224015e+00 0.000000000e+00 0.000000000e+00 1.000000000e+00 0.000000000e+00
8.101449736e-01 5.862295811e-01 0.000000000e+00 5.554443231e-01 -5.862295811e-01 8.101449736e-01 0.000000000e+00 6.826498583e+00 0.000000000e+00 0.000000000e+00 1.000000000e+00 0.000000000e+00
8.463780005e-01 5.325826511e-01 0.000000000e+00 7.328102077e-01 -5.325826511e-01 8.463780005e-01 0.000000000e+00 7.002822265e+00 0.000000000e+00 0.000000000e+00 1.000000000e+00 0.000000000e+00
8.851474721e-01 4.653105980e-01 0.000000000e+00 8.926128814e-01 -4.653105980e-01 8.851474721e-01 0.000000000e+00 7.186912998e+00 0.000000000e+00 0.000000000e+00 1.000000000e+00 0.000000000e+00
9.231163728e-01 3.845206917e-01 0.000000000e+00 1.031712408e+00 -3.845206917e-01 9.231163728e-01 0.000000000e+00 7.377273558e+00 0.000000000e+00 0.000000000e+00 1.000000000e+00 0.000000000e+00
9.562994962e-01 2.923889080e-01 0.000000000e+00 1.148816714e+00 -2.923889080e-01 9.562994962e-01 0.000000000e+00 7.572856311e+00 0.000000000e+00 0.000000000e+00 1.000000000e+00 0.000000000e+00
9.815649150e-01 1.911290600e-01 0.000000000e+00 1.241807069e+00 -1.911290600e-01 9.815649150e-01 0.000000000e+00 7.772366687e+00 0.000000000e+00 0.000000000e+00 1.000000000e+00 0.000000000e+00
9.964621425e-01 8.404283756e-02 0.000000000e+00 1.309529604e+00 -8.404283756e-02 9.964621425e-01 0.000000000e+00 7.970650146e+00 0.000000000e+00 0.000000000e+00 1.000000000e+00 0.000000000e+00
9.996684732e-01 -2.574769295e-02 0.000000000e+00 1.352948605e+00 2.574769295e-02 9.996684732e-01 0.000000000e+00 8.166071279e+00 0.000000000e+00 0.000000000e+00 1.000000000e+00 0.000000000e+00
9.909415390e-01 -1.342939551e-01 0.000000000e+00 1.373109461e+00 1.342939551e-01 9.909415390e-01 0.000000000e+00 8.358670234e+00 0.000000000e+00 0.000000000e+00 1.000000000e+00 0.000000000e+00
9.715471658e-01 -2.368461622e-01 0.000000000e+00 1.371095700e+00 2.368461622e-01 9.715471658e-01 0.000000000e+00 8.545004013e+00 0.000000000e+00 0.000000000e+00 1.000000000e+00 0.000000000e+00
9.437133579e-01 -3.307644148e-01 0.000000000e+00 1.347131633e+00 3.307644148e-01 9.437133579e-01 0.000000000e+00 8.722573950e+00 0.000000000e+00 0.000000000e+00 1.000000000e+00 0.000000000e+00
9.106860967e-01 -4.130990599e-01 0.000000000e+00 1.303366918e+00 4.130990599e-01 9.106860967e-01 0.000000000e+00 8.890506368e+00 0.000000000e+00 0.000000000e+00 1.000000000e+00 0.000000000e+00
8.759163006e-01 -4.824630912e-01 0.000000000e+00 1.244288759e+00 4.824630912e-01 8.759163006e-01 0.000000000e+00 9.049695818e+00 0.000000000e+00 0.000000000e+00 1.000000000e+00 0.000000000e+00
8.429305981e-01 -5.380223107e-01 0.000000000e+00 1.174272983e+00 5.380223107e-01 8.429305981e-01 0.000000000e+00 9.200553761e+00 0.000000000e+00 0.000000000e+00 1.000000000e+00 0.000000000e+00
8.147367682e-01 -5.798310086e-01 0.000000000e+00 1.096942586e+00 5.798310086e-01 8.147367682e-01 0.000000000e+00 9.344480771e+00 0.000000000e+00 0.000000000e+00 1.000000000e+00 0.000000000e+00
7.940879390e-01 -6.078028835e-01 0.000000000e+00 1.014666924e+00 6.078028835e-01 7.940879390e-01 0.000000000e+00 9.483439784e+00 0.000000000e+00 0.000000000e+00 1.000000000e+00 0.000000000e+00
7.830325787e-01 -6.219806916e-01 0.000000000e+00 9.315942530e-01 6.219806916e-01 7.830325787e-01 0.000000000e+00 9.619171757e+00 0.000000000e+00 0.000000000e+00 1.000000000e+00 0.000000000e+00
7.825110061e-01 -6.226367523e-01 0.000000000e+00 8.520061959e-01 6.226367523e-01 7.825110061e-01 0.000000000e+00 9.754365765e+00 0.000000000e+00 0.000000000e+00 1.000000000e+00 0.000000000e+00
7.926580639e-01 -6.096664611e-01 0.000000000e+00 7.785083736e-01 6.096664611e-01 7.926580639e-01 0.000000000e+00 9.891893946e+00 0.000000000e+00 0.000000000e+00 1.000000000e+00 0.000000000e+00
8.122929244e-01 -5.832496935e-01 0.000000000e+00 7.138174409e-01 5.832496935e-01 8.122929244e-01 0.000000000e+00 1.003408492e+01 0.000000000e+00 0.000000000e+00 1.000000000e+00 0.000000000e+00
8.398117427e-01 -5.428777365e-01 0.000000000e+00 6.615876534e-01 5.428777365e-01 8.398117427e-01 0.000000000e+00 1.018280219e+01 0.000000000e+00 0.000000000e+00 1.000000000e+00 0.000000000e+00
8.725228208e-01 -4.885733590e-01 0.000000000e+00 6.233883236e-01 4.885733590e-01 8.725228208e-01 0.000000000e+00 1.033900443e+01 0.000000000e+00 0.000000000e+00 1.000000000e+00 0.000000000e+00
9.075082054e-01 -4.200343523e-01 0.000000000e+00 6.018464706e-01 4.200343523e-01 9.075082054e-01 0.000000000e+00 1.050303702e+01 0.000000000e+00 0.000000000e+00 1.000000000e+00 0.000000000e+00
9.407550296e-01 -3.390869715e-01 0.000000000e+00 6.019030207e-01 3.390869715e-01 9.407550296e-01 0.000000000e+00 1.067416687e+01 0.000000000e+00 0.000000000e+00 1.000000000e+00 0.000000000e+00
9.691411410e-01 -2.465064885e-01 0.000000000e+00 6.273029332e-01 2.465064885e-01 9.691411410e-01 0.000000000e+00 1.085096190e+01 0.000000000e+00 0.000000000e+00 1.000000000e+00 0.000000000e+00
9.893442913e-01 -1.455948943e-01 0.000000000e+00 6.798546345e-01 1.455948943e-01 9.893442913e-01 0.000000000e+00 1.103110765e+01 0.000000000e+00 0.000000000e+00 1.000000000e+00 0.000000000e+00
9.992446615e-01 -3.886008887e-02 0.000000000e+00 7.613476118e-01 3.886008887e-02 9.992446615e-01 0.000000000e+00 1.121010767e+01 0.000000000e+00 0.000000000e+00 1.000000000e+00 0.000000000e+00
9.975676319e-01 6.970523490e-02 0.000000000e+00 8.721854020e-01 -6.970523490e-02 9.975676319e-01 0.000000000e+00 1.138496266e+01 0.000000000e+00 0.000000000e+00 1.000000000e+00 0.000000000e+00
9.844765526e-01 1.755161457e-01 0.000000000e+00 1.009002964e+00 -1.755161457e-01 9.844765526e-01 0.000000000e+00 1.155540467e+01 0.000000000e+00 0.000000000e+00 1.000000000e+00 0.000000000e+00
9.611026542e-01 2.761913976e-01 0.000000000e+00 1.169606883e+00 -2.761913976e-01 9.611026542e-01 0.000000000e+00 1.171906854e+01 0.000000000e+00 0.000000000e+00 1.000000000e+00 0.000000000e+00
9.299075713e-01 3.677932963e-01 0.000000000e+00 1.353149571e+00 -3.677932963e-01 9.299075713e-01 0.000000000e+00 1.187242214e+01 0.000000000e+00 0.000000000e+00 1.000000000e+00 0.000000000e+00
8.942788188e-01 4.475102168e-01 0.000000000e+00 1.556700909e+00 -4.475102168e-01 8.942788188e-01 0.000000000e+00 1.201443105e+01 0.000000000e+00 0.000000000e+00 1.000000000e+00 0.000000000e+00
8.572730089e-01 5.148621060e-01 0.000000000e+00 1.777464313e+00 -5.148621060e-01 8.572730089e-01 0.000000000e+00 1.214494394e+01 0.000000000e+00 0.000000000e+00 1.000000000e+00 0.000000000e+00
8.229207423e-01 5.681561861e-01 0.000000000e+00 2.012895108e+00 -5.681561861e-01 8.229207423e-01 0.000000000e+00 1.226502346e+01 0.000000000e+00 0.000000000e+00 1.000000000e+00 0.000000000e+00
7.937589500e-01 6.082324632e-01 0.000000000e+00 2.259321270e+00 -6.082324632e-01 7.937589500e-01 0.000000000e+00 1.237640531e+01 0.000000000e+00 0.000000000e+00 1.000000000e+00 0.000000000e+00
7.733885786e-01 6.339322570e-01 0.000000000e+00 2.514198596e+00 -6.339322570e-01 7.733885786e-01 0.000000000e+00 1.247951299e+01 0.000000000e+00 0.000000000e+00 1.000000000e+00 0.000000000e+00
7.627518768e-01 6.466912513e-01 0.000000000e+00 2.774527985e+00 -6.466912513e-01 7.627518768e-01 0.000000000e+00 1.257687048e+01 0.000000000e+00 0.000000000e+00 1.000000000e+00 0.000000000e+00
7.633118304e-01 6.460302234e-01 0.000000000e+00 3.035819314e+00 -6.460302234e-01 7.633118304e-01 0.000000000e+00 1.267220869e+01 0.000000000e+00 0.000000000e+00 1.000000000e+00 0.000000000e+00
7.749159398e-01 6.320643054e-01 0.000000000e+00 3.293683440e+00 -6.320643054e-01 7.749159398e-01 0.000000000e+00 1.276867613e+01 0.000000000e+00 0.000000000e+00 1.000000000e+00 0.000000000e+00
7.961404778e-01 6.051118406e-01 0.000000000e+00 3.544785154e+00 -6.051118406e-01 7.961404778e-01 0.000000000e+00 1.286891401e+01 0.000000000e+00 0.000000000e+00 1.000000000e+00 0.000000000e+00
8.255681466e-01 5.643024325e-01 0.000000000e+00 3.786347397e+00 -5.643024325e-01 8.255681466e-01 0.000000000e+00 1.297327726e+01 0.000000000e+00 0.000000000e+00 1.000000000e+00 0.000000000e+00
8.604256896e-01 5.095759341e-01 0.000000000e+00 4.014619652e+00 -5.095759341e-01 8.604256896e-01 0.000000000e+00 1.308271941e+01 0.000000000e+00 0.000000000e+00 1.000000000e+00 0.000000000e+00
8.976332150e-01 4.407432489e-01 0.000000000e+00 4.225542547e+00 -4.407432489e-01 8.976332150e-01 0.000000000e+00 1.319825040e+01 0.000000000e+00 0.000000000e+00 1.000000000e+00 0.000000000e+00
9.331138693e-01 3.595810158e-01 0.000000000e+00 4.416401245e+00 -3.595810158e-01 9.331138693e-01 0.000000000e+00 1.331919191e+01 0.000000000e+00 0.000000000e+00 1.000000000e+00 0.000000000e+00
9.638278596e-01 2.665255279e-01 0.000000000e+00 4.585726824e+00 -2.665255279e-01 9.638278596e-01 0.000000000e+00 1.344410665e+01 0.000000000e+00 0.000000000e+00 1.000000000e+00 0.000000000e+00
9.864264847e-01 1.642035028e-01 0.000000000e+00 4.732001082e+00 -1.642035028e-01 9.864264847e-01 0.000000000e+00 1.357206144e+01 0.000000000e+00 0.000000000e+00 1.000000000e+00 0.000000000e+00
9.984174731e-01 5.623654841e-02 0.000000000e+00 4.856697248e+00 -5.623654841e-02 9.984174731e-01 0.000000000e+00 1.370170660e+01 0.000000000e+00 0.000000000e+00 1.000000000e+00 0.000000000e+00
9.985800883e-01 -5.327107261e-02 0.000000000e+00 4.965993597e+00 5.327107261e-02 9.985800883e-01 0.000000000e+00 1.383069596e+01 0.000000000e+00 0.000000000e+00 1.000000000e+00 0.000000000e+00
