1.000000000e+00 0.000000000e+00 0.000000000e+00 0.000000000e+00 0.000000000e+00 1.000000000e+00 0.000000000e+00 0.000000000e+00 0.000000000e+00 0.000000000e+00 1.000000000e+00 0.000000000e+00
9.854331142e-01 -1.700634514e-01 0.000000000e+00 8.660092151e-01 1.700634514e-01 9.854331142e-01 0.000000000e+00 9.153695950e-02 0.000000000e+00 0.000000000e+00 1.000000000e+00 0.000000000e+00
9.417976042e-01 -3.361804169e-01 0.000000000e+00 1.735126961e+00 3.361804169e-01 9.417976042e-01 0.000000000e+00 3.291548172e-01 0.000000000e+00 0.000000000e+00 1.000000000e+00 0.000000000e+00
8.749985615e-01 -4.841255182e-01 0.000000000e+00 2.530411852e+00 4.841255182e-01 8.749985615e-01 0.000000000e+00 6.888170491e-01 0.000000000e+00 0.000000000e+00 1.000000000e+00 0.000000000e+00
7.793275275e-01 -6.266167927e-01 0.000000000e+00 3.276316988e+00 6.266167927e-01 7.793275275e-01 0.000000000e+00 1.196760877e+00 0.000000000e+00 0.000000000e+00 1.000000000e+00 0.000000000e+00
6.517185364e-01 -7.584609082e-01 0.000000000e+00 3.954360724e+00 7.584609082e-01 6.517185364e-01 0.000000000e+00 1.865784067e+00 0.000000000e+00 0.000000000e+00 1.000000000e+00 0.000000000e+00
5.023568370e-01 -8.646604005e-01 0.000000000e+00 4.501466393e+00 8.646604005e-01 5.023568370e-01 0.000000000e+00 2.651874649e+00 0.000000000e+00 0.000000000e+00 1.000000000e+00 0.000000000e+00
3.411262616e-01 -9.400174858e-01 0.000000000e+00 4.894408031e+00 9.400174858e-01 3.411262616e-01 0.000000000e+00 3.494098445e+00 0.000000000e+00 0.000000000e+00 1.000000000e+00 0.000000000e+00
1.597339483e-01 -9.871601014e-01 0.000000000e+00 5.125278142e+00 9.871601014e-01 1.597339483e-01 0.000000000e+00 4.425580036e+00 0.000000000e+00 0.000000000e+00 1.000000000e+00 0.000000000e+00
-2.081607999e-02 -9.997833219e-01 0.000000000e+00 5.179692839e+00 9.997833219e-01 -2.081607999e-02 0.000000000e+00 5.283771080e+00 0.000000000e+00 0.000000000e+00 1.000000000e+00 0.000000000e+00
-1.921503254e-01 -9.813655040e-01 0.000000000e+00 5.104528325e+00 9.813655040e-01 -1.921503254e-01 0.000000000e+00 6.171012930e+00 0.000000000e+00 0.000000000e+00 1.000000000e+00 0.000000000e+00
-3.589393076e-01 -9.333609020e-01 0.000000000e+00 4.849170175e+00 9.333609020e-01 -3.589393076e-01 0.000000000e+00 7.050659735e+00 0.000000000e+00 0.000000000e+00 1.000000000e+00 0.000000000e+00
-5.142474157e-01 -8.576418806e-01 0.000000000e+00 4.472765806e+00 8.576418806e-01 -5.142474157e-01 0.000000000e+00 7.836931642e+00 0.000000000e+00 0.000000000e+00 1.000000000e+00 0.000000000e+00
-6.635076712e-01 -7.481694796e-01 0.000000000e+00 3.964609812e+00 7.481694796e-01 -6.635076712e-01 0.000000000e+00 8.529853051e+00 0.000000000e+00 0.000000000e+00 1.000000000e+00 0.000000000e+00
-7.836002941e-01 -6.212653050e-01 0.000000000e+00 3.311518069e+00 6.212653050e-01 -7.836002941e-01 0.000000000e+00 9.142712578e+00 0.000000000e+00 0.000000000e+00 1.000000000e+00 0.000000000e+00
-8.869676408e-01 -4.618315755e-01 0.000000000e+00 2.520079949e+00 4.618315755e-01 -8.869676408e-01 0.000000000e+00 9.650334406e+00 0.000000000e+00 0.000000000e+00 1.000000000e+00 0.000000000e+00
-9.554290920e-01 -2.952206804e-01 0.000000000e+00 1.692468911e+00 2.952206804e-01 -9.554290920e-01 0.000000000e+00 9.961449172e+00 0.000000000e+00 0.000000000e+00 1.000000000e+00 0.000000000e+00
-9.928563865e-01 -1.193155301e-01 0.000000000e+00 8.167296810e-01 1.193155301e-01 -9.928563865e-01 0.000000000e+00 1.015534129e+01 0.000000000e+00 0.000000000e+00 1.000000000e+00 0.000000000e+00
-9.983187109e-01 5.796336270e-02 0.000000000e+00 -8.286894269e-02 -5.796336270e-02 -9.983187109e-01 0.000000000e+00 1.018437668e+01 0.000000000e+00 0.000000000e+00 1.000000000e+00 0.000000000e+00
-9.693745394e-01 2.455870568e-01 0.000000000e+00 -1.030891742e+00 -2.455870568e-01 -9.693745394e-01 0.000000000e+00 1.002230548e+01 0.000000000e+00 0.000000000e+00 1.000000000e+00 0.000000000e+00
-9.114822225e-01 4.113394682e-01 0.000000000e+00 -1.871809549e+00 -4.113394682e-01 -9.114822225e-01 0.000000000e+00 9.731764278e+00 0.000000000e+00 0.000000000e+00 1.000000000e+00 0.000000000e+00
-8.291832555e-01 5.589768589e-01 0.000000000e+00 -2.636342505e+00 -5.589768589e-01 -8.291832555e-01 0.000000000e+00 9.323115606e+00 0.000000000e+00 0.000000000e+00 1.000000000e+00 0.000000000e+00
-7.000563667e-01 7.140875881e-01 0.000000000e+00 -3.370121909e+00 -7.140875881e-01 -7.000563667e-01 0.000000000e+00 8.710573705e+00 0.000000000e+00 0.000000000e+00 1.000000000e+00 0.000000000e+00
-5.352288948e-01 8.447070677e-01 0.000000000e+00 -3.974446379e+00 -8.447070677e-01 -5.352288948e-01 0.000000000e+00 7.951615281e+00 0.000000000e+00 0.000000000e+00 1.000000000e+00 0.000000000e+00
-3.507007822e-01 9.364875661e-01 0.000000000e+00 -4.390979686e+00 -9.364875661e-01 -3.507007822e-01 0.000000000e+00 7.066192887e+00 0.000000000e+00 0.000000000e+00 1.000000000e+00 0.000000000e+00
-2.008243951e-01 9.796272568e-01 0.000000000e+00 -4.594698646e+00 -9.796272568e-01 -2.008243951e-01 0.000000000e+00 6.277455974e+00 0.000000000e+00 0.000000000e+00 1.000000000e+00 0.000000000e+00
-2.240768927e-02 9.997489162e-01 0.000000000e+00 -4.702241475e+00 -9.997489162e-01 -2.240768927e-02 0.000000000e+00 5.371249162e+00 0.000000000e+00 0.000000000e+00 1.000000000e+00 0.000000000e+00
1.619636897e-01 9.867967183e-01 0.000000000e+00 -4.629591505e+00 -9.867967183e-01 1.619636897e-01 0.000000000e+00 4.441001751e+00 0.000000000e+00 0.000000000e+00 1.000000000e+00 0.000000000e+00
3.334239587e-01 9.427769958e-01 0.000000000e+00 -4.400687531e+00 -9.427769958e-01 3.334239587e-01 0.000000000e+00 3.546556495e+00 0.000000000e+00 0.000000000e+00 1.000000000e+00 0.000000000e+00
5.022892360e-01 8.646996724e-01 0.000000000e+00 -4.020805991e+00 -8.646996724e-01 5.022892360e-01 0.000000000e+00 2.737886557e+00 0.000000000e+00 0.000000000e+00 1.000000000e+00 0.000000000e+00
6.514763345e-01 7.586689565e-01 0.000000000e+00 -3.478609649e+00 -7.586689565e-01 6.514763345e-01 0.000000000e+00 1.971417736e+00 0.000000000e+00 0.000000000e+00 1.000000000e+00 0.000000000e+00
7.660933794e-01 6.427292852e-01 0.000000000e+00 -2.930999296e+00 -6.427292852e-01 7.660933794e-01 0.000000000e+00 1.390949652e+00 0.000000000e+00 0.000000000e+00 1.000000000e+00 0.000000000e+00
8.669159919e-01 4.984542737e-01 0.000000000e+00 -2.241273658e+00 -4.984542737e-01 8.669159919e-01 0.000000000e+00 8.868233757e-01 0.000000000e+00 0.000000000e+00 1.000000000e+00 0.000000000e+00
9.364092620e-01 3.509098091e-01 0.000000000e+00 -1.497087331e+00 -3.509098091e-01 9.364092620e-01 0.000000000e+00 5.559500062e-01 0.000000000e+00 0.000000000e+00 1.000000000e+00 0.000000000e+00
9.842102165e-01 1.770035302e-01 0.000000000e+00 -6.240528465e-01 -1.770035302e-01 9.842102165e-01 0.000000000e+00 3.090502746e-01 0.000000000e+00 0.000000000e+00 1.000000000e+00 0.000000000e+00
9.997155448e-01 2.385014551e-02 0.000000000e+00 2.178217432e-01 -2.385014551e-02 9.997155448e-01 0.000000000e+00 2.364433691e-01 0.000000000e+00 0.000000000e+00 1.000000000e+00 0.000000000e+00
9.878879675e-01 -1.551688229e-01 0.000000000e+00 1.128883111e+00 1.551688229e-01 9.878879675e-01 0.000000000e+00 3.070713809e-01 0.000000000e+00 0.000000000e+00 1.000000000e+00 0.000000000e+00
