1.000000000e+00 0.000000000e+00 0.000000000e+00 0.000000000e+00 0.000000000e+00 1.000000000e+00 0.000000000e+00 0.000000000e+00 0.000000000e+00 0.000000000e+00 1.000000000e+00 0.000000000e+00
9.986987429e-01 -5.099824421e-02 0.000000000e+00 2.569262052e-01 5.099824421e-02 9.986987429e-01 0.000000000e+00 7.811964089e-03 0.000000000e+00 0.000000000e+00 1.000000000e+00 0.000000000e+00
9.930626556e-01 -1.175864024e-01 0.000000000e+00 5.550827815e-01 1.175864024e-01 9.930626556e-01 0.000000000e+00 2.723704545e-02 0.000000000e+00 0.000000000e+00 1.000000000e+00 0.000000000e+00
9.930626556e-01 -1.175864024e-01 0.000000000e+00 5.550827815e-01 1.175864024e-01 9.930626556e-01 0.000000000e+00 2.723704545e-02 0.000000000e+00 0.000000000e+00 1.000000000e+00 0.000000000e+00
9.840437685e-01 -1.779265625e-01 0.000000000e+00 8.616678218e-01 1.779265625e-01 9.840437685e-01 0.000000000e+00 6.775551162e-02 0.000000000e+00 0.000000000e+00 1.000000000e+00 0.000000000e+00
9.724722060e-01 -2.330189019e-01 0.000000000e+00 1.088601820e+00 2.330189019e-01 9.724722060e-01 0.000000000e+00 9.948203036e-02 0.000000000e+00 0.000000000e+00 1.000000000e+00 0.000000000e+00
9.562483203e-01 -2.925562336e-01 0.000000000e+00 1.369284840e+00 2.925562336e-01 9.562483203e-01 0.000000000e+00 1.694036671e-01 0.000000000e+00 0.000000000e+00 1.000000000e+00 0.000000000e+00
9.562483203e-01 -2.925562336e-01 0.000000000e+00 1.369284840e+00 2.925562336e-01 9.562483203e-01 0.000000000e+00 1.694036671e-01 0.000000000e+00 0.000000000e+00 1.000000000e+00 0.000000000e+00
9.407412532e-01 -3.391251900e-01 0.000000000e+00 1.593656855e+00 3.391251900e-01 9.407412532e-01 0.000000000e+00 2.529900828e-01 0.000000000e+00 0.000000000e+00 1.000000000e+00 0.000000000e+00
9.407412532e-01 -3.391251900e-01 0.000000000e+00 1.593656855e+00 3.391251900e-01 9.407412532e-01 0.000000000e+00 2.529900828e-01 0.000000000e+00 0.000000000e+00 1.000000000e+00 0.000000000e+00
9.416432310e-01 -3.366125747e-01 0.000000000e+00 1.585715449e+00 3.366125747e-01 9.416432310e-01 0.000000000e+00 3.284839556e-01 0.000000000e+00 0.000000000e+00 1.000000000e+00 0.000000000e+00
9.222824180e-01 -3.865166767e-01 0.000000000e+00 1.826235750e+00 3.865166767e-01 9.222824180e-01 0.000000000e+00 4.299838264e-01 0.000000000e+00 0.000000000e+00 1.000000000e+00 0.000000000e+00
8.994580762e-01 -4.370070584e-01 0.000000000e+00 2.075952419e+00 4.370070584e-01 8.994580762e-01 0.000000000e+00 5.459213033e-01 0.000000000e+00 0.000000000e+00 1.000000000e+00 0.000000000e+00
8.731397434e-01 -4.874699872e-01 0.000000000e+00 2.302748732e+00 4.874699872e-01 8.731397434e-01 0.000000000e+00 6.689575950e-01 0.000000000e+00 0.000000000e+00 1.000000000e+00 0.000000000e+00
8.409373606e-01 -5.411324750e-01 0.000000000e+00 2.561858508e+00 5.411324750e-01 8.409373606e-01 0.000000000e+00 8.112606235e-01 0.000000000e+00 0.000000000e+00 1.000000000e+00 0.000000000e+00
8.124226402e-01 -5.830689957e-01 0.000000000e+00 2.762731478e+00 5.830689957e-01 8.124226402e-01 0.000000000e+00 9.608258496e-01 0.000000000e+00 0.000000000e+00 1.000000000e+00 0.000000000e+00
7.801489605e-01 -6.255937975e-01 0.000000000e+00 2.967044811e+00 6.255937975e-01 7.801489605e-01 0.000000000e+00 1.119216268e+00 0.000000000e+00 0.000000000e+00 1.000000000e+00 0.000000000e+00
7.489353161e-01 -6.626431108e-01 0.000000000e+00 3.142843055e+00 6.626431108e-01 7.489353161e-01 0.000000000e+00 1.278378538e+00 0.000000000e+00 0.000000000e+00 1.000000000e+00 0.000000000e+00
7.049826326e-01 -7.092245679e-01 0.000000000e+00 3.372730170e+00 7.092245679e-01 7.049826326e-01 0.000000000e+00 1.484847567e+00 0.000000000e+00 0.000000000e+00 1.000000000e+00 0.000000000e+00
6.551012269e-01 -7.555411190e-01 0.000000000e+00 3.596365807e+00 7.555411190e-01 6.551012269e-01 0.000000000e+00 1.707351850e+00 0.000000000e+00 0.000000000e+00 1.000000000e+00 0.000000000e+00
6.165459351e-01 -7.873189379e-01 0.000000000e+00 3.750579371e+00 7.873189379e-01 6.165459351e-01 0.000000000e+00 1.900737487e+00 0.000000000e+00 0.000000000e+00 1.000000000e+00 0.000000000e+00
5.781853268e-01 -8.159054651e-01 0.000000000e+00 3.907120335e+00 8.159054651e-01 5.781853268e-01 0.000000000e+00 2.106328172e+00 0.000000000e+00 0.000000000e+00 1.000000000e+00 0.000000000e+00
5.338414636e-01 -8.455845858e-01 0.000000000e+00 4.054882222e+00 8.455845858e-01 5.338414636e-01 0.000000000e+00 2.328015507e+00 0.000000000e+00 0.000000000e+00 1.000000000e+00 0.000000000e+00
4.901587347e-01 -8.716331882e-01 0.000000000e+00 4.177562527e+00 8.716331882e-01 4.901587347e-01 0.000000000e+00 2.548544674e+00 0.000000000e+00 0.000000000e+00 1.000000000e+00 0.000000000e+00
4.356480957e-01 -9.001170683e-01 0.000000000e+00 4.321900488e+00 9.001170683e-01 4.356480957e-01 0.000000000e+00 2.816610124e+00 0.000000000e+00 0.000000000e+00 1.000000000e+00 0.000000000e+00
3.853776309e-01 -9.227589510e-01 0.000000000e+00 4.421562275e+00 9.227589510e-01 3.853776309e-01 0.000000000e+00 3.053135096e+00 0.000000000e+00 0.000000000e+00 1.000000000e+00 0.000000000e+00
3.238024238e-01 -9.461247224e-01 0.000000000e+00 4.545906521e+00 9.461247224e-01 3.238024238e-01 0.000000000e+00 3.338561509e+00 0.000000000e+00 0.000000000e+00 1.000000000e+00 0.000000000e+00
2.765401528e-01 -9.610023641e-01 0.000000000e+00 4.616681857e+00 9.610023641e-01 2.765401528e-01 0.000000000e+00 3.574955187e+00 0.000000000e+00 0.000000000e+00 1.000000000e+00 0.000000000e+00
2.200260095e-01 -9.754940057e-01 0.000000000e+00 4.693099840e+00 9.754940057e-01 2.200260095e-01 0.000000000e+00 3.849165902e+00 0.000000000e+00 0.000000000e+00 1.000000000e+00 0.000000000e+00
1.748637299e-01 -9.845926447e-01 0.000000000e+00 4.718650224e+00 9.845926447e-01 1.748637299e-01 0.000000000e+00 4.080770302e+00 0.000000000e+00 0.000000000e+00 1.000000000e+00 0.000000000e+00
1.330308764e-01 -9.911118937e-01 0.000000000e+00 4.754917850e+00 9.911118937e-01 1.330308764e-01 0.000000000e+00 4.283685572e+00 0.000000000e+00 0.000000000e+00 1.000000000e+00 0.000000000e+00
8.006444710e-02 -9.967896891e-01 0.000000000e+00 4.779979726e+00 9.967896891e-01 8.006444710e-02 0.000000000e+00 4.514961812e+00 0.000000000e+00 0.000000000e+00 1.000000000e+00 0.000000000e+00
2.445442172e-02 -9.997009459e-01 0.000000000e+00 4.786030517e+00 9.997009459e-01 2.445442172e-02 0.000000000e+00 4.781776314e+00 0.000000000e+00 0.000000000e+00 1.000000000e+00 0.000000000e+00
-2.624530651e-02 -9.996555326e-01 0.000000000e+00 4.787393580e+00 9.996555326e-01 -2.624530651e-02 0.000000000e+00 5.044095301e+00 0.000000000e+00 0.000000000e+00 1.000000000e+00 0.000000000e+00
-9.197280980e-02 -9.957615188e-01 0.000000000e+00 4.770747662e+00 9.957615188e-01 -9.197280980e-02 0.000000000e+00 5.379740212e+00 0.000000000e+00 0.000000000e+00 1.000000000e+00 0.000000000e+00
-1.655992690e-01 -9.861931262e-01 0.000000000e+00 4.722175296e+00 9.861931262e-01 -1.655992690e-01 0.000000000e+00 5.723852633e+00 0.000000000e+00 0.000000000e+00 1.000000000e+00 0.000000000e+00
-2.131374425e-01 -9.770222262e-01 0.000000000e+00 4.689822184e+00 9.770222262e-01 -2.131374425e-01 0.000000000e+00 5.926574886e+00 0.000000000e+00 0.000000000e+00 1.000000000e+00 0.000000000e+00
-2.660907459e-01 -9.639479835e-01 0.000000000e+00 4.618180660e+00 9.639479835e-01 -2.660907459e-01 0.000000000e+00 6.205069506e+00 0.000000000e+00 0.000000000e+00 1.000000000e+00 0.000000000e+00
-3.028140216e-01 -9.530496673e-01 0.000000000e+00 4.553838931e+00 9.530496673e-01 -3.028140216e-01 0.000000000e+00 6.434055561e+00 0.000000000e+00 0.000000000e+00 1.000000000e+00 0.000000000e+00
-3.325015755e-01 -9.431026997e-01 0.000000000e+00 4.491075037e+00 9.431026997e-01 -3.325015755e-01 0.000000000e+00 6.613684198e+00 0.000000000e+00 0.000000000e+00 1.000000000e+00 0.000000000e+00
-3.786114300e-01 -9.255557169e-01 0.000000000e+00 4.400204806e+00 9.255557169e-01 -3.786114300e-01 0.000000000e+00 6.806809720e+00 0.000000000e+00 0.000000000e+00 1.000000000e+00 0.000000000e+00
-4.201268330e-01 -9.074653956e-01 0.000000000e+00 4.297470722e+00 9.074653956e-01 -4.201268330e-01 0.000000000e+00 6.978837779e+00 0.000000000e+00 0.000000000e+00 1.000000000e+00 0.000000000e+00
-4.638062858e-01 -8.859366395e-01 0.000000000e+00 4.175951409e+00 8.859366395e-01 -4.638062858e-01 0.000000000e+00 7.205320872e+00 0.000000000e+00 0.000000000e+00 1.000000000e+00 0.000000000e+00
-5.273041084e-01 -8.496766310e-01 0.000000000e+00 4.004551241e+00 8.496766310e-01 -5.273041084e-01 0.000000000e+00 7.512484271e+00 0.000000000e+00 0.000000000e+00 1.000000000e+00 0.000000000e+00
-5.801909254e-01 -8.144805032e-01 0.000000000e+00 3.852071774e+00 8.144805032e-01 -5.801909254e-01 0.000000000e+00 7.768191258e+00 0.000000000e+00 0.000000000e+00 1.000000000e+00 0.000000000e+00
-6.301736034e-01 -7.764542675e-01 0.000000000e+00 3.675555801e+00 7.764542675e-01 -6.301736034e-01 0.000000000e+00 8.005676722e+00 0.000000000e+00 0.000000000e+00 1.000000000e+00 0.000000000e+00
-6.746580793e-01 -7.381303923e-01 0.000000000e+00 3.486221649e+00 7.381303923e-01 -6.746580793e-01 0.000000000e+00 8.214054148e+00 0.000000000e+00 0.000000000e+00 1.000000000e+00 0.000000000e+00
-7.055710282e-01 -7.086392059e-01 0.000000000e+00 3.300543039e+00 7.086392059e-01 -7.055710282e-01 0.000000000e+00 8.402474572e+00 0.000000000e+00 0.000000000e+00 1.000000000e+00 0.000000000e+00
-7.329079970e-01 -6.803277650e-01 0.000000000e+00 3.166833939e+00 6.803277650e-01 -7.329079970e-01 0.000000000e+00 8.560349043e+00 0.000000000e+00 0.000000000e+00 1.000000000e+00 0.000000000e+00
-7.717112402e-01 -6.359730825e-01 0.000000000e+00 2.964266852e+00 6.359730825e-01 -7.717112402e-01 0.000000000e+00 8.771147510e+00 0.000000000e+00 0.000000000e+00 1.000000000e+00 0.000000000e+00
-8.073894962e-01 -5.900188145e-01 0.000000000e+00 2.728624163e+00 5.900188145e-01 -8.073894962e-01 0.000000000e+00 8.967025288e+00 0.000000000e+00 0.000000000e+00 1.000000000e+00 0.000000000e+00
-8.399679395e-01 -5.426360295e-01 0.000000000e+00 2.477254660e+00 5.426360295e-01 -8.399679395e-01 0.000000000e+00 9.135548369e+00 0.000000000e+00 0.000000000e+00 1.000000000e+00 0.000000000e+00
-8.657695974e-01 -5.004428081e-01 0.000000000e+00 2.261485472e+00 5.004428081e-01 -8.657695974e-01 0.000000000e+00 9.264626914e+00 0.000000000e+00 0.000000000e+00 1.000000000e+00 0.000000000e+00
-8.925724645e-01 -4.509039761e-01 0.000000000e+00 2.014964434e+00 4.509039761e-01 -8.925724645e-01 0.000000000e+00 9.402196375e+00 0.000000000e+00 0.000000000e+00 1.000000000e+00 0.000000000e+00
-9.203776128e-01 -3.910307532e-01 0.000000000e+00 1.726852848e+00 3.910307532e-01 -9.203776128e-01 0.000000000e+00 9.513955952e+00 0.000000000e+00 0.000000000e+00 1.000000000e+00 0.000000000e+00
-9.404587011e-01 -3.399079751e-01 0.000000000e+00 1.465615016e+00 3.399079751e-01 -9.404587011e-01 0.000000000e+00 9.617326583e+00 0.000000000e+00 0.000000000e+00 1.000000000e+00 0.000000000e+00
-9.594211752e-01 -2.819769646e-01 0.000000000e+00 1.180922094e+00 2.819769646e-01 -9.594211752e-01 0.000000000e+00 9.716866604e+00 0.000000000e+00 0.000000000e+00 1.000000000e+00 0.000000000e+00
-9.731243960e-01 -2.302800684e-01 0.000000000e+00 9.270190193e-01 2.302800684e-01 -9.731243960e-01 0.000000000e+00 9.781687498e+00 0.000000000e+00 0.000000000e+00 1.000000000e+00 0.000000000e+00
-9.838341142e-01 -1.790822038e-01 0.000000000e+00 6.637381135e-01 1.790822038e-01 -9.838341142e-01 0.000000000e+00 9.840707850e+00 0.000000000e+00 0.000000000e+00 1.000000000e+00 0.000000000e+00
-9.916426667e-01 -1.290148117e-01 0.000000000e+00 4.149895881e-01 1.290148117e-01 -9.916426667e-01 0.000000000e+00 9.883797593e+00 0.000000000e+00 0.000000000e+00 1.000000000e+00 0.000000000e+00
-9.979079082e-01 -6.465142475e-02 0.000000000e+00 1.257264825e-01 6.465142475e-02 -9.979079082e-01 0.000000000e+00 9.915664589e+00 0.000000000e+00 0.000000000e+00 1.000000000e+00 0.000000000e+00
-9.998435157e-01 -1.769022420e-02 0.000000000e+00 -8.819125570e-02 1.769022420e-02 -9.998435157e-01 0.000000000e+00 9.932328132e+00 0.000000000e+00 0.000000000e+00 1.000000000e+00 0.000000000e+00
-9.992215520e-01 3.944984124e-02 0.000000000e+00 -3.693953105e-01 -3.944984124e-02 -9.992215520e-01 0.000000000e+00 9.911202800e+00 0.000000000e+00 0.000000000e+00 1.000000000e+00 0.000000000e+00
-9.955355736e-01 9.438708442e-02 0.000000000e+00 -6.693163528e-01 -9.438708442e-02 -9.955355736e-01 0.000000000e+00 9.882397200e+00 0.000000000e+00 0.000000000e+00 1.000000000e+00 0.000000000e+00
-9.868826560e-01 1.614392247e-01 0.000000000e+00 -9.840485701e-01 -1.614392247e-01 -9.868826560e-01 0.000000000e+00 9.845367553e+00 0.000000000e+00 0.000000000e+00 1.000000000e+00 0.000000000e+00
-9.759340582e-01 2.180658479e-01 0.000000000e+00 -1.261418649e+00 -2.180658479e-01 -9.759340582e-01 0.000000000e+00 9.793556081e+00 0.000000000e+00 0.000000000e+00 1.000000000e+00 0.000000000e+00
-9.611435803e-01 2.760489413e-01 0.000000000e+00 -1.546252623e+00 -2.760489413e-01 -9.611435803e-01 0.000000000e+00 9.710710336e+00 0.000000000e+00 0.000000000e+00 1.000000000e+00 0.000000000e+00
-9.423725764e-01 3.345652811e-01 0.000000000e+00 -1.834491879e+00 -3.345652811e-01 -9.423725764e-01 0.000000000e+00 9.622816477e+00 0.000000000e+00 0.000000000e+00 1.000000000e+00 0.000000000e+00
-9.219833162e-01 3.872296019e-01 0.000000000e+00 -2.090556419e+00 -3.872296019e-01 -9.219833162e-01 0.000000000e+00 9.526875773e+00 0.000000000e+00 0.000000000e+00 1.000000000e+00 0.000000000e+00
-9.132861227e-01 4.073186199e-01 0.000000000e+00 -2.181838385e+00 -4.073186199e-01 -9.132861227e-01 0.000000000e+00 9.566622796e+00 0.000000000e+00 0.000000000e+00 1.000000000e+00 0.000000000e+00
-8.869742354e-01 4.618189101e-01 0.000000000e+00 -2.468864135e+00 -4.618189101e-01 -8.869742354e-01 0.000000000e+00 9.421257110e+00 0.000000000e+00 0.000000000e+00 1.000000000e+00 0.000000000e+00
-8.553502387e-01 5.180501609e-01 0.000000000e+00 -2.734724896e+00 -5.180501609e-01 -8.553502387e-01 0.000000000e+00 9.268085871e+00 0.000000000e+00 0.000000000e+00 1.000000000e+00 0.000000000e+00
-8.283314501e-01 5.602383499e-01 0.000000000e+00 -2.947696760e+00 -5.602383499e-01 -8.283314501e-01 0.000000000e+00 9.130996820e+00 0.000000000e+00 0.000000000e+00 1.000000000e+00 0.000000000e+00
-7.946802846e-01 6.070282079e-01 0.000000000e+00 -3.179394340e+00 -6.070282079e-01 -7.946802846e-01 0.000000000e+00 8.970566344e+00 0.000000000e+00 0.000000000e+00 1.000000000e+00 0.000000000e+00
-7.542162416e-01 6.566261195e-01 0.000000000e+00 -3.426929763e+00 -6.566261195e-01 -7.542162416e-01 0.000000000e+00 8.775653105e+00 0.000000000e+00 0.000000000e+00 1.000000000e+00 0.000000000e+00
-7.211363538e-01 6.927931576e-01 0.000000000e+00 -3.605285831e+00 -6.927931576e-01 -7.211363538e-01 0.000000000e+00 8.611170744e+00 0.000000000e+00 0.000000000e+00 1.000000000e+00 0.000000000e+00
-6.766952428e-01 7.362632331e-01 0.000000000e+00 -3.824823008e+00 -7.362632331e-01 -6.766952428e-01 0.000000000e+00 8.381744576e+00 0.000000000e+00 0.000000000e+00 1.000000000e+00 0.000000000e+00
-6.196697959e-01 7.848626275e-01 0.000000000e+00 -4.020481087e+00 -7.848626275e-01 -6.196697959e-01 0.000000000e+00 8.149559040e+00 0.000000000e+00 0.000000000e+00 1.000000000e+00 0.000000000e+00
-5.804469506e-01 8.142980643e-01 0.000000000e+00 -4.148357178e+00 -8.142980643e-01 -5.804469506e-01 0.000000000e+00 7.974543386e+00 0.000000000e+00 0.000000000e+00 1.000000000e+00 0.000000000e+00
-5.413085315e-01 8.408240445e-01 0.000000000e+00 -4.294534808e+00 -8.408240445e-01 -5.413085315e-01 0.000000000e+00 7.747901916e+00 0.000000000e+00 0.000000000e+00 1.000000000e+00 0.000000000e+00
-4.637660985e-01 8.859576773e-01 0.000000000e+00 -4.488873477e+00 -8.859576773e-01 -4.637660985e-01 0.000000000e+00 7.424076163e+00 0.000000000e+00 0.000000000e+00 1.000000000e+00 0.000000000e+00
