1.000000000e+00 0.000000000e+00 0.000000000e+00 0.000000000e+00 0.000000000e+00 1.000000000e+00 0.000000000e+00 0.000000000e+00 0.000000000e+00 0.000000000e+00 1.000000000e+00 0.000000000e+00
9.974895944e-01 -7.081319867e-02 0.000000000e+00 3.130587378e-01 7.081319867e-02 9.974895944e-01 0.000000000e+00 5.448947974e-03 0.000000000e+00 0.000000000e+00 1.000000000e+00 0.000000000e+00
9.901592870e-01 -1.399449403e-01 0.000000000e+00 5.683720465e-01 1.399449403e-01 9.901592870e-01 0.000000000e+00 4.319481135e-02 0.000000000e+00 0.000000000e+00 1.000000000e+00 0.000000000e+00
9.990040329e-01 -4.461997609e-02 0.000000000e+00 3.057330795e-01 4.461997609e-02 9.990040329e-01 0.000000000e+00 3.943347083e-03 0.000000000e+00 0.000000000e+00 1.000000000e+00 0.000000000e+00
9.961592359e-01 -8.756013195e-02 0.000000000e+00 5.409724543e-01 8.756013195e-02 9.961592359e-01 0.000000000e+00 2.511413045e-02 0.000000000e+00 0.000000000e+00 1.000000000e+00 0.000000000e+00
9.917036789e-01 -1.285449852e-01 0.000000000e+00 7.736183338e-01 1.285449852e-01 9.917036789e-01 0.000000000e+00 5.335617574e-02 0.000000000e+00 0.000000000e+00 1.000000000e+00 0.000000000e+00
9.794426068e-01 -2.017230277e-01 0.000000000e+00 1.076796981e+00 2.017230277e-01 9.794426068e-01 0.000000000e+00 1.063402808e-01 0.000000000e+00 0.000000000e+00 1.000000000e+00 0.000000000e+00
9.516996066e-01 -3.070307132e-01 0.000000000e+00 1.504027666e+00 3.070307132e-01 9.516996066e-01 0.000000000e+00 2.719894440e-01 0.000000000e+00 0.000000000e+00 1.000000000e+00 0.000000000e+00
9.343469293e-01 -3.563647228e-01 0.000000000e+00 1.743314538e+00 3.563647228e-01 9.343469293e-01 0.000000000e+00 3.382338014e-01 0.000000000e+00 0.000000000e+00 1.000000000e+00 0.000000000e+00
9.132167069e-01 -4.074742277e-01 0.000000000e+00 1.972156889e+00 4.074742277e-01 9.132167069e-01 0.000000000e+00 4.465861306e-01 0.000000000e+00 0.000000000e+00 1.000000000e+00 0.000000000e+00
8.898346263e-01 -4.562831773e-01 0.000000000e+00 2.229589513e+00 4.562831773e-01 8.898346263e-01 0.000000000e+00 5.602265489e-01 0.000000000e+00 0.000000000e+00 1.000000000e+00 0.000000000e+00
8.697163824e-01 -4.935518353e-01 0.000000000e+00 2.433450689e+00 4.935518353e-01 8.697163824e-01 0.000000000e+00 6.779973314e-01 0.000000000e+00 0.000000000e+00 1.000000000e+00 0.000000000e+00
8.381350249e-01 -5.454628127e-01 0.000000000e+00 2.688959817e+00 5.454628127e-01 8.381350249e-01 0.000000000e+00 8.150895548e-01 0.000000000e+00 0.000000000e+00 1.000000000e+00 0.000000000e+00
8.191860216e-01 -5.735279086e-01 0.000000000e+00 2.861185333e+00 5.735279086e-01 8.191860216e-01 0.000000000e+00 9.315116947e-01 0.000000000e+00 0.000000000e+00 1.000000000e+00 0.000000000e+00
7.846214156e-01 -6.199751884e-01 0.000000000e+00 3.078714270e+00 6.199751884e-01 7.846214156e-01 0.000000000e+00 1.095479588e+00 0.000000000e+00 0.000000000e+00 1.000000000e+00 0.000000000e+00
7.455029338e-01 -6.665023449e-01 0.000000000e+00 3.316754287e+00 6.665023449e-01 7.455029338e-01 0.000000000e+00 1.290370518e+00 0.000000000e+00 0.000000000e+00 1.000000000e+00 0.000000000e+00
7.117834984e-01 -7.023989262e-01 0.000000000e+00 3.500780825e+00 7.023989262e-01 7.117834984e-01 0.000000000e+00 1.457302418e+00 0.000000000e+00 0.000000000e+00 1.000000000e+00 0.000000000e+00
6.731338475e-01 -7.395206714e-01 0.000000000e+00 3.683893369e+00 7.395206714e-01 6.731338475e-01 0.000000000e+00 1.641852296e+00 0.000000000e+00 0.000000000e+00 1.000000000e+00 0.000000000e+00
6.250736774e-01 -7.805657549e-01 0.000000000e+00 3.872469175e+00 7.805657549e-01 6.250736774e-01 0.000000000e+00 1.863454656e+00 0.000000000e+00 0.000000000e+00 1.000000000e+00 0.000000000e+00
5.784622680e-01 -8.157091421e-01 0.000000000e+00 4.041262227e+00 8.157091421e-01 5.784622680e-01 0.000000000e+00 2.088100280e+00 0.000000000e+00 0.000000000e+00 1.000000000e+00 0.000000000e+00
5.245735656e-01 -8.513651239e-01 0.000000000e+00 4.207985607e+00 8.513651239e-01 5.245735656e-01 0.000000000e+00 2.358452070e+00 0.000000000e+00 0.000000000e+00 1.000000000e+00 0.000000000e+00
4.729355348e-01 -8.810970321e-01 0.000000000e+00 4.359298314e+00 8.810970321e-01 4.729355348e-01 0.000000000e+00 2.617362092e+00 0.000000000e+00 0.000000000e+00 1.000000000e+00 0.000000000e+00
4.204945736e-01 -9.072950532e-01 0.000000000e+00 4.490892845e+00 9.072950532e-01 4.204945736e-01 0.000000000e+00 2.886939974e+00 0.000000000e+00 0.000000000e+00 1.000000000e+00 0.000000000e+00
3.636864126e-01 -9.315214401e-01 0.000000000e+00 4.597642012e+00 9.315214401e-01 3.636864126e-01 0.000000000e+00 3.136916614e+00 0.000000000e+00 0.000000000e+00 1.000000000e+00 0.000000000e+00
3.104093534e-01 -9.506029841e-01 0.000000000e+00 4.690335929e+00 9.506029841e-01 3.104093534e-01 0.000000000e+00 3.387699951e+00 0.000000000e+00 0.000000000e+00 1.000000000e+00 0.000000000e+00
2.497884121e-01 -9.683004437e-01 0.000000000e+00 4.773205404e+00 9.683004437e-01 2.497884121e-01 0.000000000e+00 3.685261205e+00 0.000000000e+00 0.000000000e+00 1.000000000e+00 0.000000000e+00
1.909483658e-01 -9.816000823e-01 0.000000000e+00 4.843773692e+00 9.816000823e-01 1.909483658e-01 0.000000000e+00 3.978240731e+00 0.000000000e+00 0.000000000e+00 1.000000000e+00 0.000000000e+00
1.354445230e-01 -9.907849319e-01 0.000000000e+00 4.889462953e+00 9.907849319e-01 1.354445230e-01 0.000000000e+00 4.226769926e+00 0.000000000e+00 0.000000000e+00 1.000000000e+00 0.000000000e+00
8.015532836e-02 -9.967823851e-01 0.000000000e+00 4.909535051e+00 9.967823851e-01 8.015532836e-02 0.000000000e+00 4.491433478e+00 0.000000000e+00 0.000000000e+00 1.000000000e+00 0.000000000e+00
3.118986426e-02 -9.995134778e-01 0.000000000e+00 4.939659644e+00 9.995134778e-01 3.118986426e-02 0.000000000e+00 4.754438822e+00 0.000000000e+00 0.000000000e+00 1.000000000e+00 0.000000000e+00
-3.840625764e-02 -9.992622075e-01 0.000000000e+00 4.918774821e+00 9.992622075e-01 -3.840625764e-02 0.000000000e+00 5.067130045e+00 0.000000000e+00 0.000000000e+00 1.000000000e+00 0.000000000e+00
-9.368845534e-02 -9.956015635e-01 0.000000000e+00 4.913590407e+00 9.956015635e-01 -9.368845534e-02 0.000000000e+00 5.323749963e+00 0.000000000e+00 0.000000000e+00 1.000000000e+00 0.000000000e+00
-1.566338561e-01 -9.876567395e-01 0.000000000e+00 4.871233293e+00 9.876567395e-01 -1.566338561e-01 0.000000000e+00 5.619961052e+00 0.000000000e+00 0.000000000e+00 1.000000000e+00 0.000000000e+00
-2.001229958e-01 -9.797707827e-01 0.000000000e+00 4.838952405e+00 9.797707827e-01 -2.001229958e-01 0.000000000e+00 5.836851637e+00 0.000000000e+00 0.000000000e+00 1.000000000e+00 0.000000000e+00
-2.687714254e-01 -9.632039872e-01 0.000000000e+00 4.751850547e+00 9.632039872e-01 -2.687714254e-01 0.000000000e+00 6.159010653e+00 0.000000000e+00 0.000000000e+00 1.000000000e+00 0.000000000e+00
-3.216804555e-01 -9.468482901e-01 0.000000000e+00 4.671328387e+00 9.468482901e-01 -3.216804555e-01 0.000000000e+00 6.405251733e+00 0.000000000e+00 0.000000000e+00 1.000000000e+00 0.000000000e+00
-3.652279571e-01 -9.309181164e-01 0.000000000e+00 4.604689089e+00 9.309181164e-01 -3.652279571e-01 0.000000000e+00 6.620317700e+00 0.000000000e+00 0.000000000e+00 1.000000000e+00 0.000000000e+00
-4.116103697e-01 -9.113599199e-01 0.000000000e+00 4.536343740e+00 9.113599199e-01 -4.116103697e-01 0.000000000e+00 6.809712418e+00 0.000000000e+00 0.000000000e+00 1.000000000e+00 0.000000000e+00
-4.645058894e-01 -8.855700304e-01 0.000000000e+00 4.412858959e+00 8.855700304e-01 -4.645058894e-01 0.000000000e+00 7.067415776e+00 0.000000000e+00 0.000000000e+00 1.000000000e+00 0.000000000e+00
-5.177295525e-01 -8.555443358e-01 0.000000000e+00 4.274926508e+00 8.555443358e-01 -5.177295525e-01 0.000000000e+00 7.323111945e+00 0.000000000e+00 0.000000000e+00 1.000000000e+00 0.000000000e+00
-5.671243318e-01 -8.236321948e-01 0.000000000e+00 4.112835588e+00 8.236321948e-01 -5.671243318e-01 0.000000000e+00 7.564587151e+00 0.000000000e+00 0.000000000e+00 1.000000000e+00 0.000000000e+00
-6.133377604e-01 -7.898207338e-01 0.000000000e+00 3.953581898e+00 7.898207338e-01 -6.133377604e-01 0.000000000e+00 7.791804810e+00 0.000000000e+00 0.000000000e+00 1.000000000e+00 0.000000000e+00
-6.564770461e-01 -7.543460002e-01 0.000000000e+00 3.781252662e+00 7.543460002e-01 -6.564770461e-01 0.000000000e+00 7.991708445e+00 0.000000000e+00 0.000000000e+00 1.000000000e+00 0.000000000e+00
-7.020591264e-01 -7.121186580e-01 0.000000000e+00 3.590018052e+00 7.121186580e-01 -7.020591264e-01 0.000000000e+00 8.193411891e+00 0.000000000e+00 0.000000000e+00 1.000000000e+00 0.000000000e+00
-7.397491548e-01 -6.728827446e-01 0.000000000e+00 3.391797164e+00 6.728827446e-01 -7.397491548e-01 0.000000000e+00 8.390590410e+00 0.000000000e+00 0.000000000e+00 1.000000000e+00 0.000000000e+00
-7.782002151e-01 -6.280162619e-01 0.000000000e+00 3.174344041e+00 6.280162619e-01 -7.782002151e-01 0.000000000e+00 8.569162173e+00 0.000000000e+00 0.000000000e+00 1.000000000e+00 0.000000000e+00
-8.114524298e-01 -5.844184752e-01 0.000000000e+00 2.971770746e+00 5.844184752e-01 -8.114524298e-01 0.000000000e+00 8.719802151e+00 0.000000000e+00 0.000000000e+00 1.000000000e+00 0.000000000e+00
-8.461405331e-01 -5.329598467e-01 0.000000000e+00 2.752991698e+00 5.329598467e-01 -8.461405331e-01 0.000000000e+00 8.879614218e+00 0.000000000e+00 0.000000000e+00 1.000000000e+00 0.000000000e+00
-8.715323342e-01 -4.903380369e-01 0.000000000e+00 2.541809171e+00 4.903380369e-01 -8.715323342e-01 0.000000000e+00 9.006890651e+00 0.000000000e+00 0.000000000e+00 1.000000000e+00 0.000000000e+00
-9.039774607e-01 -4.275801101e-01 0.000000000e+00 2.250902413e+00 4.275801101e-01 -9.039774607e-01 0.000000000e+00 9.167308989e+00 0.000000000e+00 0.000000000e+00 1.000000000e+00 0.000000000e+00
-9.219908371e-01 -3.872116945e-01 0.000000000e+00 2.033699972e+00 3.872116945e-01 -9.219908371e-01 0.000000000e+00 9.256264552e+00 0.000000000e+00 0.000000000e+00 1.000000000e+00 0.000000000e+00
-9.417448421e-01 -3.363281916e-01 0.000000000e+00 1.768442797e+00 3.363281916e-01 -9.417448421e-01 0.000000000e+00 9.351249040e+00 0.000000000e+00 0.000000000e+00 1.000000000e+00 0.000000000e+00
-9.602269795e-01 -2.792206077e-01 0.000000000e+00 1.492791407e+00 2.792206077e-01 -9.602269795e-01 0.000000000e+00 9.443536382e+00 0.000000000e+00 0.000000000e+00 1.000000000e+00 0.000000000e+00
-9.771058752e-01 -2.127536335e-01 0.000000000e+00 1.180980163e+00 2.127536335e-01 -9.771058752e-01 0.000000000e+00 9.534485840e+00 0.000000000e+00 0.000000000e+00 1.000000000e+00 0.000000000e+00
-9.881234470e-01 -1.536621405e-01 0.000000000e+00 9.229873278e-01 1.536621405e-01 -9.881234470e-01 0.000000000e+00 9.584946189e+00 0.000000000e+00 0.000000000e+00 1.000000000e+00 0.000000000e+00
-9.966199689e-01 -8.215009171e-02 0.000000000e+00 5.795867203e-01 8.215009171e-02 -9.966199689e-01 0.000000000e+00 9.630375897e+00 0.000000000e+00 0.000000000e+00 1.000000000e+00 0.000000000e+00
-9.994979620e-01 -3.168317997e-02 0.000000000e+00 3.207277749e-01 3.168317997e-02 -9.994979620e-01 0.000000000e+00 9.644938786e+00 0.000000000e+00 0.000000000e+00 1.000000000e+00 0.000000000e+00
-9.997509086e-01 2.231861844e-02 0.000000000e+00 5.014327443e-02 -2.231861844e-02 -9.997509086e-01 0.000000000e+00 9.652342039e+00 0.000000000e+00 0.000000000e+00 1.000000000e+00 0.000000000e+00
-9.976155030e-01 6.901672420e-02 0.000000000e+00 -2.006916558e-01 -6.901672420e-02 -9.976155030e-01 0.000000000e+00 9.653899161e+00 0.000000000e+00 0.000000000e+00 1.000000000e+00 0.000000000e+00
-9.924718366e-01 1.224730729e-01 0.000000000e+00 -4.632185789e-01 -1.224730729e-01 -9.924718366e-01 0.000000000e+00 9.635709113e+00 0.000000000e+00 0.000000000e+00 1.000000000e+00 0.000000000e+00
-9.835745324e-01 1.805024634e-01 0.000000000e+00 -7.215934930e-01 -1.805024634e-01 -9.835745324e-01 0.000000000e+00 9.594638210e+00 0.000000000e+00 0.000000000e+00 1.000000000e+00 0.000000000e+00
-9.745417298e-01 2.242061927e-01 0.000000000e+00 -9.335131013e-01 -2.242061927e-01 -9.745417298e-01 0.000000000e+00 9.532339206e+00 0.000000000e+00 0.000000000e+00 1.000000000e+00 0.000000000e+00
-9.712331570e-01 2.381305415e-01 0.000000000e+00 -1.051432134e+00 -2.381305415e-01 -9.712331570e-01 0.000000000e+00 9.539898042e+00 0.000000000e+00 0.000000000e+00 1.000000000e+00 0.000000000e+00
-9.659495793e-01 2.587303815e-01 0.000000000e+00 -1.242043113e+00 -2.587303815e-01 -9.659495793e-01 0.000000000e+00 9.520720402e+00 0.000000000e+00 0.000000000e+00 1.000000000e+00 0.000000000e+00
-9.363150234e-01 3.511611837e-01 0.000000000e+00 -1.618687668e+00 -3.511611837e-01 -9.363150234e-01 0.000000000e+00 9.370480599e+00 0.000000000e+00 0.000000000e+00 1.000000000e+00 0.000000000e+00
-9.190357808e-01 3.941741158e-01 0.000000000e+00 -1.845559150e+00 -3.941741158e-01 -9.190357808e-01 0.000000000e+00 9.283482615e+00 0.000000000e+00 0.000000000e+00 1.000000000e+00 0.000000000e+00
-8.953488664e-01 4.453654763e-01 0.000000000e+00 -2.082676987e+00 -4.453654763e-01 -8.953488664e-01 0.000000000e+00 9.161919900e+00 0.000000000e+00 0.000000000e+00 1.000000000e+00 0.000000000e+00
-8.688527610e-01 4.950705806e-01 0.000000000e+00 -2.316535662e+00 -4.950705806e-01 -8.688527610e-01 0.000000000e+00 9.035963881e+00 0.000000000e+00 0.000000000e+00 1.000000000e+00 0.000000000e+00
-8.349843555e-01 5.502736829e-01 0.000000000e+00 -2.578810718e+00 -5.502736829e-01 -8.349843555e-01 0.000000000e+00 8.869881134e+00 0.000000000e+00 0.000000000e+00 1.000000000e+00 0.000000000e+00
-8.010247516e-01 5.986312282e-01 0.000000000e+00 -2.825220820e+00 -5.986312282e-01 -8.010247516e-01 0.000000000e+00 8.694027796e+00 0.000000000e+00 0.000000000e+00 1.000000000e+00 0.000000000e+00
-7.566097149e-01 6.538667596e-01 0.000000000e+00 -3.090647340e+00 -6.538667596e-01 -7.566097149e-01 0.000000000e+00 8.488495112e+00 0.000000000e+00 0.000000000e+00 1.000000000e+00 0.000000000e+00
-7.184851720e-01 6.955422759e-01 0.000000000e+00 -3.292017194e+00 -6.955422759e-01 -7.184851720e-01 0.000000000e+00 8.297738526e+00 0.000000000e+00 0.000000000e+00 1.000000000e+00 0.000000000e+00
-6.774219194e-01 7.355946867e-01 0.000000000e+00 -3.479808664e+00 -7.355946867e-01 -6.774219194e-01 0.000000000e+00 8.098518492e+00 0.000000000e+00 0.000000000e+00 1.000000000e+00 0.000000000e+00
-6.293535062e-01 7.771191441e-01 0.000000000e+00 -3.688756811e+00 -7.771191441e-01 -6.293535062e-01 0.000000000e+00 7.858471114e+00 0.000000000e+00 0.000000000e+00 1.000000000e+00 0.000000000e+00
-5.905762232e-01 8.069818614e-01 0.000000000e+00 -3.833366361e+00 -8.069818614e-01 -5.905762232e-01 0.000000000e+00 7.670166901e+00 0.000000000e+00 0.000000000e+00 1.000000000e+00 0.000000000e+00
-5.403781948e-01 8.414222523e-01 0.000000000e+00 -3.997985996e+00 -8.414222523e-01 -5.403781948e-01 0.000000000e+00 7.433485862e+00 0.000000000e+00 0.000000000e+00 1.000000000e+00 0.000000000e+00
-4.818097526e-01 8.762758483e-01 0.000000000e+00 -4.161777626e+00 -8.762758483e-01 -4.818097526e-01 0.000000000e+00 7.157805097e+00 0.000000000e+00 0.000000000e+00 1.000000000e+00 0.000000000e+00
-4.368556212e-01 8.995316372e-01 0.000000000e+00 -4.269051442e+00 -8.995316372e-01 -4.368556212e-01 0.000000000e+00 6.929342641e+00 0.000000000e+00 0.000000000e+00 1.000000000e+00 0.000000000e+00
-3.883303325e-01 9.215202401e-01 0.000000000e+00 -4.374281897e+00 -9.215202401e-01 -3.883303325e-01 0.000000000e+00 6.701336516e+00 0.000000000e+00 0.000000000e+00 1.000000000e+00 0.000000000e+00
-3.442477427e-01 9.388788482e-01 0.000000000e+00 -4.468302764e+00 -9.388788482e-01 -3.442477427e-01 0.000000000e+00 6.476371680e+00 0.000000000e+00 0.000000000e+00 1.000000000e+00 0.000000000e+00
-2.947467743e-01 9.555753968e-01 0.000000000e+00 -4.546433798e+00 -9.555753968e-01 -2.947467743e-01 0.000000000e+00 6.237538566e+00 0.000000000e+00 0.000000000e+00 1.000000000e+00 0.000000000e+00
