1.000000000e+00 0.000000000e+00 0.000000000e+00 0.000000000e+00 0.000000000e+00 1.000000000e+00 0.000000000e+00 0.000000000e+00 0.000000000e+00 0.000000000e+00 1.000000000e+00 0.000000000e+00
9.980666167e-01 -6.215326711e-02 0.000000000e+00 1.003569211e-02 6.215326711e-02 9.980666167e-01 0.000000000e+00 2.861893667e-01 0.000000000e+00 0.000000000e+00 1.000000000e+00 0.000000000e+00
9.920187137e-01 -1.260907279e-01 0.000000000e+00 -1.105084590e-02 1.260907279e-01 9.920187137e-01 0.000000000e+00 5.649993902e-01 0.000000000e+00 0.000000000e+00 1.000000000e+00 0.000000000e+00
9.828191030e-01 -1.845714247e-01 0.000000000e+00 -6.607879686e-02 1.845714247e-01 9.828191030e-01 0.000000000e+00 8.368169214e-01 0.000000000e+00 0.000000000e+00 1.000000000e+00 0.000000000e+00
9.695350257e-01 -2.449527176e-01 0.000000000e+00 -1.417691417e-01 2.449527176e-01 9.695350257e-01 0.000000000e+00 1.110232594e+00 0.000000000e+00 0.000000000e+00 1.000000000e+00 0.000000000e+00
9.517095197e-01 -3.069999840e-01 0.000000000e+00 -2.078803913e-01 3.069999840e-01 9.517095197e-01 0.000000000e+00 1.382980914e+00 0.000000000e+00 0.000000000e+00 1.000000000e+00 0.000000000e+00
9.293698929e-01 -3.691498369e-01 0.000000000e+00 -2.941565321e-01 3.691498369e-01 9.293698929e-01 0.000000000e+00 1.647765033e+00 0.000000000e+00 0.000000000e+00 1.000000000e+00 0.000000000e+00
9.040683061e-01 -4.273879945e-01 0.000000000e+00 -3.976563400e-01 4.273879945e-01 9.040683061e-01 0.000000000e+00 1.919984604e+00 0.000000000e+00 0.000000000e+00 1.000000000e+00 0.000000000e+00
8.756309839e-01 -4.829807243e-01 0.000000000e+00 -5.375024525e-01 4.829807243e-01 8.756309839e-01 0.000000000e+00 2.167833971e+00 0.000000000e+00 0.000000000e+00 1.000000000e+00 0.000000000e+00
8.446858101e-01 -5.352624423e-01 0.000000000e+00 -6.874872410e-01 5.352624423e-01 8.446858101e-01 0.000000000e+00 2.398716719e+00 0.000000000e+00 0.000000000e+00 1.000000000e+00 0.000000000e+00
8.085457211e-01 -5.884333580e-01 0.000000000e+00 -8.481559260e-01 5.884333580e-01 8.085457211e-01 0.000000000e+00 2.637906226e+00 0.000000000e+00 0.000000000e+00 1.000000000e+00 0.000000000e+00
7.698382479e-01 -6.382390400e-01 0.000000000e+00 -1.023421400e+00 6.382390400e-01 7.698382479e-01 0.000000000e+00 2.870469038e+00 0.000000000e+00 0.000000000e+00 1.000000000e+00 0.000000000e+00
7.287454824e-01 -6.847846537e-01 0.000000000e+00 -1.212232350e+00 6.847846537e-01 7.287454824e-01 0.000000000e+00 3.080115687e+00 0.000000000e+00 0.000000000e+00 1.000000000e+00 0.000000000e+00
6.855352607e-01 -7.280394264e-01 0.000000000e+00 -1.414765681e+00 7.280394264e-01 6.855352607e-01 0.000000000e+00 3.264464434e+00 0.000000000e+00 0.000000000e+00 1.000000000e+00 0.000000000e+00
6.369176367e-01 -7.709318544e-01 0.000000000e+00 -1.620773944e+00 7.709318544e-01 6.369176367e-01 0.000000000e+00 3.466269707e+00 0.000000000e+00 0.000000000e+00 1.000000000e+00 0.000000000e+00
5.867369377e-01 -8.097776028e-01 0.000000000e+00 -1.836651254e+00 8.097776028e-01 5.867369377e-01 0.000000000e+00 3.646224579e+00 0.000000000e+00 0.000000000e+00 1.000000000e+00 0.000000000e+00
5.331555496e-01 -8.460172338e-01 0.000000000e+00 -2.066290236e+00 8.460172338e-01 5.331555496e-01 0.000000000e+00 3.812833564e+00 0.000000000e+00 0.000000000e+00 1.000000000e+00 0.000000000e+00
4.813328849e-01 -8.765378793e-01 0.000000000e+00 -2.309510610e+00 8.765378793e-01 4.813328849e-01 0.000000000e+00 3.950376995e+00 0.000000000e+00 0.000000000e+00 1.000000000e+00 0.000000000e+00
4.265725775e-01 -9.044533355e-01 0.000000000e+00 -2.569448440e+00 9.044533355e-01 4.265725775e-01 0.000000000e+00 4.068415486e+00 0.000000000e+00 0.000000000e+00 1.000000000e+00 0.000000000e+00
3.661144521e-01 -9.305698297e-01 0.000000000e+00 -2.829231708e+00 9.305698297e-01 3.661144521e-01 0.000000000e+00 4.173278843e+00 0.000000000e+00 0.000000000e+00 1.000000000e+00 0.000000000e+00
3.071887010e-01 -9.516486232e-01 0.000000000e+00 -3.099433135e+00 9.516486232e-01 3.071887010e-01 0.000000000e+00 4.263508936e+00 0.000000000e+00 0.000000000e+00 1.000000000e+00 0.000000000e+00
2.473284952e-01 -9.689316877e-01 0.000000000e+00 -3.367107715e+00 9.689316877e-01 2.473284952e-01 0.000000000e+00 4.333788684e+00 0.000000000e+00 0.000000000e+00 1.000000000e+00 0.000000000e+00
1.940693498e-01 -9.809878121e-01 0.000000000e+00 -3.639610871e+00 9.809878121e-01 1.940693498e-01 0.000000000e+00 4.336925424e+00 0.000000000e+00 0.000000000e+00 1.000000000e+00 0.000000000e+00
1.329388611e-01 -9.911242400e-01 0.000000000e+00 -3.921357947e+00 9.911242400e-01 1.329388611e-01 0.000000000e+00 4.381343990e+00 0.000000000e+00 0.000000000e+00 1.000000000e+00 0.000000000e+00
7.127542092e-02 -9.974566729e-01 0.000000000e+00 -4.206409948e+00 9.974566729e-01 7.127542092e-02 0.000000000e+00 4.405227819e+00 0.000000000e+00 0.000000000e+00 1.000000000e+00 0.000000000e+00
9.287601365e-03 -9.999568693e-01 0.000000000e+00 -4.491917135e+00 9.999568693e-01 9.287601365e-03 0.000000000e+00 4.409165632e+00 0.000000000e+00 0.000000000e+00 1.000000000e+00 0.000000000e+00
-5.492297255e-02 -9.984905944e-01 0.000000000e+00 -4.778594602e+00 9.984905944e-01 -5.492297255e-02 0.000000000e+00 4.412193905e+00 0.000000000e+00 0.000000000e+00 1.000000000e+00 0.000000000e+00
-1.224494226e-01 -9.924747548e-01 0.000000000e+00 -5.057855142e+00 9.924747548e-01 -1.224494226e-01 0.000000000e+00 4.404522702e+00 0.000000000e+00 0.000000000e+00 1.000000000e+00 0.000000000e+00
-1.843092608e-01 -9.828683006e-01 0.000000000e+00 -5.337728427e+00 9.828683006e-01 -1.843092608e-01 0.000000000e+00 4.343917243e+00 0.000000000e+00 0.000000000e+00 1.000000000e+00 0.000000000e+00
-2.471620774e-01 -9.689741521e-01 0.000000000e+00 -5.615197917e+00 9.689741521e-01 -2.471620774e-01 0.000000000e+00 4.302321672e+00 0.000000000e+00 0.000000000e+00 1.000000000e+00 0.000000000e+00
-3.095238302e-01 -9.508916860e-01 0.000000000e+00 -5.889723881e+00 9.508916860e-01 -3.095238302e-01 0.000000000e+00 4.213726423e+00 0.000000000e+00 0.000000000e+00 1.000000000e+00 0.000000000e+00
-3.671522306e-01 -9.301608676e-01 0.000000000e+00 -6.154640236e+00 9.301608676e-01 -3.671522306e-01 0.000000000e+00 4.116936331e+00 0.000000000e+00 0.000000000e+00 1.000000000e+00 0.000000000e+00
-4.200515799e-01 -9.075002315e-01 0.000000000e+00 -6.381231760e+00 9.075002315e-01 -4.200515799e-01 0.000000000e+00 3.981063277e+00 0.000000000e+00 0.000000000e+00 1.000000000e+00 0.000000000e+00
-4.746045161e-01 -8.801991555e-01 0.000000000e+00 -6.631814505e+00 8.801991555e-01 -4.746045161e-01 0.000000000e+00 3.848332595e+00 0.000000000e+00 0.000000000e+00 1.000000000e+00 0.000000000e+00
-5.281223950e-01 -8.491682612e-01 0.000000000e+00 -6.870503597e+00 8.491682612e-01 -5.281223950e-01 0.000000000e+00 3.706176304e+00 0.000000000e+00 0.000000000e+00 1.000000000e+00 0.000000000e+00
-5.824332904e-01 -8.128785040e-01 0.000000000e+00 -7.110849979e+00 8.128785040e-01 -5.824332904e-01 0.000000000e+00 3.561141992e+00 0.000000000e+00 0.000000000e+00 1.000000000e+00 0.000000000e+00
-6.305374028e-01 -7.761588650e-01 0.000000000e+00 -7.335725200e+00 7.761588650e-01 -6.305374028e-01 0.000000000e+00 3.383586239e+00 0.000000000e+00 0.000000000e+00 1.000000000e+00 0.000000000e+00
-6.788918317e-01 -7.342382997e-01 0.000000000e+00 -7.548271305e+00 7.342382997e-01 -6.788918317e-01 0.000000000e+00 3.196371857e+00 0.000000000e+00 0.000000000e+00 1.000000000e+00 0.000000000e+00
-7.221516210e-01 -6.917348020e-01 0.000000000e+00 -7.743987174e+00 6.917348020e-01 -7.221516210e-01 0.000000000e+00 2.981751506e+00 0.000000000e+00 0.000000000e+00 1.000000000e+00 0.000000000e+00
-7.642068813e-01 -6.449711951e-01 0.000000000e+00 -7.927173559e+00 6.449711951e-01 -7.642068813e-01 0.000000000e+00 2.768610267e+00 0.000000000e+00 0.000000000e+00 1.000000000e+00 0.000000000e+00
-8.038106407e-01 -5.948852443e-01 0.000000000e+00 -8.098687604e+00 5.948852443e-01 -8.038106407e-01 0.000000000e+00 2.547749295e+00 0.000000000e+00 0.000000000e+00 1.000000000e+00 0.000000000e+00
-8.411949970e-01 -5.407318901e-01 0.000000000e+00 -8.268520826e+00 5.407318901e-01 -8.411949970e-01 0.000000000e+00 2.319096479e+00 0.000000000e+00 0.000000000e+00 1.000000000e+00 0.000000000e+00
-8.726381910e-01 -4.883672671e-01 0.000000000e+00 -8.403168172e+00 4.883672671e-01 -8.726381910e-01 0.000000000e+00 2.070198197e+00 0.000000000e+00 0.000000000e+00 1.000000000e+00 0.000000000e+00
-9.017470391e-01 -4.322641293e-01 0.000000000e+00 -8.528284666e+00 4.322641293e-01 -9.017470391e-01 0.000000000e+00 1.803990175e+00 0.000000000e+00 0.000000000e+00 1.000000000e+00 0.000000000e+00
-9.282571438e-01 -3.719390743e-01 0.000000000e+00 -8.653505575e+00 3.719390743e-01 -9.282571438e-01 0.000000000e+00 1.546799774e+00 0.000000000e+00 0.000000000e+00 1.000000000e+00 0.000000000e+00
-9.495341741e-01 -3.136635971e-01 0.000000000e+00 -8.740854442e+00 3.136635971e-01 -9.495341741e-01 0.000000000e+00 1.276615796e+00 0.000000000e+00 0.000000000e+00 1.000000000e+00 0.000000000e+00
-9.665682186e-01 -2.564095920e-01 0.000000000e+00 -8.818465013e+00 2.564095920e-01 -9.665682186e-01 0.000000000e+00 1.007495581e+00 0.000000000e+00 0.000000000e+00 1.000000000e+00 0.000000000e+00
-9.813416831e-01 -1.922719455e-01 0.000000000e+00 -8.900348117e+00 1.922719455e-01 -9.813416831e-01 0.000000000e+00 7.510869249e-01 0.000000000e+00 0.000000000e+00 1.000000000e+00 0.000000000e+00
-9.915944589e-01 -1.293848101e-01 0.000000000e+00 -8.936301274e+00 1.293848101e-01 -9.915944589e-01 0.000000000e+00 4.691590167e-01 0.000000000e+00 0.000000000e+00 1.000000000e+00 0.000000000e+00
-9.976437384e-01 -6.860736966e-02 0.000000000e+00 -8.965653306e+00 6.860736966e-02 -9.976437384e-01 0.000000000e+00 1.844348317e-01 0.000000000e+00 0.000000000e+00 1.000000000e+00 0.000000000e+00
-9.999990258e-01 -1.395816838e-03 0.000000000e+00 -8.977224598e+00 1.395816838e-03 -9.999990258e-01 0.000000000e+00 -9.242520762e-02 0.000000000e+00 0.000000000e+00 1.000000000e+00 0.000000000e+00
-9.980358897e-01 6.264473555e-02 0.000000000e+00 -8.969042440e+00 -6.264473555e-02 -9.980358897e-01 0.000000000e+00 -3.770888345e-01 0.000000000e+00 0.000000000e+00 1.000000000e+00 0.000000000e+00
-9.923085199e-01 1.237893429e-01 0.000000000e+00 -8.937823128e+00 -1.237893429e-01 -9.923085199e-01 0.000000000e+00 -6.697259398e-01 0.000000000e+00 0.000000000e+00 1.000000000e+00 0.000000000e+00
-9.823126169e-01 1.872482914e-01 0.000000000e+00 -8.906274797e+00 -1.872482914e-01 -9.823126169e-01 0.000000000e+00 -9.429855753e-01 0.000000000e+00 0.000000000e+00 1.000000000e+00 0.000000000e+00
-9.691079879e-01 2.466367931e-01 0.000000000e+00 -8.835314201e+00 -2.466367931e-01 -9.691079879e-01 0.000000000e+00 -1.225407778e+00 0.000000000e+00 0.000000000e+00 1.000000000e+00 0.000000000e+00
-9.519262812e-01 3.063272026e-01 0.000000000e+00 -8.756700837e+00 -3.063272026e-01 -9.519262812e-01 0.000000000e+00 -1.491721863e+00 0.000000000e+00 0.000000000e+00 1.000000000e+00 0.000000000e+00
-9.299960495e-01 3.675695144e-01 0.000000000e+00 -8.658749337e+00 -3.675695144e-01 -9.299960495e-01 0.000000000e+00 -1.776167592e+00 0.000000000e+00 0.000000000e+00 1.000000000e+00 0.000000000e+00
-9.044042619e-01 4.266766118e-01 0.000000000e+00 -8.540517021e+00 -4.266766118e-01 -9.044042619e-01 0.000000000e+00 -2.031546875e+00 0.000000000e+00 0.000000000e+00 1.000000000e+00 0.000000000e+00
-8.767418963e-01 4.809611702e-01 0.000000000e+00 -8.404603297e+00 -4.809611702e-01 -8.767418963e-01 0.000000000e+00 -2.281075991e+00 0.000000000e+00 0.000000000e+00 1.000000000e+00 0.000000000e+00
-8.416324071e-01 5.400508228e-01 0.000000000e+00 -8.281576829e+00 -5.400508228e-01 -8.416324071e-01 0.000000000e+00 -2.535485948e+00 0.000000000e+00 0.000000000e+00 1.000000000e+00 0.000000000e+00
-8.047848848e-01 5.935665836e-01 0.000000000e+00 -8.144068383e+00 -5.935665836e-01 -8.047848848e-01 0.000000000e+00 -2.768118900e+00 0.000000000e+00 0.000000000e+00 1.000000000e+00 0.000000000e+00
-7.678236970e-01 6.406611978e-01 0.000000000e+00 -7.959611528e+00 -6.406611978e-01 -7.678236970e-01 0.000000000e+00 -2.990841226e+00 0.000000000e+00 0.000000000e+00 1.000000000e+00 0.000000000e+00
-7.249874711e-01 6.887620538e-01 0.000000000e+00 -7.764651155e+00 -6.887620538e-01 -7.249874711e-01 0.000000000e+00 -3.202882150e+00 0.000000000e+00 0.000000000e+00 1.000000000e+00 0.000000000e+00
-6.794770134e-01 7.336967959e-01 0.000000000e+00 -7.577305357e+00 -7.336967959e-01 -6.794770134e-01 0.000000000e+00 -3.408680316e+00 0.000000000e+00 0.000000000e+00 1.000000000e+00 0.000000000e+00
-6.343435874e-01 7.730512357e-01 0.000000000e+00 -7.353988162e+00 -7.730512357e-01 -6.343435874e-01 0.000000000e+00 -3.571071917e+00 0.000000000e+00 0.000000000e+00 1.000000000e+00 0.000000000e+00
-5.793237398e-01 8.150975430e-01 0.000000000e+00 -7.141824631e+00 -8.150975430e-01 -5.793237398e-01 0.000000000e+00 -3.755675794e+00 0.000000000e+00 0.000000000e+00 1.000000000e+00 0.000000000e+00
-5.320180026e-01 8.467330423e-01 0.000000000e+00 -6.903162950e+00 -8.467330423e-01 -5.320180026e-01 0.000000000e+00 -3.919855688e+00 0.000000000e+00 0.000000000e+00 1.000000000e+00 0.000000000e+00
-4.755194071e-01 8.797052310e-01 0.000000000e+00 -6.660900607e+00 -8.797052310e-01 -4.755194071e-01 0.000000000e+00 -4.069855629e+00 0.000000000e+00 0.000000000e+00 1.000000000e+00 0.000000000e+00
-4.229909347e-01 9.061339135e-01 0.000000000e+00 -6.398796522e+00 -9.061339135e-01 -4.229909347e-01 0.000000000e+00 -4.173618548e+00 0.000000000e+00 0.000000000e+00 1.000000000e+00 0.000000000e+00
-3.645166632e-01 9.311968655e-01 0.000000000e+00 -6.140978841e+00 -9.311968655e-01 -3.645166632e-01 0.000000000e+00 -4.293773900e+00 0.000000000e+00 0.000000000e+00 1.000000000e+00 0.000000000e+00
-3.026749682e-01 9.530938378e-01 0.000000000e+00 -5.879267156e+00 -9.530938378e-01 -3.026749682e-01 0.000000000e+00 -4.392554619e+00 0.000000000e+00 0.000000000e+00 1.000000000e+00 0.000000000e+00
-2.472508751e-01 9.689514976e-01 0.000000000e+00 -5.595467979e+00 -9.689514976e-01 -2.472508751e-01 0.000000000e+00 -4.443748562e+00 0.000000000e+00 0.000000000e+00 1.000000000e+00 0.000000000e+00
-1.876541940e-01 9.822351569e-01 0.000000000e+00 -5.314509272e+00 -9.822351569e-01 -1.876541940e-01 0.000000000e+00 -4.504173180e+00 0.000000000e+00 0.000000000e+00 1.000000000e+00 0.000000000e+00
-1.205982917e-01 9.927013912e-01 0.000000000e+00 -5.035031165e+00 -9.927013912e-01 -1.205982917e-01 0.000000000e+00 -4.568306983e+00 0.000000000e+00 0.000000000e+00 1.000000000e+00 0.000000000e+00
-6.059815018e-02 9.981622434e-01 0.000000000e+00 -4.749773928e+00 -9.981622434e-01 -6.059815018e-02 0.000000000e+00 -4.579198925e+00 0.000000000e+00 0.000000000e+00 1.000000000e+00 0.000000000e+00
-2.078514930e-03 9.999978399e-01 0.000000000e+00 -4.464198079e+00 -9.999978399e-01 -2.078514930e-03 0.000000000e+00 -4.572054386e+00 0.000000000e+00 0.000000000e+00 1.000000000e+00 0.000000000e+00
6.024898654e-02 9.981833798e-01 0.000000000e+00 -4.180729348e+00 -9.981833798e-01 6.024898654e-02 0.000000000e+00 -4.556313717e+00 0.000000000e+00 0.000000000e+00 1.000000000e+00 0.000000000e+00
1.272759769e-01 9.918673428e-01 0.000000000e+00 -3.901192058e+00 -9.918673428e-01 1.272759769e-01 0.000000000e+00 -4.541211472e+00 0.000000000e+00 0.000000000e+00 1.000000000e+00 0.000000000e+00
1.882176300e-01 9.821273460e-01 0.000000000e+00 -3.616479467e+00 -9.821273460e-01 1.882176300e-01 0.000000000e+00 -4.492569819e+00 0.000000000e+00 0.000000000e+00 1.000000000e+00 0.000000000e+00
2.519758647e-01 9.677335189e-01 0.000000000e+00 -3.334540609e+00 -9.677335189e-01 2.519758647e-01 0.000000000e+00 -4.432028717e+00 0.000000000e+00 0.000000000e+00 1.000000000e+00 0.000000000e+00
3.130403290e-01 9.497398341e-01 0.000000000e+00 -3.058446241e+00 -9.497398341e-01 3.130403290e-01 0.000000000e+00 -4.351032818e+00 0.000000000e+00 0.000000000e+00 1.000000000e+00 0.000000000e+00
3.722089503e-01 9.281489629e-01 0.000000000e+00 -2.805368257e+00 -9.281489629e-01 3.722089503e-01 0.000000000e+00 -4.251156709e+00 0.000000000e+00 0.000000000e+00 1.000000000e+00 0.000000000e+00
4.284874821e-01 9.035477174e-01 0.000000000e+00 -2.549323655e+00 -9.035477174e-01 4.284874821e-01 0.000000000e+00 -4.125812751e+00 0.000000000e+00 0.000000000e+00 1.000000000e+00 0.000000000e+00
4.861213496e-01 8.738913167e-01 0.000000000e+00 -2.297023802e+00 -8.738913167e-01 4.861213496e-01 0.000000000e+00 -4.004667913e+00 0.000000000e+00 0.000000000e+00 1.000000000e+00 0.000000000e+00
5.424592449e-01 8.400821196e-01 0.000000000e+00 -2.064481449e+00 -8.400821196e-01 5.424592449e-01 0.000000000e+00 -3.856982834e+00 0.000000000e+00 0.000000000e+00 1.000000000e+00 0.000000000e+00
5.895309759e-01 8.077457697e-01 0.000000000e+00 -1.828427310e+00 -8.077457697e-01 5.895309759e-01 0.000000000e+00 -3.707762044e+00 0.000000000e+00 0.000000000e+00 1.000000000e+00 0.000000000e+00
6.430285489e-01 7.658422065e-01 0.000000000e+00 -1.591366604e+00 -7.658422065e-01 6.430285489e-01 0.000000000e+00 -3.544195433e+00 0.000000000e+00 0.000000000e+00 1.000000000e+00 0.000000000e+00
6.916003557e-01 7.222803805e-01 0.000000000e+00 -1.377092488e+00 -7.222803805e-01 6.916003557e-01 0.000000000e+00 -3.351423890e+00 0.000000000e+00 0.000000000e+00 1.000000000e+00 0.000000000e+00
7.329995908e-01 6.802290789e-01 0.000000000e+00 -1.175418911e+00 -6.802290789e-01 7.329995908e-01 0.000000000e+00 -3.137513877e+00 0.000000000e+00 0.000000000e+00 1.000000000e+00 0.000000000e+00
7.743032496e-01 6.328147262e-01 0.000000000e+00 -9.838714691e-01 -6.328147262e-01 7.743032496e-01 0.000000000e+00 -2.915517294e+00 0.000000000e+00 0.000000000e+00 1.000000000e+00 0.000000000e+00
8.121627138e-01 5.834309953e-01 0.000000000e+00 -8.299174506e-01 -5.834309953e-01 8.121627138e-01 0.000000000e+00 -2.682655759e+00 0.000000000e+00 0.000000000e+00 1.000000000e+00 0.000000000e+00
8.480370712e-01 5.299369074e-01 0.000000000e+00 -6.583280405e-01 -5.299369074e-01 8.480370712e-01 0.000000000e+00 -2.468333030e+00 0.000000000e+00 0.000000000e+00 1.000000000e+00 0.000000000e+00
8.796774149e-01 4.755708630e-01 0.000000000e+00 -5.071668896e-01 -4.755708630e-01 8.796774149e-01 0.000000000e+00 -2.224431599e+00 0.000000000e+00 0.000000000e+00 1.000000000e+00 0.000000000e+00
9.083917585e-01 4.181200942e-01 0.000000000e+00 -3.845923818e-01 -4.181200942e-01 9.083917585e-01 0.000000000e+00 -1.964147795e+00 0.000000000e+00 0.000000000e+00 1.000000000e+00 0.000000000e+00
9.336304448e-01 3.582376203e-01 0.000000000e+00 -2.543206810e-01 -3.582376203e-01 9.336304448e-01 0.000000000e+00 -1.717982462e+00 0.000000000e+00 0.000000000e+00 1.000000000e+00 0.000000000e+00
9.537053679e-01 3.007425331e-01 0.000000000e+00 -1.685635618e-01 -3.007425331e-01 9.537053679e-01 0.000000000e+00 -1.446191214e+00 0.000000000e+00 0.000000000e+00 1.000000000e+00 0.000000000e+00
9.716649839e-01 2.363623471e-01 0.000000000e+00 -8.833230782e-02 -2.363623471e-01 9.716649839e-01 0.000000000e+00 -1.171665462e+00 0.000000000e+00 0.000000000e+00 1.000000000e+00 0.000000000e+00
9.847057582e-01 1.742256291e-01 0.000000000e+00 -4.131588461e-02 -1.742256291e-01 9.847057582e-01 0.000000000e+00 -8.767907004e-01 0.000000000e+00 0.000000000e+00 1.000000000e+00 0.000000000e+00
9.938200108e-01 1.110035415e-01 0.000000000e+00 1.312945286e-02 -1.110035415e-01 9.938200108e-01 0.000000000e+00 -5.995047456e-01 0.000000000e+00 0.000000000e+00 1.000000000e+00 0.000000000e+00
9.988086300e-01 4.879877606e-02 0.000000000e+00 2.732773378e-02 -4.879877606e-02 9.988086300e-01 0.000000000e+00 -3.081355274e-01 0.000000000e+00 0.000000000e+00 1.000000000e+00 0.000000000e+00
9.998858907e-01 -1.510647367e-02 0.000000000e+00 2.894087526e-02 1.510647367e-02 9.998858907e-01 0.000000000e+00 -3.253035956e-02 0.000000000e+00 0.000000000e+00 1.000000000e+00 0.000000000e+00
9.970138113e-01 -7.722344191e-02 0.000000000e+00 3.465211007e-02 7.722344191e-02 9.970138113e-01 0.000000000e+00 2.537779542e-01 0.000000000e+00 0.000000000e+00 1.000000000e+00 0.000000000e+00
9.900007289e-01 -1.410622443e-01 0.000000000e+00 9.356141952e-03 1.410622443e-01 9.900007289e-01 0.000000000e+00 5.322376197e-01 0.000000000e+00 0.000000000e+00 1.000000000e+00 0.000000000e+00
9.799187308e-01 -1.993972943e-01 0.000000000e+00 -4.977173419e-02 1.993972943e-01 9.799187308e-01 0.000000000e+00 8.031928557e-01 0.000000000e+00 0.000000000e+00 1.000000000e+00 0.000000000e+00
9.657240210e-01 -2.595710215e-01 0.000000000e+00 -1.295837887e-01 2.595710215e-01 9.657240210e-01 0.000000000e+00 1.075433914e+00 0.000000000e+00 0.000000000e+00 1.000000000e+00 0.000000000e+00
9.469632336e-01 -3.213419273e-01 0.000000000e+00 -1.998077597e-01 3.213419273e-01 9.469632336e-01 0.000000000e+00 1.347152404e+00 0.000000000e+00 0.000000000e+00 1.000000000e+00 0.000000000e+00
9.236872909e-01 -3.831472153e-01 0.000000000e+00 -2.900740099e-01 3.831472153e-01 9.236872909e-01 0.000000000e+00 1.610602980e+00 0.000000000e+00 0.000000000e+00 1.000000000e+00 0.000000000e+00
8.975088180e-01 -4.409965097e-01 0.000000000e+00 -3.976742853e-01 4.409965097e-01 8.975088180e-01 0.000000000e+00 1.881227971e+00 0.000000000e+00 0.000000000e+00 1.000000000e+00 0.000000000e+00
8.682349307e-01 -4.961533081e-01 0.000000000e+00 -5.412485701e-01 4.961533081e-01 8.682349307e-01 0.000000000e+00 2.126936475e+00 0.000000000e+00 0.000000000e+00 1.000000000e+00 0.000000000e+00
8.365034957e-01 -5.479615878e-01 0.000000000e+00 -6.947040680e-01 5.479615878e-01 8.365034957e-01 0.000000000e+00 2.355527135e+00 0.000000000e+00 0.000000000e+00 1.000000000e+00 0.000000000e+00
7.995643055e-01 -6.005804870e-01 0.000000000e+00 -8.589677292e-01 6.005804870e-01 7.995643055e-01 0.000000000e+00 2.592262211e+00 0.000000000e+00 0.000000000e+00 1.000000000e+00 0.000000000e+00
7.601088609e-01 -6.497957522e-01 0.000000000e+00 -1.037726408e+00 6.497957522e-01 7.601088609e-01 0.000000000e+00 2.822150843e+00 0.000000000e+00 0.000000000e+00 1.000000000e+00 0.000000000e+00
7.183176444e-01 -6.957152879e-01 0.000000000e+00 -1.229682834e+00 6.957152879e-01 7.183176444e-01 0.000000000e+00 3.028921301e+00 0.000000000e+00 0.000000000e+00 1.000000000e+00 0.000000000e+00
6.744589263e-01 -7.383123707e-01 0.000000000e+00 -1.434977913e+00 7.383123707e-01 6.744589263e-01 0.000000000e+00 3.210189448e+00 0.000000000e+00 0.000000000e+00 1.000000000e+00 0.000000000e+00
6.251988967e-01 -7.804654634e-01 0.000000000e+00 -1.644011235e+00 7.804654634e-01 6.251988967e-01 0.000000000e+00 3.408859635e+00 0.000000000e+00 0.000000000e+00 1.000000000e+00 0.000000000e+00
5.744371015e-01 -8.185487258e-01 0.000000000e+00 -1.862582395e+00 8.185487258e-01 5.744371015e-01 0.000000000e+00 3.585532827e+00 0.000000000e+00 0.000000000e+00 1.000000000e+00 0.000000000e+00
5.203143746e-01 -8.539747957e-01 0.000000000e+00 -2.094712048e+00 8.539747957e-01 5.203143746e-01 0.000000000e+00 3.748653766e+00 0.000000000e+00 0.000000000e+00 1.000000000e+00 0.000000000e+00
4.680365640e-01 -8.837091008e-01 0.000000000e+00 -2.339982464e+00 8.837091008e-01 4.680365640e-01 0.000000000e+00 3.882507300e+00 0.000000000e+00 0.000000000e+00 1.000000000e+00 0.000000000e+00
4.128608011e-01 -9.107941364e-01 0.000000000e+00 -2.601673779e+00 9.107941364e-01 4.128608011e-01 0.000000000e+00 3.996605577e+00 0.000000000e+00 0.000000000e+00 1.000000000e+00 0.000000000e+00
3.520150464e-01 -9.359943414e-01 0.000000000e+00 -2.863011518e+00 9.359943414e-01 3.520150464e-01 0.000000000e+00 4.097532559e+00 0.000000000e+00 0.000000000e+00 1.000000000e+00 0.000000000e+00
2.927775930e-01 -9.561805693e-01 0.000000000e+00 -3.134545172e+00 9.561805693e-01 2.927775930e-01 0.000000000e+00 4.183670566e+00 0.000000000e+00 0.000000000e+00 1.000000000e+00 0.000000000e+00
2.326631317e-01 -9.725573850e-01 0.000000000e+00 -3.403250887e+00 9.725573850e-01 2.326631317e-01 0.000000000e+00 4.249898675e+00 0.000000000e+00 0.000000000e+00 1.000000000e+00 0.000000000e+00
1.792279381e-01 -9.838075758e-01 0.000000000e+00 -3.675770332e+00 9.838075758e-01 1.792279381e-01 0.000000000e+00 4.248918495e+00 0.000000000e+00 0.000000000e+00 1.000000000e+00 0.000000000e+00
1.179512993e-01 -9.930193810e-01 0.000000000e+00 -3.958156266e+00 9.930193810e-01 1.179512993e-01 0.000000000e+00 4.289075788e+00 0.000000000e+00 0.000000000e+00 1.000000000e+00 0.000000000e+00
5.619923477e-02 -9.984195741e-01 0.000000000e+00 -4.243536540e+00 9.984195741e-01 5.619923477e-02 0.000000000e+00 4.308650761e+00 0.000000000e+00 0.000000000e+00 1.000000000e+00 0.000000000e+00
-5.819280556e-03 -9.999830678e-01 0.000000000e+00 -4.529070635e+00 9.999830678e-01 -5.819280556e-03 0.000000000e+00 4.308275118e+00 0.000000000e+00 0.000000000e+00 1.000000000e+00 0.000000000e+00
