1.000000000e+00 0.000000000e+00 0.000000000e+00 0.000000000e+00 0.000000000e+00 1.000000000e+00 0.000000000e+00 0.000000000e+00 0.000000000e+00 0.000000000e+00 1.000000000e+00 0.000000000e+00
9.972043764e-01 -7.472236462e-02 0.000000000e+00 -9.028437785e-03 7.472236462e-02 9.972043764e-01 0.000000000e+00 3.120034393e-01 0.000000000e+00 0.000000000e+00 1.000000000e+00 0.000000000e+00
9.732483462e-01 -2.297556455e-01 0.000000000e+00 -4.120549018e-02 2.297556455e-01 9.732483462e-01 0.000000000e+00 6.290571765e-01 0.000000000e+00 0.000000000e+00 1.000000000e+00 0.000000000e+00
9.274970925e-01 -3.738303670e-01 0.000000000e+00 -1.486853414e-01 3.738303670e-01 9.274970925e-01 0.000000000e+00 9.145089525e-01 0.000000000e+00 0.000000000e+00 1.000000000e+00 0.000000000e+00
8.608321314e-01 -5.088890267e-01 0.000000000e+00 -2.894067539e-01 5.088890267e-01 8.608321314e-01 0.000000000e+00 1.196389926e+00 0.000000000e+00 0.000000000e+00 1.000000000e+00 0.000000000e+00
7.804941269e-01 -6.251631131e-01 0.000000000e+00 -4.712165694e-01 6.251631131e-01 7.804941269e-01 0.000000000e+00 1.440706938e+00 0.000000000e+00 0.000000000e+00 1.000000000e+00 0.000000000e+00
6.871394413e-01 -7.265255592e-01 0.000000000e+00 -6.918178723e-01 7.265255592e-01 6.871394413e-01 0.000000000e+00 1.647017641e+00 0.000000000e+00 0.000000000e+00 1.000000000e+00 0.000000000e+00
5.808787115e-01 -8.139901244e-01 0.000000000e+00 -8.851811283e-01 8.139901244e-01 5.808787115e-01 0.000000000e+00 1.867126359e+00 0.000000000e+00 0.000000000e+00 1.000000000e+00 0.000000000e+00
4.688458168e-01 -8.832800236e-01 0.000000000e+00 -1.111487725e+00 8.832800236e-01 4.688458168e-01 0.000000000e+00 2.039907459e+00 0.000000000e+00 0.000000000e+00 1.000000000e+00 0.000000000e+00
3.674687710e-01 -9.300358608e-01 0.000000000e+00 -1.402858801e+00 9.300358608e-01 3.674687710e-01 0.000000000e+00 2.121335108e+00 0.000000000e+00 0.000000000e+00 1.000000000e+00 0.000000000e+00
2.647972156e-01 -9.643041194e-01 0.000000000e+00 -1.687942469e+00 9.643041194e-01 2.647972156e-01 0.000000000e+00 2.185912087e+00 0.000000000e+00 0.000000000e+00 1.000000000e+00 0.000000000e+00
1.588037981e-01 -9.873101608e-01 0.000000000e+00 -1.955853277e+00 9.873101608e-01 1.588037981e-01 0.000000000e+00 2.242286349e+00 0.000000000e+00 0.000000000e+00 1.000000000e+00 0.000000000e+00
6.070463491e-02 -9.981557731e-01 0.000000000e+00 -2.235142027e+00 9.981557731e-01 6.070463491e-02 0.000000000e+00 2.264889533e+00 0.000000000e+00 0.000000000e+00 1.000000000e+00 0.000000000e+00
-3.079211083e-02 -9.995258105e-01 0.000000000e+00 -2.495851542e+00 9.995258105e-01 -3.079211083e-02 0.000000000e+00 2.268443894e+00 0.000000000e+00 0.000000000e+00 1.000000000e+00 0.000000000e+00
-1.118712078e-01 -9.937227143e-01 0.000000000e+00 -2.758965773e+00 9.937227143e-01 -1.118712078e-01 0.000000000e+00 2.243328841e+00 0.000000000e+00 0.000000000e+00 1.000000000e+00 0.000000000e+00
-1.832303883e-01 -9.830700000e-01 0.000000000e+00 -3.007636010e+00 9.830700000e-01 -1.832303883e-01 0.000000000e+00 2.189879468e+00 0.000000000e+00 0.000000000e+00 1.000000000e+00 0.000000000e+00
-2.516338390e-01 -9.678225101e-01 0.000000000e+00 -3.254316480e+00 9.678225101e-01 -2.516338390e-01 0.000000000e+00 2.136012457e+00 0.000000000e+00 0.000000000e+00 1.000000000e+00 0.000000000e+00
-3.123491496e-01 -9.499673725e-01 0.000000000e+00 -3.481403471e+00 9.499673725e-01 -3.123491496e-01 0.000000000e+00 2.059702066e+00 0.000000000e+00 0.000000000e+00 1.000000000e+00 0.000000000e+00
-3.689787721e-01 -9.294378224e-01 0.000000000e+00 -3.727108510e+00 9.294378224e-01 -3.689787721e-01 0.000000000e+00 1.985398519e+00 0.000000000e+00 0.000000000e+00 1.000000000e+00 0.000000000e+00
-4.162254826e-01 -9.092614297e-01 0.000000000e+00 -3.945854349e+00 9.092614297e-01 -4.162254826e-01 0.000000000e+00 1.887744032e+00 0.000000000e+00 0.000000000e+00 1.000000000e+00 0.000000000e+00
-4.601700984e-01 -8.878307725e-01 0.000000000e+00 -4.180906565e+00 8.878307725e-01 -4.601700984e-01 0.000000000e+00 1.780113538e+00 0.000000000e+00 0.000000000e+00 1.000000000e+00 0.000000000e+00
-4.957878906e-01 -8.684436467e-01 0.000000000e+00 -4.400037112e+00 8.684436467e-01 -4.957878906e-01 0.000000000e+00 1.660903771e+00 0.000000000e+00 0.000000000e+00 1.000000000e+00 0.000000000e+00
-5.257700250e-01 -8.506267576e-01 0.000000000e+00 -4.592827617e+00 8.506267576e-01 -5.257700250e-01 0.000000000e+00 1.556448454e+00 0.000000000e+00 0.000000000e+00 1.000000000e+00 0.000000000e+00
-5.525131201e-01 -8.335042004e-01 0.000000000e+00 -4.776818529e+00 8.335042004e-01 -5.525131201e-01 0.000000000e+00 1.418595706e+00 0.000000000e+00 0.000000000e+00 1.000000000e+00 0.000000000e+00
-5.783661056e-01 -8.157773274e-01 0.000000000e+00 -4.980288829e+00 8.157773274e-01 -5.783661056e-01 0.000000000e+00 1.301982056e+00 0.000000000e+00 0.000000000e+00 1.000000000e+00 0.000000000e+00
-5.941889581e-01 -8.043254827e-01 0.000000000e+00 -5.140925762e+00 8.043254827e-01 -5.941889581e-01 0.000000000e+00 1.155837419e+00 0.000000000e+00 0.000000000e+00 1.000000000e+00 0.000000000e+00
-6.101498090e-01 -7.922860661e-01 0.000000000e+00 -5.322824525e+00 7.922860661e-01 -6.101498090e-01 0.000000000e+00 1.017131826e+00 0.000000000e+00 0.000000000e+00 1.000000000e+00 0.000000000e+00
-6.206577212e-01 -7.840816240e-01 0.000000000e+00 -5.501255666e+00 7.840816240e-01 -6.206577212e-01 0.000000000e+00 8.806500840e-01 0.000000000e+00 0.000000000e+00 1.000000000e+00 0.000000000e+00
-6.274958509e-01 -7.786199054e-01 0.000000000e+00 -5.677792138e+00 7.786199054e-01 -6.274958509e-01 0.000000000e+00 7.438478061e-01 0.000000000e+00 0.000000000e+00 1.000000000e+00 0.000000000e+00
-6.349006249e-01 -7.725938108e-01 0.000000000e+00 -5.851744890e+00 7.725938108e-01 -6.349006249e-01 0.000000000e+00 6.131270424e-01 0.000000000e+00 0.000000000e+00 1.000000000e+00 0.000000000e+00
-6.349311695e-01 -7.725687089e-01 0.000000000e+00 -6.015532784e+00 7.725687089e-01 -6.349311695e-01 0.000000000e+00 4.719762354e-01 0.000000000e+00 0.000000000e+00 1.000000000e+00 0.000000000e+00
-6.316948712e-01 -7.752171242e-01 0.000000000e+00 -6.191296207e+00 7.752171242e-01 -6.316948712e-01 0.000000000e+00 3.387201404e-01 0.000000000e+00 0.000000000e+00 1.000000000e+00 0.000000000e+00
-6.284216656e-01 -7.778728753e-01 0.000000000e+00 -6.358303677e+00 7.778728753e-01 -6.284216656e-01 0.000000000e+00 1.896654586e-01 0.000000000e+00 0.000000000e+00 1.000000000e+00 0.000000000e+00
-6.189779109e-01 -7.854083943e-01 0.000000000e+00 -6.538493975e+00 7.854083943e-01 -6.189779109e-01 0.000000000e+00 5.275171563e-02 0.000000000e+00 0.000000000e+00 1.000000000e+00 0.000000000e+00
-6.081873121e-01 -7.937935458e-01 0.000000000e+00 -6.704915324e+00 7.937935458e-01 -6.081873121e-01 0.000000000e+00 -8.055979918e-02 0.000000000e+00 0.000000000e+00 1.000000000e+00 0.000000000e+00
-5.888943285e-01 -8.082100407e-01 0.000000000e+00 -6.869211366e+00 8.082100407e-01 -5.888943285e-01 0.000000000e+00 -2.343134398e-01 0.000000000e+00 0.000000000e+00 1.000000000e+00 0.000000000e+00
-5.733253306e-01 -8.193278131e-01 0.000000000e+00 -7.067400213e+00 8.193278131e-01 -5.733253306e-01 0.000000000e+00 -3.557606087e-01 0.000000000e+00 0.000000000e+00 1.000000000e+00 0.000000000e+00
-5.495351445e-01 -8.354706009e-01 0.000000000e+00 -7.256124213e+00 8.354706009e-01 -5.495351445e-01 0.000000000e+00 -4.997988478e-01 0.000000000e+00 0.000000000e+00 1.000000000e+00 0.000000000e+00
-5.212692711e-01 -8.533922586e-01 0.000000000e+00 -7.452621610e+00 8.533922586e-01 -5.212692711e-01 0.000000000e+00 -6.297607724e-01 0.000000000e+00 0.000000000e+00 1.000000000e+00 0.000000000e+00
-4.884651027e-01 -8.725834306e-01 0.000000000e+00 -7.647560274e+00 8.725834306e-01 -4.884651027e-01 0.000000000e+00 -7.525094848e-01 0.000000000e+00 0.000000000e+00 1.000000000e+00 0.000000000e+00
-4.499419236e-01 -8.930578175e-01 0.000000000e+00 -7.840052459e+00 8.930578175e-01 -4.499419236e-01 0.000000000e+00 -8.946067996e-01 0.000000000e+00 0.000000000e+00 1.000000000e+00 0.000000000e+00
-4.062581646e-01 -9.137583399e-01 0.000000000e+00 -8.052267359e+00 9.137583399e-01 -4.062581646e-01 0.000000000e+00 -1.002983434e+00 0.000000000e+00 0.000000000e+00 1.000000000e+00 0.000000000e+00
-3.593333637e-01 -9.332092658e-01 0.000000000e+00 -8.283859387e+00 9.332092658e-01 -3.593333637e-01 0.000000000e+00 -1.084665981e+00 0.000000000e+00 0.000000000e+00 1.000000000e+00 0.000000000e+00
-3.018998315e-01 -9.533396518e-01 0.000000000e+00 -8.512936275e+00 9.533396518e-01 -3.018998315e-01 0.000000000e+00 -1.167450019e+00 0.000000000e+00 0.000000000e+00 1.000000000e+00 0.000000000e+00
-2.412998922e-01 -9.704505974e-01 0.000000000e+00 -8.752822146e+00 9.704505974e-01 -2.412998922e-01 0.000000000e+00 -1.227745640e+00 0.000000000e+00 0.000000000e+00 1.000000000e+00 0.000000000e+00
-1.721726785e-01 -9.850667839e-01 0.000000000e+00 -9.001886685e+00 9.850667839e-01 -1.721726785e-01 0.000000000e+00 -1.282118783e+00 0.000000000e+00 0.000000000e+00 1.000000000e+00 0.000000000e+00
-9.668140781e-02 -9.953153799e-01 0.000000000e+00 -9.264047154e+00 9.953153799e-01 -9.668140781e-02 0.000000000e+00 -1.320045728e+00 0.000000000e+00 0.000000000e+00 1.000000000e+00 0.000000000e+00
-9.507531608e-03 -9.999548024e-01 0.000000000e+00 -9.527022081e+00 9.999548024e-01 -9.507531608e-03 0.000000000e+00 -1.331784887e+00 0.000000000e+00 0.000000000e+00 1.000000000e+00 0.000000000e+00
7.126358792e-02 -9.974575184e-01 0.000000000e+00 -9.779189511e+00 9.974575184e-01 7.126358792e-02 0.000000000e+00 -1.278351371e+00 0.000000000e+00 0.000000000e+00 1.000000000e+00 0.000000000e+00
1.681312686e-01 -9.857646152e-01 0.000000000e+00 -1.003844023e+01 9.857646152e-01 1.681312686e-01 0.000000000e+00 -1.244770511e+00 0.000000000e+00 0.000000000e+00 1.000000000e+00 0.000000000e+00
2.709524694e-01 -9.625927277e-01 0.000000000e+00 -1.031546414e+01 9.625927277e-01 2.709524694e-01 0.000000000e+00 -1.201676312e+00 0.000000000e+00 0.000000000e+00 1.000000000e+00 0.000000000e+00
3.781206119e-01 -9.257563410e-01 0.000000000e+00 -1.059017611e+01 9.257563410e-01 3.781206119e-01 0.000000000e+00 -1.115219435e+00 0.000000000e+00 0.000000000e+00 1.000000000e+00 0.000000000e+00
4.842844870e-01 -8.749105872e-01 0.000000000e+00 -1.083280506e+01 8.749105872e-01 4.842844870e-01 0.000000000e+00 -9.743843617e-01 0.000000000e+00 0.000000000e+00 1.000000000e+00 0.000000000e+00
5.908943286e-01 -8.067489650e-01 0.000000000e+00 -1.108348253e+01 8.067489650e-01 5.908943286e-01 0.000000000e+00 -8.255589703e-01 0.000000000e+00 0.000000000e+00 1.000000000e+00 0.000000000e+00
6.913682726e-01 -7.225025340e-01 0.000000000e+00 -1.133085644e+01 7.225025340e-01 6.913682726e-01 0.000000000e+00 -6.408827828e-01 0.000000000e+00 0.000000000e+00 1.000000000e+00 0.000000000e+00
7.863819170e-01 -6.177406257e-01 0.000000000e+00 -1.152446017e+01 6.177406257e-01 7.863819170e-01 0.000000000e+00 -4.084401744e-01 0.000000000e+00 0.000000000e+00 1.000000000e+00 0.000000000e+00
8.655883198e-01 -5.007562886e-01 0.000000000e+00 -1.169348334e+01 5.007562886e-01 8.655883198e-01 0.000000000e+00 -1.507121786e-01 0.000000000e+00 0.000000000e+00 1.000000000e+00 0.000000000e+00
9.293672118e-01 -3.691565869e-01 0.000000000e+00 -1.181423931e+01 3.691565869e-01 9.293672118e-01 0.000000000e+00 1.376591363e-01 0.000000000e+00 0.000000000e+00 1.000000000e+00 0.000000000e+00
9.746819709e-01 -2.235957413e-01 0.000000000e+00 -1.190798768e+01 2.235957413e-01 9.746819709e-01 0.000000000e+00 4.371929142e-01 0.000000000e+00 0.000000000e+00 1.000000000e+00 0.000000000e+00
9.974005817e-01 -7.205608607e-02 0.000000000e+00 -1.195238773e+01 7.205608607e-02 9.974005817e-01 0.000000000e+00 7.493112781e-01 0.000000000e+00 0.000000000e+00 1.000000000e+00 0.000000000e+00
9.960677704e-01 8.859456414e-02 0.000000000e+00 -1.196106374e+01 -8.859456414e-02 9.960677704e-01 0.000000000e+00 1.055175411e+00 0.000000000e+00 0.000000000e+00 1.000000000e+00 0.000000000e+00
9.706771884e-01 2.403867633e-01 0.000000000e+00 -1.186640209e+01 -2.403867633e-01 9.706771884e-01 0.000000000e+00 1.346023816e+00 0.000000000e+00 0.000000000e+00 1.000000000e+00 0.000000000e+00
9.203086567e-01 3.911930169e-01 0.000000000e+00 -1.178360917e+01 -3.911930169e-01 9.203086567e-01 0.000000000e+00 1.635417703e+00 0.000000000e+00 0.000000000e+00 1.000000000e+00 0.000000000e+00
8.515353186e-01 5.242972450e-01 0.000000000e+00 -1.163605570e+01 -5.242972450e-01 8.515353186e-01 0.000000000e+00 1.906022508e+00 0.000000000e+00 0.000000000e+00 1.000000000e+00 0.000000000e+00
7.647538351e-01 6.443225681e-01 0.000000000e+00 -1.145263228e+01 -6.443225681e-01 7.647538351e-01 0.000000000e+00 2.150724552e+00 0.000000000e+00 0.000000000e+00 1.000000000e+00 0.000000000e+00
6.633666055e-01 7.482945588e-01 0.000000000e+00 -1.124348291e+01 -7.482945588e-01 6.633666055e-01 0.000000000e+00 2.370160285e+00 0.000000000e+00 0.000000000e+00 1.000000000e+00 0.000000000e+00
5.507162820e-01 8.346925043e-01 0.000000000e+00 -1.101672632e+01 -8.346925043e-01 5.507162820e-01 0.000000000e+00 2.567644076e+00 0.000000000e+00 0.000000000e+00 1.000000000e+00 0.000000000e+00
4.332375173e-01 9.012797866e-01 0.000000000e+00 -1.075633927e+01 -9.012797866e-01 4.332375173e-01 0.000000000e+00 2.717914186e+00 0.000000000e+00 0.000000000e+00 1.000000000e+00 0.000000000e+00
3.161584962e-01 9.487063852e-01 0.000000000e+00 -1.048944166e+01 -9.487063852e-01 3.161584962e-01 0.000000000e+00 2.831269708e+00 0.000000000e+00 0.000000000e+00 1.000000000e+00 0.000000000e+00
1.993816195e-01 9.799219203e-01 0.000000000e+00 -1.021467253e+01 -9.799219203e-01 1.993816195e-01 0.000000000e+00 2.904709689e+00 0.000000000e+00 0.000000000e+00 1.000000000e+00 0.000000000e+00
8.814464700e-02 9.961076855e-01 0.000000000e+00 -9.927909075e+00 -9.961076855e-01 8.814464700e-02 0.000000000e+00 2.934479407e+00 0.000000000e+00 0.000000000e+00 1.000000000e+00 0.000000000e+00
-1.675847005e-02 9.998595670e-01 0.000000000e+00 -9.650449234e+00 -9.998595670e-01 -1.675847005e-02 0.000000000e+00 2.945958650e+00 0.000000000e+00 0.000000000e+00 1.000000000e+00 0.000000000e+00
-1.122550759e-01 9.936794241e-01 0.000000000e+00 -9.382993269e+00 -9.936794241e-01 -1.122550759e-01 0.000000000e+00 2.926333261e+00 0.000000000e+00 0.000000000e+00 1.000000000e+00 0.000000000e+00
-2.001581161e-01 9.797636085e-01 0.000000000e+00 -9.105915867e+00 -9.797636085e-01 -2.001581161e-01 0.000000000e+00 2.877431920e+00 0.000000000e+00 0.000000000e+00 1.000000000e+00 0.000000000e+00
-2.799231526e-01 9.600224105e-01 0.000000000e+00 -8.847305675e+00 -9.600224105e-01 -2.799231526e-01 0.000000000e+00 2.792266505e+00 0.000000000e+00 0.000000000e+00 1.000000000e+00 0.000000000e+00
-3.521228506e-01 9.359537906e-01 0.000000000e+00 -8.609719729e+00 -9.359537906e-01 -3.521228506e-01 0.000000000e+00 2.712396023e+00 0.000000000e+00 0.000000000e+00 1.000000000e+00 0.000000000e+00
-4.162707461e-01 9.092407085e-01 0.000000000e+00 -8.382569577e+00 -9.092407085e-01 -4.162707461e-01 0.000000000e+00 2.607485616e+00 0.000000000e+00 0.000000000e+00 1.000000000e+00 0.000000000e+00
-4.755061222e-01 8.797124119e-01 0.000000000e+00 -8.148817245e+00 -8.797124119e-01 -4.755061222e-01 0.000000000e+00 2.500842032e+00 0.000000000e+00 0.000000000e+00 1.000000000e+00 0.000000000e+00
-5.253689392e-01 8.508745370e-01 0.000000000e+00 -7.937496555e+00 -8.508745370e-01 -5.253689392e-01 0.000000000e+00 2.383905766e+00 0.000000000e+00 0.000000000e+00 1.000000000e+00 0.000000000e+00
-5.697698362e-01 8.218043160e-01 0.000000000e+00 -7.736476700e+00 -8.218043160e-01 -5.697698362e-01 0.000000000e+00 2.239730780e+00 0.000000000e+00 0.000000000e+00 1.000000000e+00 0.000000000e+00
-6.055079131e-01 7.958392848e-01 0.000000000e+00 -7.560382312e+00 -7.958392848e-01 -6.055079131e-01 0.000000000e+00 2.102467904e+00 0.000000000e+00 0.000000000e+00 1.000000000e+00 0.000000000e+00
-6.364633250e-01 7.713069661e-01 0.000000000e+00 -7.375746137e+00 -7.713069661e-01 -6.364633250e-01 0.000000000e+00 1.954195950e+00 0.000000000e+00 0.000000000e+00 1.000000000e+00 0.000000000e+00
-6.659337479e-01 7.460108869e-01 0.000000000e+00 -7.194962567e+00 -7.460108869e-01 -6.659337479e-01 0.000000000e+00 1.804164808e+00 0.000000000e+00 0.000000000e+00 1.000000000e+00 0.000000000e+00
-6.885205925e-01 7.252167908e-01 0.000000000e+00 -7.033664217e+00 -7.252167908e-01 -6.885205925e-01 0.000000000e+00 1.650366124e+00 0.000000000e+00 0.000000000e+00 1.000000000e+00 0.000000000e+00
-7.076623429e-01 7.065507827e-01 0.000000000e+00 -6.868705462e+00 -7.065507827e-01 -7.076623429e-01 0.000000000e+00 1.487323824e+00 0.000000000e+00 0.000000000e+00 1.000000000e+00 0.000000000e+00
-7.228540915e-01 6.910006964e-01 0.000000000e+00 -6.709931484e+00 -6.910006964e-01 -7.228540915e-01 0.000000000e+00 1.324260189e+00 0.000000000e+00 0.000000000e+00 1.000000000e+00 0.000000000e+00
-7.375697822e-01 6.752709207e-01 0.000000000e+00 -6.557674827e+00 -6.752709207e-01 -7.375697822e-01 0.000000000e+00 1.151378431e+00 0.000000000e+00 0.000000000e+00 1.000000000e+00 0.000000000e+00
-7.459799368e-01 6.659684180e-01 0.000000000e+00 -6.407687338e+00 -6.659684180e-01 -7.459799368e-01 0.000000000e+00 9.907547351e-01 0.000000000e+00 0.000000000e+00 1.000000000e+00 0.000000000e+00
-7.535548082e-01 6.573850858e-01 0.000000000e+00 -6.270609606e+00 -6.573850858e-01 -7.535548082e-01 0.000000000e+00 8.134831058e-01 0.000000000e+00 0.000000000e+00 1.000000000e+00 0.000000000e+00
-7.620479167e-01 6.475206349e-01 0.000000000e+00 -6.108988521e+00 -6.475206349e-01 -7.620479167e-01 0.000000000e+00 6.511759831e-01 0.000000000e+00 0.000000000e+00 1.000000000e+00 0.000000000e+00
-7.588379594e-01 6.512794725e-01 0.000000000e+00 -5.978903064e+00 -6.512794725e-01 -7.588379594e-01 0.000000000e+00 4.745176256e-01 0.000000000e+00 0.000000000e+00 1.000000000e+00 0.000000000e+00
-7.580458708e-01 6.522012402e-01 0.000000000e+00 -5.827687917e+00 -6.522012402e-01 -7.580458708e-01 0.000000000e+00 3.068753918e-01 0.000000000e+00 0.000000000e+00 1.000000000e+00 0.000000000e+00
-7.525304967e-01 6.585574018e-01 0.000000000e+00 -5.687693955e+00 -6.585574018e-01 -7.525304967e-01 0.000000000e+00 1.463769455e-01 0.000000000e+00 0.000000000e+00 1.000000000e+00 0.000000000e+00
-7.442508294e-01 6.679002193e-01 0.000000000e+00 -5.531051903e+00 -6.679002193e-01 -7.442508294e-01 0.000000000e+00 -2.771130187e-02 0.000000000e+00 0.000000000e+00 1.000000000e+00 0.000000000e+00
-7.352478710e-01 6.777983241e-01 0.000000000e+00 -5.375785226e+00 -6.777983241e-01 -7.352478710e-01 0.000000000e+00 -1.884462784e-01 0.000000000e+00 0.000000000e+00 1.000000000e+00 0.000000000e+00
-7.197188803e-01 6.942656072e-01 0.000000000e+00 -5.232681062e+00 -6.942656072e-01 -7.197188803e-01 0.000000000e+00 -3.548821454e-01 0.000000000e+00 0.000000000e+00 1.000000000e+00 0.000000000e+00
-7.013827724e-01 7.127848249e-01 0.000000000e+00 -5.085473723e+00 -7.127848249e-01 -7.013827724e-01 0.000000000e+00 -5.302919158e-01 0.000000000e+00 0.000000000e+00 1.000000000e+00 0.000000000e+00
-6.779790949e-01 7.350811839e-01 0.000000000e+00 -4.936607292e+00 -7.350811839e-01 -6.779790949e-01 0.000000000e+00 -7.131770358e-01 0.000000000e+00 0.000000000e+00 1.000000000e+00 0.000000000e+00
-6.548903058e-01 7.557239492e-01 0.000000000e+00 -4.761113615e+00 -7.557239492e-01 -6.548903058e-01 0.000000000e+00 -8.682375950e-01 0.000000000e+00 0.000000000e+00 1.000000000e+00 0.000000000e+00
-6.274318401e-01 7.786714879e-01 0.000000000e+00 -4.578127088e+00 -7.786714879e-01 -6.274318401e-01 0.000000000e+00 -1.001283942e+00 0.000000000e+00 0.000000000e+00 1.000000000e+00 0.000000000e+00
-5.916199406e-01 8.062169967e-01 0.000000000e+00 -4.397738641e+00 -8.062169967e-01 -5.916199406e-01 0.000000000e+00 -1.159433524e+00 0.000000000e+00 0.000000000e+00 1.000000000e+00 0.000000000e+00
-5.540973854e-01 8.324518530e-01 0.000000000e+00 -4.201125529e+00 -8.324518530e-01 -5.540973854e-01 0.000000000e+00 -1.290505217e+00 0.000000000e+00 0.000000000e+00 1.000000000e+00 0.000000000e+00
-5.080859085e-01 8.613063970e-01 0.000000000e+00 -4.003232924e+00 -8.613063970e-01 -5.080859085e-01 0.000000000e+00 -1.414651207e+00 0.000000000e+00 0.000000000e+00 1.000000000e+00 0.000000000e+00
-4.577330956e-01 8.890896542e-01 0.000000000e+00 -3.779324693e+00 -8.890896542e-01 -4.577330956e-01 0.000000000e+00 -1.536517361e+00 0.000000000e+00 0.000000000e+00 1.000000000e+00 0.000000000e+00
-4.015184607e-01 9.158509299e-01 0.000000000e+00 -3.554385504e+00 -9.158509299e-01 -4.015184607e-01 0.000000000e+00 -1.637219461e+00 0.000000000e+00 0.000000000e+00 1.000000000e+00 0.000000000e+00
-3.320969226e-01 9.432452672e-01 0.000000000e+00 -3.329332882e+00 -9.432452672e-01 -3.320969226e-01 0.000000000e+00 -1.734042418e+00 0.000000000e+00 0.000000000e+00 1.000000000e+00 0.000000000e+00
-2.596993807e-01 9.656895110e-01 0.000000000e+00 -3.081605287e+00 -9.656895110e-01 -2.596993807e-01 0.000000000e+00 -1.821090796e+00 0.000000000e+00 0.000000000e+00 1.000000000e+00 0.000000000e+00
-1.774116673e-01 9.841367285e-01 0.000000000e+00 -2.822440792e+00 -9.841367285e-01 -1.774116673e-01 0.000000000e+00 -1.877835473e+00 0.000000000e+00 0.000000000e+00 1.000000000e+00 0.000000000e+00
-9.049700556e-02 9.958967276e-01 0.000000000e+00 -2.560454175e+00 -9.958967276e-01 -9.049700556e-02 0.000000000e+00 -1.896020859e+00 0.000000000e+00 0.000000000e+00 1.000000000e+00 0.000000000e+00
1.215002710e-02 9.999261857e-01 0.000000000e+00 -2.280056462e+00 -9.999261857e-01 1.215002710e-02 0.000000000e+00 -1.931019170e+00 0.000000000e+00 0.000000000e+00 1.000000000e+00 0.000000000e+00
1.180694844e-01 9.930053358e-01 0.000000000e+00 -2.003226636e+00 -9.930053358e-01 1.180694844e-01 0.000000000e+00 -1.911620266e+00 0.000000000e+00 0.000000000e+00 1.000000000e+00 0.000000000e+00
2.278950759e-01 9.736856959e-01 0.000000000e+00 -1.725299080e+00 -9.736856959e-01 2.278950759e-01 0.000000000e+00 -1.858292099e+00 0.000000000e+00 0.000000000e+00 1.000000000e+00 0.000000000e+00
3.407541622e-01 9.401524350e-01 0.000000000e+00 -1.441716928e+00 -9.401524350e-01 3.407541622e-01 0.000000000e+00 -1.778269410e+00 0.000000000e+00 0.000000000e+00 1.000000000e+00 0.000000000e+00
4.543159601e-01 8.908406190e-01 0.000000000e+00 -1.176249536e+00 -8.908406190e-01 4.543159601e-01 0.000000000e+00 -1.633459211e+00 0.000000000e+00 0.000000000e+00 1.000000000e+00 0.000000000e+00
5.651264577e-01 8.250042950e-01 0.000000000e+00 -9.268471959e-01 -8.250042950e-01 5.651264577e-01 0.000000000e+00 -1.477631536e+00 0.000000000e+00 0.000000000e+00 1.000000000e+00 0.000000000e+00
6.764950169e-01 7.364472093e-01 0.000000000e+00 -6.759576522e-01 -7.364472093e-01 6.764950169e-01 0.000000000e+00 -1.295319299e+00 0.000000000e+00 0.000000000e+00 1.000000000e+00 0.000000000e+00
7.763221528e-01 6.303363507e-01 0.000000000e+00 -4.657975251e-01 -6.303363507e-01 7.763221528e-01 0.000000000e+00 -1.079408605e+00 0.000000000e+00 0.000000000e+00 1.000000000e+00 0.000000000e+00
8.596670029e-01 5.108548171e-01 0.000000000e+00 -2.950453197e-01 -5.108548171e-01 8.596670029e-01 0.000000000e+00 -8.194421295e-01 0.000000000e+00 0.000000000e+00 1.000000000e+00 0.000000000e+00
9.265483353e-01 3.761757335e-01 0.000000000e+00 -1.570761604e-01 -3.761757335e-01 9.265483353e-01 0.000000000e+00 -5.357882056e-01 0.000000000e+00 0.000000000e+00 1.000000000e+00 0.000000000e+00
9.736936809e-01 2.278609571e-01 0.000000000e+00 -6.269326804e-02 -2.278609571e-01 9.736936809e-01 0.000000000e+00 -2.453070480e-01 0.000000000e+00 0.000000000e+00 1.000000000e+00 0.000000000e+00
9.882947272e-01 1.525566525e-01 0.000000000e+00 -2.239451608e-02 -1.525566525e-01 9.882947272e-01 0.000000000e+00 6.917741159e-02 0.000000000e+00 0.000000000e+00 1.000000000e+00 0.000000000e+00
