1.000000000e+00 0.000000000e+00 0.000000000e+00 0.000000000e+00 0.000000000e+00 1.000000000e+00 0.000000000e+00 0.000000000e+00 0.000000000e+00 0.000000000e+00 1.000000000e+00 0.000000000e+00
9.999848362e-01 5.507034230e-03 0.000000000e+00 -4.835258230e-03 -5.507034230e-03 9.999848362e-01 0.000000000e+00 3.138322837e-01 0.000000000e+00 0.000000000e+00 1.000000000e+00 0.000000000e+00
9.999797806e-01 6.359126271e-03 0.000000000e+00 -2.356690946e-02 -6.359126271e-03 9.999797806e-01 0.000000000e+00 6.122304060e-01 0.000000000e+00 0.000000000e+00 1.000000000e+00 0.000000000e+00
9.999852340e-01 5.434309546e-03 0.000000000e+00 -1.155911760e-02 -5.434309546e-03 9.999852340e-01 0.000000000e+00 9.290333744e-01 0.000000000e+00 0.000000000e+00 1.000000000e+00 0.000000000e+00
9.999826238e-01 -5.895088040e-03 0.000000000e+00 2.882833528e-02 5.895088040e-03 9.999826238e-01 0.000000000e+00 1.261607512e+00 0.000000000e+00 0.000000000e+00 1.000000000e+00 0.000000000e+00
9.999659101e-01 -8.257037088e-03 0.000000000e+00 3.023041040e-02 8.257037088e-03 9.999659101e-01 0.000000000e+00 1.546953299e+00 0.000000000e+00 0.000000000e+00 1.000000000e+00 0.000000000e+00
9.999542498e-01 -9.565479202e-03 0.000000000e+00 2.393086992e-02 9.565479202e-03 9.999542498e-01 0.000000000e+00 1.861141805e+00 0.000000000e+00 0.000000000e+00 1.000000000e+00 0.000000000e+00
9.999859727e-01 -5.296635196e-03 0.000000000e+00 9.713402249e-03 5.296635196e-03 9.999859727e-01 0.000000000e+00 2.163962269e+00 0.000000000e+00 0.000000000e+00 1.000000000e+00 0.000000000e+00
9.999864640e-01 -5.203060100e-03 0.000000000e+00 -5.234474492e-04 5.203060100e-03 9.999864640e-01 0.000000000e+00 2.459541523e+00 0.000000000e+00 0.000000000e+00 1.000000000e+00 0.000000000e+00
9.999573206e-01 -9.238887741e-03 0.000000000e+00 2.946785567e-02 9.238887741e-03 9.999573206e-01 0.000000000e+00 2.743822119e+00 0.000000000e+00 0.000000000e+00 1.000000000e+00 0.000000000e+00
9.999449996e-01 -1.048798080e-02 0.000000000e+00 2.654301398e-02 1.048798080e-02 9.999449996e-01 0.000000000e+00 3.047665059e+00 0.000000000e+00 0.000000000e+00 1.000000000e+00 0.000000000e+00
9.999384358e-01 -1.109614873e-02 0.000000000e+00 3.194984523e-02 1.109614873e-02 9.999384358e-01 0.000000000e+00 3.336095951e+00 0.000000000e+00 0.000000000e+00 1.000000000e+00 0.000000000e+00
9.999305775e-01 -1.178304374e-02 0.000000000e+00 3.272380606e-02 1.178304374e-02 9.999305775e-01 0.000000000e+00 3.650831750e+00 0.000000000e+00 0.000000000e+00 1.000000000e+00 0.000000000e+00
9.999203068e-01 -1.262457955e-02 0.000000000e+00 1.998115402e-02 1.262457955e-02 9.999203068e-01 0.000000000e+00 3.944922592e+00 0.000000000e+00 0.000000000e+00 1.000000000e+00 0.000000000e+00
9.999070951e-01 -1.363089033e-02 0.000000000e+00 1.414033903e-02 1.363089033e-02 9.999070951e-01 0.000000000e+00 4.242999633e+00 0.000000000e+00 0.000000000e+00 1.000000000e+00 0.000000000e+00
9.999354955e-01 -1.135803198e-02 0.000000000e+00 -9.942150888e-03 1.135803198e-02 9.999354955e-01 0.000000000e+00 4.539654820e+00 0.000000000e+00 0.000000000e+00 1.000000000e+00 0.000000000e+00
9.999735488e-01 -7.273361902e-03 0.000000000e+00 -3.897524309e-02 7.273361902e-03 9.999735488e-01 0.000000000e+00 4.851814001e+00 0.000000000e+00 0.000000000e+00 1.000000000e+00 0.000000000e+00
9.999511157e-01 -9.887681284e-03 0.000000000e+00 -4.289732229e-02 9.887681284e-03 9.999511157e-01 0.000000000e+00 5.147462431e+00 0.000000000e+00 0.000000000e+00 1.000000000e+00 0.000000000e+00
9.999109003e-01 -1.334883804e-02 0.000000000e+00 -1.864591985e-02 1.334883804e-02 9.999109003e-01 0.000000000e+00 5.438756765e+00 0.000000000e+00 0.000000000e+00 1.000000000e+00 0.000000000e+00
9.999339265e-01 -1.149533231e-02 0.000000000e+00 -3.337286166e-02 1.149533231e-02 9.999339265e-01 0.000000000e+00 5.743781588e+00 0.000000000e+00 0.000000000e+00 1.000000000e+00 0.000000000e+00
9.999587486e-01 -9.083011122e-03 0.000000000e+00 -4.219111141e-02 9.083011122e-03 9.999587486e-01 0.000000000e+00 6.048932742e+00 0.000000000e+00 0.000000000e+00 1.000000000e+00 0.000000000e+00
9.999753533e-01 -7.020879963e-03 0.000000000e+00 -5.317173233e-02 7.020879963e-03 9.999753533e-01 0.000000000e+00 6.348547331e+00 0.000000000e+00 0.000000000e+00 1.000000000e+00 0.000000000e+00
9.999348410e-01 -1.141550814e-02 0.000000000e+00 -3.628835710e-02 1.141550814e-02 9.999348410e-01 0.000000000e+00 6.645861076e+00 0.000000000e+00 0.000000000e+00 1.000000000e+00 0.000000000e+00
9.999569262e-01 -9.281469585e-03 0.000000000e+00 -5.323555621e-02 9.281469585e-03 9.999569262e-01 0.000000000e+00 6.953963972e+00 0.000000000e+00 0.000000000e+00 1.000000000e+00 0.000000000e+00
9.999535613e-01 -9.637177330e-03 0.000000000e+00 -5.898849661e-02 9.637177330e-03 9.999535613e-01 0.000000000e+00 7.257026960e+00 0.000000000e+00 0.000000000e+00 1.000000000e+00 0.000000000e+00
9.999543565e-01 -9.554316802e-03 0.000000000e+00 -5.814354245e-02 9.554316802e-03 9.999543565e-01 0.000000000e+00 7.556779942e+00 0.000000000e+00 0.000000000e+00 1.000000000e+00 0.000000000e+00
9.999635580e-01 -8.537131820e-03 0.000000000e+00 -5.470870573e-02 8.537131820e-03 9.999635580e-01 0.000000000e+00 7.852726928e+00 0.000000000e+00 0.000000000e+00 1.000000000e+00 0.000000000e+00
9.999869518e-01 -5.108445048e-03 0.000000000e+00 -6.307311161e-02 5.108445048e-03 9.999869518e-01 0.000000000e+00 8.153493164e+00 0.000000000e+00 0.000000000e+00 1.000000000e+00 0.000000000e+00
9.999742150e-01 -7.181185315e-03 0.000000000e+00 -5.594683054e-02 7.181185315e-03 9.999742150e-01 0.000000000e+00 8.451999381e+00 0.000000000e+00 0.000000000e+00 1.000000000e+00 0.000000000e+00
9.999880903e-01 -4.880502072e-03 0.000000000e+00 -7.108266543e-02 4.880502072e-03 9.999880903e-01 0.000000000e+00 8.758815346e+00 0.000000000e+00 0.000000000e+00 1.000000000e+00 0.000000000e+00
9.999850918e-01 -5.460427913e-03 0.000000000e+00 -6.005638426e-02 5.460427913e-03 9.999850918e-01 0.000000000e+00 9.054304254e+00 0.000000000e+00 0.000000000e+00 1.000000000e+00 0.000000000e+00
9.999838404e-01 -5.684976767e-03 0.000000000e+00 -7.405385485e-02 5.684976767e-03 9.999838404e-01 0.000000000e+00 9.348921824e+00 0.000000000e+00 0.000000000e+00 1.000000000e+00 0.000000000e+00
9.999818580e-01 -6.023595798e-03 0.000000000e+00 -6.036687944e-02 6.023595798e-03 9.999818580e-01 0.000000000e+00 9.659666961e+00 0.000000000e+00 0.000000000e+00 1.000000000e+00 0.000000000e+00
9.995212441e-01 -3.093998381e-02 0.000000000e+00 -4.041228553e-02 3.093998381e-02 9.995212441e-01 0.000000000e+00 9.962705911e+00 0.000000000e+00 0.000000000e+00 1.000000000e+00 0.000000000e+00
9.895480796e-01 -1.442033224e-01 0.000000000e+00 -6.527467700e-02 1.442033224e-01 9.895480796e-01 0.000000000e+00 1.026803094e+01 0.000000000e+00 0.000000000e+00 1.000000000e+00 0.000000000e+00
9.438432987e-01 -3.303934434e-01 0.000000000e+00 -1.651450289e-01 3.303934434e-01 9.438432987e-01 0.000000000e+00 1.055678365e+01 0.000000000e+00 0.000000000e+00 1.000000000e+00 0.000000000e+00
8.592630609e-01 -5.115339599e-01 0.000000000e+00 -2.793331776e-01 5.115339599e-01 8.592630609e-01 0.000000000e+00 1.082621186e+01 0.000000000e+00 0.000000000e+00 1.000000000e+00 0.000000000e+00
7.401525479e-01 -6.724389979e-01 0.000000000e+00 -4.468576719e-01 6.724389979e-01 7.401525479e-01 0.000000000e+00 1.107856324e+01 0.000000000e+00 0.000000000e+00 1.000000000e+00 0.000000000e+00
5.905208795e-01 -8.070223609e-01 0.000000000e+00 -6.688387862e-01 8.070223609e-01 5.905208795e-01 0.000000000e+00 1.128223494e+01 0.000000000e+00 0.000000000e+00 1.000000000e+00 0.000000000e+00
4.205473541e-01 -9.072705897e-01 0.000000000e+00 -9.356071107e-01 9.072705897e-01 4.205473541e-01 0.000000000e+00 1.141996274e+01 0.000000000e+00 0.000000000e+00 1.000000000e+00 0.000000000e+00
2.332805824e-01 -9.724094662e-01 0.000000000e+00 -1.232240409e+00 9.724094662e-01 2.332805824e-01 0.000000000e+00 1.151380720e+01 0.000000000e+00 0.000000000e+00 1.000000000e+00 0.000000000e+00
3.368861017e-02 -9.994323777e-01 0.000000000e+00 -1.523612309e+00 9.994323777e-01 3.368861017e-02 0.000000000e+00 1.154487020e+01 0.000000000e+00 0.000000000e+00 1.000000000e+00 0.000000000e+00
-1.634168351e-01 -9.865571134e-01 0.000000000e+00 -1.828331562e+00 9.865571134e-01 -1.634168351e-01 0.000000000e+00 1.151813257e+01 0.000000000e+00 0.000000000e+00 1.000000000e+00 0.000000000e+00
-3.579105352e-01 -9.337558829e-01 0.000000000e+00 -2.119996200e+00 9.337558829e-01 -3.579105352e-01 0.000000000e+00 1.145325965e+01 0.000000000e+00 0.000000000e+00 1.000000000e+00 0.000000000e+00
-5.416963862e-01 -8.405742235e-01 0.000000000e+00 -2.384972569e+00 8.405742235e-01 -5.416963862e-01 0.000000000e+00 1.132825118e+01 0.000000000e+00 0.000000000e+00 1.000000000e+00 0.000000000e+00
-6.986087996e-01 -7.155038400e-01 0.000000000e+00 -2.628989983e+00 7.155038400e-01 -6.986087996e-01 0.000000000e+00 1.115333135e+01 0.000000000e+00 0.000000000e+00 1.000000000e+00 0.000000000e+00
-8.265920501e-01 -5.628015483e-01 0.000000000e+00 -2.817340023e+00 5.628015483e-01 -8.265920501e-01 0.000000000e+00 1.092938878e+01 0.000000000e+00 0.000000000e+00 1.000000000e+00 0.000000000e+00
-9.238564164e-01 -3.827392348e-01 0.000000000e+00 -2.966710377e+00 3.827392348e-01 -9.238564164e-01 0.000000000e+00 1.067451796e+01 0.000000000e+00 0.000000000e+00 1.000000000e+00 0.000000000e+00
-9.810164223e-01 -1.939246740e-01 0.000000000e+00 -3.070354174e+00 1.939246740e-01 -9.810164223e-01 0.000000000e+00 1.038469996e+01 0.000000000e+00 0.000000000e+00 1.000000000e+00 0.000000000e+00
-9.991670775e-01 -4.080626420e-02 0.000000000e+00 -3.096271205e+00 4.080626420e-02 -9.991670775e-01 0.000000000e+00 1.008154282e+01 0.000000000e+00 0.000000000e+00 1.000000000e+00 0.000000000e+00
-9.999112982e-01 1.331899665e-02 0.000000000e+00 -3.091315667e+00 -1.331899665e-02 -9.999112982e-01 0.000000000e+00 9.786247571e+00 0.000000000e+00 0.000000000e+00 1.000000000e+00 0.000000000e+00
-9.999215018e-01 1.252957805e-02 0.000000000e+00 -3.086132990e+00 -1.252957805e-02 -9.999215018e-01 0.000000000e+00 9.480997908e+00 0.000000000e+00 0.000000000e+00 1.000000000e+00 0.000000000e+00
-9.999029540e-01 1.393135030e-02 0.000000000e+00 -3.097743325e+00 -1.393135030e-02 -9.999029540e-01 0.000000000e+00 9.189673341e+00 0.000000000e+00 0.000000000e+00 1.000000000e+00 0.000000000e+00
-9.997601214e-01 2.190204704e-02 0.000000000e+00 -3.107539825e+00 -2.190204704e-02 -9.997601214e-01 0.000000000e+00 8.873769044e+00 0.000000000e+00 0.000000000e+00 1.000000000e+00 0.000000000e+00
-9.998550314e-01 1.702692610e-02 0.000000000e+00 -3.089380734e+00 -1.702692610e-02 -9.998550314e-01 0.000000000e+00 8.576265220e+00 0.000000000e+00 0.000000000e+00 1.000000000e+00 0.000000000e+00
-9.998877635e-01 1.498200177e-02 0.000000000e+00 -3.094338086e+00 -1.498200177e-02 -9.998877635e-01 0.000000000e+00 8.283826162e+00 0.000000000e+00 0.000000000e+00 1.000000000e+00 0.000000000e+00
-9.998622689e-01 1.659648173e-02 0.000000000e+00 -3.080758066e+00 -1.659648173e-02 -9.998622689e-01 0.000000000e+00 7.991658514e+00 0.000000000e+00 0.000000000e+00 1.000000000e+00 0.000000000e+00
-9.998715474e-01 1.602774964e-02 0.000000000e+00 -3.083307430e+00 -1.602774964e-02 -9.998715474e-01 0.000000000e+00 7.686599183e+00 0.000000000e+00 0.000000000e+00 1.000000000e+00 0.000000000e+00
-9.998562621e-01 1.695450275e-02 0.000000000e+00 -3.080229860e+00 -1.695450275e-02 -9.998562621e-01 0.000000000e+00 7.396853391e+00 0.000000000e+00 0.000000000e+00 1.000000000e+00 0.000000000e+00
-9.998383342e-01 1.798069792e-02 0.000000000e+00 -3.066875425e+00 -1.798069792e-02 -9.998383342e-01 0.000000000e+00 7.094305090e+00 0.000000000e+00 0.000000000e+00 1.000000000e+00 0.000000000e+00
-9.998465278e-01 1.751915596e-02 0.000000000e+00 -3.058528275e+00 -1.751915596e-02 -9.998465278e-01 0.000000000e+00 6.793270132e+00 0.000000000e+00 0.000000000e+00 1.000000000e+00 0.000000000e+00
-9.999197576e-01 1.266800474e-02 0.000000000e+00 -3.075299414e+00 -1.266800474e-02 -9.999197576e-01 0.000000000e+00 6.496789878e+00 0.000000000e+00 0.000000000e+00 1.000000000e+00 0.000000000e+00
-9.998528821e-01 1.715267289e-02 0.000000000e+00 -3.072023473e+00 -1.715267289e-02 -9.998528821e-01 0.000000000e+00 6.206836464e+00 0.000000000e+00 0.000000000e+00 1.000000000e+00 0.000000000e+00
-9.997922226e-01 2.038410032e-02 0.000000000e+00 -3.059945789e+00 -2.038410032e-02 -9.997922226e-01 0.000000000e+00 5.911156301e+00 0.000000000e+00 0.000000000e+00 1.000000000e+00 0.000000000e+00
-9.997744686e-01 2.123703930e-02 0.000000000e+00 -3.042305400e+00 -2.123703930e-02 -9.997744686e-01 0.000000000e+00 5.613096577e+00 0.000000000e+00 0.000000000e+00 1.000000000e+00 0.000000000e+00
-9.997931128e-01 2.034039533e-02 0.000000000e+00 -3.045003560e+00 -2.034039533e-02 -9.997931128e-01 0.000000000e+00 5.301681336e+00 0.000000000e+00 0.000000000e+00 1.000000000e+00 0.000000000e+00
-9.997962921e-01 2.018351383e-02 0.000000000e+00 -3.028221028e+00 -2.018351383e-02 -9.997962921e-01 0.000000000e+00 4.997056420e+00 0.000000000e+00 0.000000000e+00 1.000000000e+00 0.000000000e+00
-9.998057136e-01 1.971129504e-02 0.000000000e+00 -3.025839700e+00 -1.971129504e-02 -9.998057136e-01 0.000000000e+00 4.700643935e+00 0.000000000e+00 0.000000000e+00 1.000000000e+00 0.000000000e+00
-9.997233979e-01 2.351866807e-02 0.000000000e+00 -3.039211058e+00 -2.351866807e-02 -9.997233979e-01 0.000000000e+00 4.393590234e+00 0.000000000e+00 0.000000000e+00 1.000000000e+00 0.000000000e+00
-9.997220744e-01 2.357485784e-02 0.000000000e+00 -3.029638931e+00 -2.357485784e-02 -9.997220744e-01 0.000000000e+00 4.087899856e+00 0.000000000e+00 0.000000000e+00 1.000000000e+00 0.000000000e+00
-9.996759423e-01 2.545604723e-02 0.000000000e+00 -3.035921869e+00 -2.545604723e-02 -9.996759423e-01 0.000000000e+00 3.784915832e+00 0.000000000e+00 0.000000000e+00 1.000000000e+00 0.000000000e+00
-9.997609041e-01 2.186628831e-02 0.000000000e+00 -3.005505865e+00 -2.186628831e-02 -9.997609041e-01 0.000000000e+00 3.488078576e+00 0.000000000e+00 0.000000000e+00 1.000000000e+00 0.000000000e+00
-9.997827258e-01 2.084469097e-02 0.000000000e+00 -2.989474689e+00 -2.084469097e-02 -9.997827258e-01 0.000000000e+00 3.185360877e+00 0.000000000e+00 0.000000000e+00 1.000000000e+00 0.000000000e+00
-9.998130014e-01 1.933810503e-02 0.000000000e+00 -2.975930164e+00 -1.933810503e-02 -9.998130014e-01 0.000000000e+00 2.886892851e+00 0.000000000e+00 0.000000000e+00 1.000000000e+00 0.000000000e+00
-9.997905556e-01 2.046570028e-02 0.000000000e+00 -2.983566812e+00 -2.046570028e-02 -9.997905556e-01 0.000000000e+00 2.582811685e+00 0.000000000e+00 0.000000000e+00 1.000000000e+00 0.000000000e+00
-9.997733049e-01 2.129175302e-02 0.000000000e+00 -2.972641021e+00 -2.129175302e-02 -9.997733049e-01 0.000000000e+00 2.289028619e+00 0.000000000e+00 0.000000000e+00 1.000000000e+00 0.000000000e+00
-9.997870253e-01 2.063744291e-02 0.000000000e+00 -2.968101249e+00 -2.063744291e-02 -9.997870253e-01 0.000000000e+00 1.984429893e+00 0.000000000e+00 0.000000000e+00 1.000000000e+00 0.000000000e+00
-9.997642949e-01 2.171070369e-02 0.000000000e+00 -2.967124466e+00 -2.171070369e-02 -9.997642949e-01 0.000000000e+00 1.681678922e+00 0.000000000e+00 0.000000000e+00 1.000000000e+00 0.000000000e+00
-9.997386393e-01 2.286160816e-02 0.000000000e+00 -2.967242298e+00 -2.286160816e-02 -9.997386393e-01 0.000000000e+00 1.389096876e+00 0.000000000e+00 0.000000000e+00 1.000000000e+00 0.000000000e+00
-9.995062855e-01 3.141950278e-02 0.000000000e+00 -2.989545355e+00 -3.141950278e-02 -9.995062855e-01 0.000000000e+00 1.110406223e+00 0.000000000e+00 0.000000000e+00 1.000000000e+00 0.000000000e+00
-9.995619135e-01 2.959697653e-02 0.000000000e+00 -2.978943113e+00 -2.959697653e-02 -9.995619135e-01 0.000000000e+00 8.028557652e-01 0.000000000e+00 0.000000000e+00 1.000000000e+00 0.000000000e+00
-9.996011017e-01 2.824247493e-02 0.000000000e+00 -2.973418248e+00 -2.824247493e-02 -9.996011017e-01 0.000000000e+00 5.084639033e-01 0.000000000e+00 0.000000000e+00 1.000000000e+00 0.000000000e+00
-9.998817240e-01 1.537979501e-02 0.000000000e+00 -2.989002503e+00 -1.537979501e-02 -9.998817240e-01 0.000000000e+00 2.077170242e-01 0.000000000e+00 0.000000000e+00 1.000000000e+00 0.000000000e+00
-9.947892646e-01 -1.019525330e-01 0.000000000e+00 -2.970497341e+00 1.019525330e-01 -9.947892646e-01 0.000000000e+00 -9.281325326e-02 0.000000000e+00 0.000000000e+00 1.000000000e+00 0.000000000e+00
-9.568517222e-01 -2.905766366e-01 0.000000000e+00 -3.020994654e+00 2.905766366e-01 -9.568517222e-01 0.000000000e+00 -3.907995175e-01 0.000000000e+00 0.000000000e+00 1.000000000e+00 0.000000000e+00
-8.805056728e-01 -4.740356107e-01 0.000000000e+00 -3.141840809e+00 4.740356107e-01 -8.805056728e-01 0.000000000e+00 -6.640349187e-01 0.000000000e+00 0.000000000e+00 1.000000000e+00 0.000000000e+00
-7.687492769e-01 -6.395502711e-01 0.000000000e+00 -3.313674771e+00 6.395502711e-01 -7.687492769e-01 0.000000000e+00 -9.057958378e-01 0.000000000e+00 0.000000000e+00 1.000000000e+00 0.000000000e+00
-6.276786226e-01 -7.784725729e-01 0.000000000e+00 -3.537204185e+00 7.784725729e-01 -6.276786226e-01 0.000000000e+00 -1.103079153e+00 0.000000000e+00 0.000000000e+00 1.000000000e+00 0.000000000e+00
-4.564761639e-01 -8.897356415e-01 0.000000000e+00 -3.775772647e+00 8.897356415e-01 -4.564761639e-01 0.000000000e+00 -1.281659657e+00 0.000000000e+00 0.000000000e+00 1.000000000e+00 0.000000000e+00
-2.755888026e-01 -9.612756170e-01 0.000000000e+00 -4.066907209e+00 9.612756170e-01 -2.755888026e-01 0.000000000e+00 -1.381357311e+00 0.000000000e+00 0.000000000e+00 1.000000000e+00 0.000000000e+00
-7.895948826e-02 -9.968778256e-01 0.000000000e+00 -4.360925394e+00 9.968778256e-01 -7.895948826e-02 0.000000000e+00 -1.439997274e+00 0.000000000e+00 0.000000000e+00 1.000000000e+00 0.000000000e+00
1.278222218e-01 -9.917970960e-01 0.000000000e+00 -4.672585390e+00 9.917970960e-01 1.278222218e-01 0.000000000e+00 -1.456615929e+00 0.000000000e+00 0.000000000e+00 1.000000000e+00 0.000000000e+00
3.232730225e-01 -9.463057397e-01 0.000000000e+00 -4.961043709e+00 9.463057397e-01 3.232730225e-01 0.000000000e+00 -1.390953418e+00 0.000000000e+00 0.000000000e+00 1.000000000e+00 0.000000000e+00
5.022712809e-01 -8.647101019e-01 0.000000000e+00 -5.232460812e+00 8.647101019e-01 5.022712809e-01 0.000000000e+00 -1.259935519e+00 0.000000000e+00 0.000000000e+00 1.000000000e+00 0.000000000e+00
6.629194277e-01 -7.486907455e-01 0.000000000e+00 -5.467656442e+00 7.486907455e-01 6.629194277e-01 0.000000000e+00 -1.087796254e+00 0.000000000e+00 0.000000000e+00 1.000000000e+00 0.000000000e+00
7.977742881e-01 -6.029562051e-01 0.000000000e+00 -5.689245777e+00 6.029562051e-01 7.977742881e-01 0.000000000e+00 -8.812289286e-01 0.000000000e+00 0.000000000e+00 1.000000000e+00 0.000000000e+00
9.018843530e-01 -4.319775617e-01 0.000000000e+00 -5.836466445e+00 4.319775617e-01 9.018843530e-01 0.000000000e+00 -6.052078215e-01 0.000000000e+00 0.000000000e+00 1.000000000e+00 0.000000000e+00
9.697231432e-01 -2.442069319e-01 0.000000000e+00 -5.941606097e+00 2.442069319e-01 9.697231432e-01 0.000000000e+00 -3.385333481e-01 0.000000000e+00 0.000000000e+00 1.000000000e+00 0.000000000e+00
9.960188333e-01 -8.914305238e-02 0.000000000e+00 -5.978584976e+00 8.914305238e-02 9.960188333e-01 0.000000000e+00 -3.403933078e-02 0.000000000e+00 0.000000000e+00 1.000000000e+00 0.000000000e+00
9.994846495e-01 -3.210039681e-02 0.000000000e+00 -5.999684601e+00 3.210039681e-02 9.994846495e-01 0.000000000e+00 2.509218424e-01 0.000000000e+00 0.000000000e+00 1.000000000e+00 0.000000000e+00
9.996383469e-01 -2.689192140e-02 0.000000000e+00 -6.014583556e+00 2.689192140e-02 9.996383469e-01 0.000000000e+00 5.454637921e-01 0.000000000e+00 0.000000000e+00 1.000000000e+00 0.000000000e+00
9.996079837e-01 -2.799783805e-02 0.000000000e+00 -6.028850713e+00 2.799783805e-02 9.996079837e-01 0.000000000e+00 8.557425191e-01 0.000000000e+00 0.000000000e+00 1.000000000e+00 0.000000000e+00
9.995682472e-01 -2.938229264e-02 0.000000000e+00 -6.030433922e+00 2.938229264e-02 9.995682472e-01 0.000000000e+00 1.140264117e+00 0.000000000e+00 0.000000000e+00 1.000000000e+00 0.000000000e+00
9.995673013e-01 -2.941445371e-02 0.000000000e+00 -6.044677584e+00 2.941445371e-02 9.995673013e-01 0.000000000e+00 1.446258264e+00 0.000000000e+00 0.000000000e+00 1.000000000e+00 0.000000000e+00
9.996510251e-01 -2.641643525e-02 0.000000000e+00 -6.071398775e+00 2.641643525e-02 9.996510251e-01 0.000000000e+00 1.745466794e+00 0.000000000e+00 0.000000000e+00 1.000000000e+00 0.000000000e+00
9.996904694e-01 -2.487901321e-02 0.000000000e+00 -6.083118786e+00 2.487901321e-02 9.996904694e-01 0.000000000e+00 2.041296542e+00 0.000000000e+00 0.000000000e+00 1.000000000e+00 0.000000000e+00
9.996827876e-01 -2.518579507e-02 0.000000000e+00 -6.086013583e+00 2.518579507e-02 9.996827876e-01 0.000000000e+00 2.337049003e+00 0.000000000e+00 0.000000000e+00 1.000000000e+00 0.000000000e+00
9.995620141e-01 -2.959358062e-02 0.000000000e+00 -6.074932659e+00 2.959358062e-02 9.995620141e-01 0.000000000e+00 2.636683639e+00 0.000000000e+00 0.000000000e+00 1.000000000e+00 0.000000000e+00
9.995887508e-01 -2.867628584e-02 0.000000000e+00 -6.096520009e+00 2.867628584e-02 9.995887508e-01 0.000000000e+00 2.931220274e+00 0.000000000e+00 0.000000000e+00 1.000000000e+00 0.000000000e+00
9.996936418e-01 -2.475121317e-02 0.000000000e+00 -6.121126619e+00 2.475121317e-02 9.996936418e-01 0.000000000e+00 3.226773300e+00 0.000000000e+00 0.000000000e+00 1.000000000e+00 0.000000000e+00
9.995980902e-01 -2.834886412e-02 0.000000000e+00 -6.120528009e+00 2.834886412e-02 9.995980902e-01 0.000000000e+00 3.530250557e+00 0.000000000e+00 0.000000000e+00 1.000000000e+00 0.000000000e+00
9.996040821e-01 -2.813679305e-02 0.000000000e+00 -6.118118499e+00 2.813679305e-02 9.996040821e-01 0.000000000e+00 3.834930784e+00 0.000000000e+00 0.000000000e+00 1.000000000e+00 0.000000000e+00
9.995998141e-01 -2.828801301e-02 0.000000000e+00 -6.128631684e+00 2.828801301e-02 9.995998141e-01 0.000000000e+00 4.116473599e+00 0.000000000e+00 0.000000000e+00 1.000000000e+00 0.000000000e+00
9.996000008e-01 -2.828141385e-02 0.000000000e+00 -6.134840190e+00 2.828141385e-02 9.996000008e-01 0.000000000e+00 4.439126065e+00 0.000000000e+00 0.000000000e+00 1.000000000e+00 0.000000000e+00
9.996299360e-01 -2.720277598e-02 0.000000000e+00 -6.140375010e+00 2.720277598e-02 9.996299360e-01 0.000000000e+00 4.742895785e+00 0.000000000e+00 0.000000000e+00 1.000000000e+00 0.000000000e+00
9.995472459e-01 -3.008825655e-02 0.000000000e+00 -6.140104415e+00 3.008825655e-02 9.995472459e-01 0.000000000e+00 5.031193144e+00 0.000000000e+00 0.000000000e+00 1.000000000e+00 0.000000000e+00
9.995557633e-01 -2.980396031e-02 0.000000000e+00 -6.145593129e+00 2.980396031e-02 9.995557633e-01 0.000000000e+00 5.335372358e+00 0.000000000e+00 0.000000000e+00 1.000000000e+00 0.000000000e+00
9.993680185e-01 -3.554664054e-02 0.000000000e+00 -6.146117609e+00 3.554664054e-02 9.993680185e-01 0.000000000e+00 5.634373111e+00 0.000000000e+00 0.000000000e+00 1.000000000e+00 0.000000000e+00
9.994302119e-01 -3.375280035e-02 0.000000000e+00 -6.162572784e+00 3.375280035e-02 9.994302119e-01 0.000000000e+00 5.939733170e+00 0.000000000e+00 0.000000000e+00 1.000000000e+00 0.000000000e+00
9.994799184e-01 -3.224736652e-02 0.000000000e+00 -6.180949156e+00 3.224736652e-02 9.994799184e-01 0.000000000e+00 6.232311302e+00 0.000000000e+00 0.000000000e+00 1.000000000e+00 0.000000000e+00
9.996287342e-01 -2.724690270e-02 0.000000000e+00 -6.210303314e+00 2.724690270e-02 9.996287342e-01 0.000000000e+00 6.545002957e+00 0.000000000e+00 0.000000000e+00 1.000000000e+00 0.000000000e+00
9.996561424e-01 -2.622207095e-02 0.000000000e+00 -6.227859773e+00 2.622207095e-02 9.996561424e-01 0.000000000e+00 6.840655690e+00 0.000000000e+00 0.000000000e+00 1.000000000e+00 0.000000000e+00
9.997038939e-01 -2.433360687e-02 0.000000000e+00 -6.244128229e+00 2.433360687e-02 9.997038939e-01 0.000000000e+00 7.144907429e+00 0.000000000e+00 0.000000000e+00 1.000000000e+00 0.000000000e+00
9.996746749e-01 -2.550576938e-02 0.000000000e+00 -6.225219556e+00 2.550576938e-02 9.996746749e-01 0.000000000e+00 7.441784412e+00 0.000000000e+00 0.000000000e+00 1.000000000e+00 0.000000000e+00
9.996314891e-01 -2.714564365e-02 0.000000000e+00 -6.232140486e+00 2.714564365e-02 9.996314891e-01 0.000000000e+00 7.743200975e+00 0.000000000e+00 0.000000000e+00 1.000000000e+00 0.000000000e+00
9.996447770e-01 -2.665182613e-02 0.000000000e+00 -6.236713298e+00 2.665182613e-02 9.996447770e-01 0.000000000e+00 8.046544184e+00 0.000000000e+00 0.000000000e+00 1.000000000e+00 0.000000000e+00
9.996622617e-01 -2.598773684e-02 0.000000000e+00 -6.246262729e+00 2.598773684e-02 9.996622617e-01 0.000000000e+00 8.342593621e+00 0.000000000e+00 0.000000000e+00 1.000000000e+00 0.000000000e+00
9.997193820e-01 -2.368875924e-02 0.000000000e+00 -6.262336682e+00 2.368875924e-02 9.997193820e-01 0.000000000e+00 8.637536111e+00 0.000000000e+00 0.000000000e+00 1.000000000e+00 0.000000000e+00
9.996287969e-01 -2.724460185e-02 0.000000000e+00 -6.267909235e+00 2.724460185e-02 9.996287969e-01 0.000000000e+00 8.943484657e+00 0.000000000e+00 0.000000000e+00 1.000000000e+00 0.000000000e+00
9.996372918e-01 -2.693111377e-02 0.000000000e+00 -6.293250822e+00 2.693111377e-02 9.996372918e-01 0.000000000e+00 9.235193505e+00 0.000000000e+00 0.000000000e+00 1.000000000e+00 0.000000000e+00
9.996758054e-01 -2.546142210e-02 0.000000000e+00 -6.285941398e+00 2.546142210e-02 9.996758054e-01 0.000000000e+00 9.537875086e+00 0.000000000e+00 0.000000000e+00 1.000000000e+00 0.000000000e+00
9.998128967e-01 -1.934351524e-02 0.000000000e+00 -6.311045006e+00 1.934351524e-02 9.998128967e-01 0.000000000e+00 9.829585422e+00 0.000000000e+00 0.000000000e+00 1.000000000e+00 0.000000000e+00
