1.000000000e+00 0.000000000e+00 0.000000000e+00 0.000000000e+00 0.000000000e+00 1.000000000e+00 0.000000000e+00 0.000000000e+00 0.000000000e+00 0.000000000e+00 1.000000000e+00 0.000000000e+00
1.000000000e+00 0.000000000e+00 0.000000000e+00 0.000000000e+00 0.000000000e+00 1.000000000e+00 0.000000000e+00 0.000000000e+00 0.000000000e+00 0.000000000e+00 1.000000000e+00 0.000000000e+00
1.000000000e+00 0.000000000e+00 0.000000000e+00 0.000000000e+00 0.000000000e+00 1.000000000e+00 0.000000000e+00 0.000000000e+00 0.000000000e+00 0.000000000e+00 1.000000000e+00 0.000000000e+00
1.000000000e+00 0.000000000e+00 0.000000000e+00 0.000000000e+00 0.000000000e+00 1.000000000e+00 0.000000000e+00 0.000000000e+00 0.000000000e+00 0.000000000e+00 1.000000000e+00 0.000000000e+00
1.000000000e+00 0.000000000e+00 0.000000000e+00 0.000000000e+00 0.000000000e+00 1.000000000e+00 0.000000000e+00 0.000000000e+00 0.000000000e+00 0.000000000e+00 1.000000000e+00 0.000000000e+00
1.000000000e+00 0.000000000e+00 0.000000000e+00 0.000000000e+00 0.000000000e+00 1.000000000e+00 0.000000000e+00 0.000000000e+00 0.000000000e+00 0.000000000e+00 1.000000000e+00 0.000000000e+00
9.935690935e-01 -1.132274545e-01 0.000000000e+00 7.832830341e-01 1.132274545e-01 9.935690935e-01 0.000000000e+00 1.452976896e-01 0.000000000e+00 0.000000000e+00 1.000000000e+00 0.000000000e+00
9.779081220e-01 -2.090351765e-01 0.000000000e+00 1.423690180e+00 2.090351765e-01 9.779081220e-01 0.000000000e+00 2.060663977e-01 0.000000000e+00 0.000000000e+00 1.000000000e+00 0.000000000e+00
9.457669074e-01 -3.248460511e-01 0.000000000e+00 2.165014123e+00 3.248460511e-01 9.457669074e-01 0.000000000e+00 3.173758093e-01 0.000000000e+00 0.000000000e+00 1.000000000e+00 0.000000000e+00
9.457669074e-01 -3.248460511e-01 0.000000000e+00 2.165014123e+00 3.248460511e-01 9.457669074e-01 0.000000000e+00 3.173758093e-01 0.000000000e+00 0.000000000e+00 1.000000000e+00 0.000000000e+00
9.457669074e-01 -3.248460511e-01 0.000000000e+00 2.165014123e+00 3.248460511e-01 9.457669074e-01 0.000000000e+00 3.173758093e-01 0.000000000e+00 0.000000000e+00 1.000000000e+00 0.000000000e+00
9.457669074e-01 -3.248460511e-01 0.000000000e+00 2.165014123e+00 3.248460511e-01 9.457669074e-01 0.000000000e+00 3.173758093e-01 0.000000000e+00 0.000000000e+00 1.000000000e+00 0.000000000e+00
9.457669074e-01 -3.248460511e-01 0.000000000e+00 2.165014123e+00 3.248460511e-01 9.457669074e-01 0.000000000e+00 3.173758093e-01 0.000000000e+00 0.000000000e+00 1.000000000e+00 0.000000000e+00
9.457669074e-01 -3.248460511e-01 0.000000000e+00 2.165014123e+00 3.248460511e-01 9.457669074e-01 0.000000000e+00 3.173758093e-01 0.000000000e+00 0.000000000e+00 1.000000000e+00 0.000000000e+00
9.457669074e-01 -3.248460511e-01 0.000000000e+00 2.165014123e+00 3.248460511e-01 9.457669074e-01 0.000000000e+00 3.173758093e-01 0.000000000e+00 0.000000000e+00 1.000000000e+00 0.000000000e+00
9.457669074e-01 -3.248460511e-01 0.000000000e+00 2.165014123e+00 3.248460511e-01 9.457669074e-01 0.000000000e+00 3.173758093e-01 0.000000000e+00 0.000000000e+00 1.000000000e+00 0.000000000e+00
9.457669074e-01 -3.248460511e-01 0.000000000e+00 2.165014123e+00 3.248460511e-01 9.457669074e-01 0.000000000e+00 3.173758093e-01 0.000000000e+00 0.000000000e+00 1.000000000e+00 0.000000000e+00
9.457669074e-01 -3.248460511e-01 0.000000000e+00 2.165014123e+00 3.248460511e-01 9.457669074e-01 0.000000000e+00 3.173758093e-01 0.000000000e+00 0.000000000e+00 1.000000000e+00 0.000000000e+00
9.457669074e-01 -3.248460511e-01 0.000000000e+00 2.165014123e+00 3.248460511e-01 9.457669074e-01 0.000000000e+00 3.173758093e-01 0.000000000e+00 0.000000000e+00 1.000000000e+00 0.000000000e+00
9.457669074e-01 -3.248460511e-01 0.000000000e+00 2.165014123e+00 3.248460511e-01 9.457669074e-01 0.000000000e+00 3.173758093e-01 0.000000000e+00 0.000000000e+00 1.000000000e+00 0.000000000e+00
9.457669074e-01 -3.248460511e-01 0.000000000e+00 2.165014123e+00 3.248460511e-01 9.457669074e-01 0.000000000e+00 3.173758093e-01 0.000000000e+00 0.000000000e+00 1.000000000e+00 0.000000000e+00
9.457669074e-01 -3.248460511e-01 0.000000000e+00 2.165014123e+00 3.248460511e-01 9.457669074e-01 0.000000000e+00 3.173758093e-01 0.000000000e+00 0.000000000e+00 1.000000000e+00 0.000000000e+00
9.457669074e-01 -3.248460511e-01 0.000000000e+00 2.165014123e+00 3.248460511e-01 9.457669074e-01 0.000000000e+00 3.173758093e-01 0.000000000e+00 0.000000000e+00 1.000000000e+00 0.000000000e+00
9.465817859e-01 -3.224638316e-01 0.000000000e+00 2.483083360e+00 3.224638316e-01 9.465817859e-01 0.000000000e+00 3.201338200e-01 0.000000000e+00 0.000000000e+00 1.000000000e+00 0.000000000e+00
9.507591364e-01 -3.099307417e-01 0.000000000e+00 2.780776001e+00 3.099307417e-01 9.507591364e-01 0.000000000e+00 2.451450942e-01 0.000000000e+00 0.000000000e+00 1.000000000e+00 0.000000000e+00
9.530275836e-01 -3.028835171e-01 0.000000000e+00 3.097223868e+00 3.028835171e-01 9.530275836e-01 0.000000000e+00 1.525628537e-01 0.000000000e+00 0.000000000e+00 1.000000000e+00 0.000000000e+00
9.530275836e-01 -3.028835171e-01 0.000000000e+00 3.097223868e+00 3.028835171e-01 9.530275836e-01 0.000000000e+00 1.525628537e-01 0.000000000e+00 0.000000000e+00 1.000000000e+00 0.000000000e+00
9.530275836e-01 -3.028835171e-01 0.000000000e+00 3.097223868e+00 3.028835171e-01 9.530275836e-01 0.000000000e+00 1.525628537e-01 0.000000000e+00 0.000000000e+00 1.000000000e+00 0.000000000e+00
9.530275836e-01 -3.028835171e-01 0.000000000e+00 3.097223868e+00 3.028835171e-01 9.530275836e-01 0.000000000e+00 1.525628537e-01 0.000000000e+00 0.000000000e+00 1.000000000e+00 0.000000000e+00
9.530275836e-01 -3.028835171e-01 0.000000000e+00 3.097223868e+00 3.028835171e-01 9.530275836e-01 0.000000000e+00 1.525628537e-01 0.000000000e+00 0.000000000e+00 1.000000000e+00 0.000000000e+00
9.530275836e-01 -3.028835171e-01 0.000000000e+00 3.097223868e+00 3.028835171e-01 9.530275836e-01 0.000000000e+00 1.525628537e-01 0.000000000e+00 0.000000000e+00 1.000000000e+00 0.000000000e+00
9.530275836e-01 -3.028835171e-01 0.000000000e+00 3.097223868e+00 3.028835171e-01 9.530275836e-01 0.000000000e+00 1.525628537e-01 0.000000000e+00 0.000000000e+00 1.000000000e+00 0.000000000e+00
9.530275836e-01 -3.028835171e-01 0.000000000e+00 3.097223868e+00 3.028835171e-01 9.530275836e-01 0.000000000e+00 1.525628537e-01 0.000000000e+00 0.000000000e+00 1.000000000e+00 0.000000000e+00
9.530275836e-01 -3.028835171e-01 0.000000000e+00 3.097223868e+00 3.028835171e-01 9.530275836e-01 0.000000000e+00 1.525628537e-01 0.000000000e+00 0.000000000e+00 1.000000000e+00 0.000000000e+00
9.530275836e-01 -3.028835171e-01 0.000000000e+00 3.097223868e+00 3.028835171e-01 9.530275836e-01 0.000000000e+00 1.525628537e-01 0.000000000e+00 0.000000000e+00 1.000000000e+00 0.000000000e+00
9.530275836e-01 -3.028835171e-01 0.000000000e+00 3.097223868e+00 3.028835171e-01 9.530275836e-01 0.000000000e+00 1.525628537e-01 0.000000000e+00 0.000000000e+00 1.000000000e+00 0.000000000e+00
9.530275836e-01 -3.028835171e-01 0.000000000e+00 3.097223868e+00 3.028835171e-01 9.530275836e-01 0.000000000e+00 1.525628537e-01 0.000000000e+00 0.000000000e+00 1.000000000e+00 0.000000000e+00
9.530275836e-01 -3.028835171e-01 0.000000000e+00 3.097223868e+00 3.028835171e-01 9.530275836e-01 0.000000000e+00 1.525628537e-01 0.000000000e+00 0.000000000e+00 1.000000000e+00 0.000000000e+00
9.530275836e-01 -3.028835171e-01 0.000000000e+00 3.097223868e+00 3.028835171e-01 9.530275836e-01 0.000000000e+00 1.525628537e-01 0.000000000e+00 0.000000000e+00 1.000000000e+00 0.000000000e+00
9.530275836e-01 -3.028835171e-01 0.000000000e+00 3.097223868e+00 3.028835171e-01 9.530275836e-01 0.000000000e+00 1.525628537e-01 0.000000000e+00 0.000000000e+00 1.000000000e+00 0.000000000e+00
9.530275836e-01 -3.028835171e-01 0.000000000e+00 3.097223868e+00 3.028835171e-01 9.530275836e-01 0.000000000e+00 1.525628537e-01 0.000000000e+00 0.000000000e+00 1.000000000e+00 0.000000000e+00
9.530275836e-01 -3.028835171e-01 0.000000000e+00 3.097223868e+00 3.028835171e-01 9.530275836e-01 0.000000000e+00 1.525628537e-01 0.000000000e+00 0.000000000e+00 1.000000000e+00 0.000000000e+00
9.530275836e-01 -3.028835171e-01 0.000000000e+00 3.097223868e+00 3.028835171e-01 9.530275836e-01 0.000000000e+00 1.525628537e-01 0.000000000e+00 0.000000000e+00 1.000000000e+00 0.000000000e+00
9.530275836e-01 -3.028835171e-01 0.000000000e+00 3.097223868e+00 3.028835171e-01 9.530275836e-01 0.000000000e+00 1.525628537e-01 0.000000000e+00 0.000000000e+00 1.000000000e+00 0.000000000e+00
9.064704862e-01 -4.222691768e-01 0.000000000e+00 2.926844143e+00 4.222691768e-01 9.064704862e-01 0.000000000e+00 6.306079847e-01 0.000000000e+00 0.000000000e+00 1.000000000e+00 0.000000000e+00
8.474769267e-01 -5.308322321e-01 0.000000000e+00 2.676221832e+00 5.308322321e-01 8.474769267e-01 0.000000000e+00 1.075036133e+00 0.000000000e+00 0.000000000e+00 1.000000000e+00 0.000000000e+00
7.716467522e-01 -6.360513264e-01 0.000000000e+00 2.382793609e+00 6.360513264e-01 7.716467522e-01 0.000000000e+00 1.499536176e+00 0.000000000e+00 0.000000000e+00 1.000000000e+00 0.000000000e+00
6.883302913e-01 -7.253974153e-01 0.000000000e+00 2.034516207e+00 7.253974153e-01 6.883302913e-01 0.000000000e+00 1.857452087e+00 0.000000000e+00 0.000000000e+00 1.000000000e+00 0.000000000e+00
5.797180644e-01 -8.148171364e-01 0.000000000e+00 1.660879661e+00 8.148171364e-01 5.797180644e-01 0.000000000e+00 2.204528324e+00 0.000000000e+00 0.000000000e+00 1.000000000e+00 0.000000000e+00
4.680553828e-01 -8.836991336e-01 0.000000000e+00 1.253720134e+00 8.836991336e-01 4.680553828e-01 0.000000000e+00 2.481056610e+00 0.000000000e+00 0.000000000e+00 1.000000000e+00 0.000000000e+00
3.513450355e-01 -9.362460500e-01 0.000000000e+00 7.895100180e-01 9.362460500e-01 3.513450355e-01 0.000000000e+00 2.689072961e+00 0.000000000e+00 0.000000000e+00 1.000000000e+00 0.000000000e+00
2.276696693e-01 -9.737384257e-01 0.000000000e+00 3.114036473e-01 9.737384257e-01 2.276696693e-01 0.000000000e+00 2.844040257e+00 0.000000000e+00 0.000000000e+00 1.000000000e+00 0.000000000e+00
1.037061817e-01 -9.946079770e-01 0.000000000e+00 -1.883934899e-01 9.946079770e-01 1.037061817e-01 0.000000000e+00 2.925262488e+00 0.000000000e+00 0.000000000e+00 1.000000000e+00 0.000000000e+00
-2.186070870e-02 -9.997610262e-01 0.000000000e+00 -6.605607732e-01 9.997610262e-01 -2.186070870e-02 0.000000000e+00 2.953922812e+00 0.000000000e+00 0.000000000e+00 1.000000000e+00 0.000000000e+00
-1.482005112e-01 -9.889573340e-01 0.000000000e+00 -1.158205013e+00 9.889573340e-01 -1.482005112e-01 0.000000000e+00 2.916708016e+00 0.000000000e+00 0.000000000e+00 1.000000000e+00 0.000000000e+00
-2.721682381e-01 -9.622496818e-01 0.000000000e+00 -1.653982977e+00 9.622496818e-01 -2.721682381e-01 0.000000000e+00 2.803198243e+00 0.000000000e+00 0.000000000e+00 1.000000000e+00 0.000000000e+00
-3.878849502e-01 -9.217077983e-01 0.000000000e+00 -2.126664517e+00 9.217077983e-01 -3.878849502e-01 0.000000000e+00 2.637567997e+00 0.000000000e+00 0.000000000e+00 1.000000000e+00 0.000000000e+00
-5.038622896e-01 -8.637839968e-01 0.000000000e+00 -2.586194685e+00 8.637839968e-01 -5.038622896e-01 0.000000000e+00 2.418821530e+00 0.000000000e+00 0.000000000e+00 1.000000000e+00 0.000000000e+00
-6.102354690e-01 -7.922200909e-01 0.000000000e+00 -3.007306616e+00 7.922200909e-01 -6.102354690e-01 0.000000000e+00 2.153975022e+00 0.000000000e+00 0.000000000e+00 1.000000000e+00 0.000000000e+00
-7.083133882e-01 -7.058981117e-01 0.000000000e+00 -3.399173850e+00 7.058981117e-01 -7.083133882e-01 0.000000000e+00 1.831996372e+00 0.000000000e+00 0.000000000e+00 1.000000000e+00 0.000000000e+00
-7.924374791e-01 -6.099531471e-01 0.000000000e+00 -3.739210582e+00 6.099531471e-01 -7.924374791e-01 0.000000000e+00 1.474965212e+00 0.000000000e+00 0.000000000e+00 1.000000000e+00 0.000000000e+00
-8.623281666e-01 -5.063498130e-01 0.000000000e+00 -4.008978756e+00 5.063498130e-01 -8.623281666e-01 0.000000000e+00 1.053907931e+00 0.000000000e+00 0.000000000e+00 1.000000000e+00 0.000000000e+00
-9.215496065e-01 -3.882606378e-01 0.000000000e+00 -4.265280267e+00 3.882606378e-01 -9.215496065e-01 0.000000000e+00 6.314664382e-01 0.000000000e+00 0.000000000e+00 1.000000000e+00 0.000000000e+00
-9.627679708e-01 -2.703291225e-01 0.000000000e+00 -4.423604515e+00 2.703291225e-01 -9.627679708e-01 0.000000000e+00 1.537516816e-01 0.000000000e+00 0.000000000e+00 1.000000000e+00 0.000000000e+00
-9.886700503e-01 -1.501050687e-01 0.000000000e+00 -4.542808508e+00 1.501050687e-01 -9.886700503e-01 0.000000000e+00 -3.303731551e-01 0.000000000e+00 0.000000000e+00 1.000000000e+00 0.000000000e+00
-9.997571867e-01 -2.203559906e-02 0.000000000e+00 -4.593333843e+00 2.203559906e-02 -9.997571867e-01 0.000000000e+00 -8.320673809e-01 0.000000000e+00 0.000000000e+00 1.000000000e+00 0.000000000e+00
-9.945849316e-01 1.039269638e-01 0.000000000e+00 -4.571516189e+00 -1.039269638e-01 -9.945849316e-01 0.000000000e+00 -1.335652450e+00 0.000000000e+00 0.000000000e+00 1.000000000e+00 0.000000000e+00
-9.742351467e-01 2.255346514e-01 0.000000000e+00 -4.486428954e+00 -2.255346514e-01 -9.742351467e-01 0.000000000e+00 -1.833911934e+00 0.000000000e+00 0.000000000e+00 1.000000000e+00 0.000000000e+00
-9.388792587e-01 3.442466232e-01 0.000000000e+00 -4.323611554e+00 -3.442466232e-01 -9.388792587e-01 0.000000000e+00 -2.324670614e+00 0.000000000e+00 0.000000000e+00 1.000000000e+00 0.000000000e+00
-8.870556974e-01 4.616624196e-01 0.000000000e+00 -4.128845098e+00 -4.616624196e-01 -8.870556974e-01 0.000000000e+00 -2.784236825e+00 0.000000000e+00 0.000000000e+00 1.000000000e+00 0.000000000e+00
-8.241850287e-01 5.663206146e-01 0.000000000e+00 -3.850524918e+00 -5.663206146e-01 -8.241850287e-01 0.000000000e+00 -3.208499962e+00 0.000000000e+00 0.000000000e+00 1.000000000e+00 0.000000000e+00
-7.491684867e-01 6.623794823e-01 0.000000000e+00 -3.547046334e+00 -6.623794823e-01 -7.491684867e-01 0.000000000e+00 -3.588472666e+00 0.000000000e+00 0.000000000e+00 1.000000000e+00 0.000000000e+00
-6.598867613e-01 7.513650659e-01 0.000000000e+00 -3.192175361e+00 -7.513650659e-01 -6.598867613e-01 0.000000000e+00 -3.937423744e+00 0.000000000e+00 0.000000000e+00 1.000000000e+00 0.000000000e+00
-5.584786272e-01 8.295189105e-01 0.000000000e+00 -2.806826352e+00 -8.295189105e-01 -5.584786272e-01 0.000000000e+00 -4.257344671e+00 0.000000000e+00 0.000000000e+00 1.000000000e+00 0.000000000e+00
-4.533308024e-01 8.913423493e-01 0.000000000e+00 -2.363866401e+00 -8.913423493e-01 -4.533308024e-01 0.000000000e+00 -4.486712231e+00 0.000000000e+00 0.000000000e+00 1.000000000e+00 0.000000000e+00
-3.411528971e-01 9.400078196e-01 0.000000000e+00 -1.889591828e+00 -9.400078196e-01 -3.411528971e-01 0.000000000e+00 -4.695618001e+00 0.000000000e+00 0.000000000e+00 1.000000000e+00 0.000000000e+00
-2.202433019e-01 9.754449692e-01 0.000000000e+00 -1.416899612e+00 -9.754449692e-01 -2.202433019e-01 0.000000000e+00 -4.826945501e+00 0.000000000e+00 0.000000000e+00 1.000000000e+00 0.000000000e+00
-1.067925896e-01 9.942813198e-01 0.000000000e+00 -9.523808198e-01 -9.942813198e-01 -1.067925896e-01 0.000000000e+00 -4.821220050e+00 0.000000000e+00 0.000000000e+00 1.000000000e+00 0.000000000e+00
1.684150646e-02 9.998581718e-01 0.000000000e+00 -4.641999083e-01 -9.998581718e-01 1.684150646e-02 0.000000000e+00 -4.852077806e+00 0.000000000e+00 0.000000000e+00 1.000000000e+00 0.000000000e+00
1.430429037e-01 9.897164886e-01 0.000000000e+00 4.592485689e-02 -9.897164886e-01 1.430429037e-01 0.000000000e+00 -4.810982177e+00 0.000000000e+00 0.000000000e+00 1.000000000e+00 0.000000000e+00
2.649783916e-01 9.642543503e-01 0.000000000e+00 5.437323428e-01 -9.642543503e-01 2.649783916e-01 0.000000000e+00 -4.696696552e+00 0.000000000e+00 0.000000000e+00 1.000000000e+00 0.000000000e+00
3.862547407e-01 9.223921483e-01 0.000000000e+00 1.011352636e+00 -9.223921483e-01 3.862547407e-01 0.000000000e+00 -4.549768205e+00 0.000000000e+00 0.000000000e+00 1.000000000e+00 0.000000000e+00
5.120368267e-01 8.589634964e-01 0.000000000e+00 1.494417733e+00 -8.589634964e-01 5.120368267e-01 0.000000000e+00 -4.417154975e+00 0.000000000e+00 0.000000000e+00 1.000000000e+00 0.000000000e+00
6.171367237e-01 7.868559361e-01 0.000000000e+00 1.908395982e+00 -7.868559361e-01 6.171367237e-01 0.000000000e+00 -4.133542342e+00 0.000000000e+00 0.000000000e+00 1.000000000e+00 0.000000000e+00
7.122462911e-01 7.019296409e-01 0.000000000e+00 2.286677323e+00 -7.019296409e-01 7.122462911e-01 0.000000000e+00 -3.807368407e+00 0.000000000e+00 0.000000000e+00 1.000000000e+00 0.000000000e+00
7.949255832e-01 6.067069450e-01 0.000000000e+00 2.616597843e+00 -6.067069450e-01 7.949255832e-01 0.000000000e+00 -3.445927179e+00 0.000000000e+00 0.000000000e+00 1.000000000e+00 0.000000000e+00
8.640508067e-01 5.034046121e-01 0.000000000e+00 2.890927850e+00 -5.034046121e-01 8.640508067e-01 0.000000000e+00 -3.030307494e+00 0.000000000e+00 0.000000000e+00 1.000000000e+00 0.000000000e+00
9.200855140e-01 3.917175602e-01 0.000000000e+00 3.102417367e+00 -3.917175602e-01 9.200855140e-01 0.000000000e+00 -2.582267167e+00 0.000000000e+00 0.000000000e+00 1.000000000e+00 0.000000000e+00
9.611458306e-01 2.760411061e-01 0.000000000e+00 3.244292352e+00 -2.760411061e-01 9.611458306e-01 0.000000000e+00 -2.105018319e+00 0.000000000e+00 0.000000000e+00 1.000000000e+00 0.000000000e+00
9.878670157e-01 1.553021546e-01 0.000000000e+00 3.356384742e+00 -1.553021546e-01 9.878670157e-01 0.000000000e+00 -1.609021950e+00 0.000000000e+00 0.000000000e+00 1.000000000e+00 0.000000000e+00
9.994624868e-01 3.278318788e-02 0.000000000e+00 3.380934856e+00 -3.278318788e-02 9.994624868e-01 0.000000000e+00 -1.109065496e+00 0.000000000e+00 0.000000000e+00 1.000000000e+00 0.000000000e+00
9.960315483e-01 -8.900086953e-02 0.000000000e+00 3.359203769e+00 8.900086953e-02 9.960315483e-01 0.000000000e+00 -6.134982633e-01 0.000000000e+00 0.000000000e+00 1.000000000e+00 0.000000000e+00
9.768949037e-01 -2.137202545e-01 0.000000000e+00 3.285794892e+00 2.137202545e-01 9.768949037e-01 0.000000000e+00 -1.256245031e-01 0.000000000e+00 0.000000000e+00 1.000000000e+00 0.000000000e+00
9.423026153e-01 -3.347622756e-01 0.000000000e+00 3.155751578e+00 3.347622756e-01 9.423026153e-01 0.000000000e+00 3.647487321e-01 0.000000000e+00 0.000000000e+00 1.000000000e+00 0.000000000e+00
8.917569423e-01 -4.525147023e-01 0.000000000e+00 2.969391688e+00 4.525147023e-01 8.917569423e-01 0.000000000e+00 8.367936336e-01 0.000000000e+00 0.000000000e+00 1.000000000e+00 0.000000000e+00
8.291458033e-01 -5.590324113e-01 0.000000000e+00 2.703965130e+00 5.590324113e-01 8.291458033e-01 0.000000000e+00 1.272542029e+00 0.000000000e+00 0.000000000e+00 1.000000000e+00 0.000000000e+00
7.498200293e-01 -6.616418394e-01 0.000000000e+00 2.396427051e+00 6.616418394e-01 7.498200293e-01 0.000000000e+00 1.686934040e+00 0.000000000e+00 0.000000000e+00 1.000000000e+00 0.000000000e+00
6.635460087e-01 -7.481354786e-01 0.000000000e+00 2.036310025e+00 7.481354786e-01 6.635460087e-01 0.000000000e+00 2.032935016e+00 0.000000000e+00 0.000000000e+00 1.000000000e+00 0.000000000e+00
5.519880541e-01 -8.338520181e-01 0.000000000e+00 1.651212735e+00 8.338520181e-01 5.519880541e-01 0.000000000e+00 2.367249629e+00 0.000000000e+00 0.000000000e+00 1.000000000e+00 0.000000000e+00
4.380720489e-01 -8.989398645e-01 0.000000000e+00 1.234983936e+00 8.989398645e-01 4.380720489e-01 0.000000000e+00 2.629928825e+00 0.000000000e+00 0.000000000e+00 1.000000000e+00 0.000000000e+00
3.196605779e-01 -9.475321182e-01 0.000000000e+00 7.640408570e-01 9.475321182e-01 3.196605779e-01 0.000000000e+00 2.822216242e+00 0.000000000e+00 0.000000000e+00 1.000000000e+00 0.000000000e+00
