1.000000000e+00 0.000000000e+00 0.000000000e+00 0.000000000e+00 0.000000000e+00 1.000000000e+00 0.000000000e+00 0.000000000e+00 0.000000000e+00 0.000000000e+00 1.000000000e+00 0.000000000e+00
9.937673406e-01 -1.114740905e-01 0.000000000e+00 -1.661595987e-02 1.114740905e-01 9.937673406e-01 0.000000000e+00 2.475463320e-01 0.000000000e+00 0.000000000e+00 1.000000000e+00 0.000000000e+00
9.761344375e-01 -2.171671243e-01 0.000000000e+00 -6.384988456e-02 2.171671243e-01 9.761344375e-01 0.000000000e+00 4.949883112e-01 0.000000000e+00 0.000000000e+00 1.000000000e+00 0.000000000e+00
9.501988366e-01 -3.116443019e-01 0.000000000e+00 -1.596529935e-01 3.116443019e-01 9.501988366e-01 0.000000000e+00 7.285502032e-01 0.000000000e+00 0.000000000e+00 1.000000000e+00 0.000000000e+00
9.173533006e-01 -3.980740155e-01 0.000000000e+00 -2.557575060e-01 3.980740155e-01 9.173533006e-01 0.000000000e+00 9.516639691e-01 0.000000000e+00 0.000000000e+00 1.000000000e+00 0.000000000e+00
8.787455641e-01 -4.772905127e-01 0.000000000e+00 -3.651842256e-01 4.772905127e-01 8.787455641e-01 0.000000000e+00 1.180130421e+00 0.000000000e+00 0.000000000e+00 1.000000000e+00 0.000000000e+00
8.447718753e-01 -5.351266007e-01 0.000000000e+00 -5.165299373e-01 5.351266007e-01 8.447718753e-01 0.000000000e+00 1.390126058e+00 0.000000000e+00 0.000000000e+00 1.000000000e+00 0.000000000e+00
8.117326391e-01 -5.840292138e-01 0.000000000e+00 -6.491117770e-01 5.840292138e-01 8.117326391e-01 0.000000000e+00 1.598978109e+00 0.000000000e+00 0.000000000e+00 1.000000000e+00 0.000000000e+00
7.896351957e-01 -6.135766112e-01 0.000000000e+00 -8.141209240e-01 6.135766112e-01 7.896351957e-01 0.000000000e+00 1.776371127e+00 0.000000000e+00 0.000000000e+00 1.000000000e+00 0.000000000e+00
7.710579458e-01 -6.367649835e-01 0.000000000e+00 -9.618889843e-01 6.367649835e-01 7.710579458e-01 0.000000000e+00 1.975880759e+00 0.000000000e+00 0.000000000e+00 1.000000000e+00 0.000000000e+00
7.644817823e-01 -6.446453323e-01 0.000000000e+00 -1.122536792e+00 6.446453323e-01 7.644817823e-01 0.000000000e+00 2.167905996e+00 0.000000000e+00 0.000000000e+00 1.000000000e+00 0.000000000e+00
7.688219696e-01 -6.394628833e-01 0.000000000e+00 -1.275842448e+00 6.394628833e-01 7.688219696e-01 0.000000000e+00 2.363205564e+00 0.000000000e+00 0.000000000e+00 1.000000000e+00 0.000000000e+00
7.850687006e-01 -6.194086982e-01 0.000000000e+00 -1.421349260e+00 6.194086982e-01 7.850687006e-01 0.000000000e+00 2.556595909e+00 0.000000000e+00 0.000000000e+00 1.000000000e+00 0.000000000e+00
8.103160647e-01 -5.859930677e-01 0.000000000e+00 -1.573306328e+00 5.859930677e-01 8.103160647e-01 0.000000000e+00 2.764761491e+00 0.000000000e+00 0.000000000e+00 1.000000000e+00 0.000000000e+00
8.429720871e-01 -5.379573034e-01 0.000000000e+00 -1.703410831e+00 5.379573034e-01 8.429720871e-01 0.000000000e+00 2.968650350e+00 0.000000000e+00 0.000000000e+00 1.000000000e+00 0.000000000e+00
8.781590906e-01 -4.783686984e-01 0.000000000e+00 -1.818484185e+00 4.783686984e-01 8.781590906e-01 0.000000000e+00 3.190571472e+00 0.000000000e+00 0.000000000e+00 1.000000000e+00 0.000000000e+00
9.174060367e-01 -3.979524643e-01 0.000000000e+00 -1.933319205e+00 3.979524643e-01 9.174060367e-01 0.000000000e+00 3.411214807e+00 0.000000000e+00 0.000000000e+00 1.000000000e+00 0.000000000e+00
9.504110931e-01 -3.109963893e-01 0.000000000e+00 -2.007630769e+00 3.109963893e-01 9.504110931e-01 0.000000000e+00 3.653359679e+00 0.000000000e+00 0.000000000e+00 1.000000000e+00 0.000000000e+00
9.766922216e-01 -2.146445999e-01 0.000000000e+00 -2.048991710e+00 2.146445999e-01 9.766922216e-01 0.000000000e+00 3.890222249e+00 0.000000000e+00 0.000000000e+00 1.000000000e+00 0.000000000e+00
9.933565358e-01 -1.150773336e-01 0.000000000e+00 -2.058927430e+00 1.150773336e-01 9.933565358e-01 0.000000000e+00 4.156046694e+00 0.000000000e+00 0.000000000e+00 1.000000000e+00 0.000000000e+00
9.999854680e-01 -5.391082897e-03 0.000000000e+00 -2.056949907e+00 5.391082897e-03 9.999854680e-01 0.000000000e+00 4.411872996e+00 0.000000000e+00 0.000000000e+00 1.000000000e+00 0.000000000e+00
9.947157043e-01 1.026677535e-01 0.000000000e+00 -2.028424219e+00 -1.026677535e-01 9.947157043e-01 0.000000000e+00 4.655186068e+00 0.000000000e+00 0.000000000e+00 1.000000000e+00 0.000000000e+00
9.783114384e-01 2.071393965e-01 0.000000000e+00 -1.974922087e+00 -2.071393965e-01 9.783114384e-01 0.000000000e+00 4.901413469e+00 0.000000000e+00 0.000000000e+00 1.000000000e+00 0.000000000e+00
9.523426090e-01 3.050304165e-01 0.000000000e+00 -1.883851052e+00 -3.050304165e-01 9.523426090e-01 0.000000000e+00 5.148634177e+00 0.000000000e+00 0.000000000e+00 1.000000000e+00 0.000000000e+00
9.202397201e-01 3.913551552e-01 0.000000000e+00 -1.790366709e+00 -3.913551552e-01 9.202397201e-01 0.000000000e+00 5.371930525e+00 0.000000000e+00 0.000000000e+00 1.000000000e+00 0.000000000e+00
8.850260525e-01 4.655414981e-01 0.000000000e+00 -1.675578357e+00 -4.655414981e-01 8.850260525e-01 0.000000000e+00 5.600851116e+00 0.000000000e+00 0.000000000e+00 1.000000000e+00 0.000000000e+00
8.501274022e-01 5.265770600e-01 0.000000000e+00 -1.542298689e+00 -5.265770600e-01 8.501274022e-01 0.000000000e+00 5.812297590e+00 0.000000000e+00 0.000000000e+00 1.000000000e+00 0.000000000e+00
8.166258938e-01 5.771673498e-01 0.000000000e+00 -1.408654790e+00 -5.771673498e-01 8.166258938e-01 0.000000000e+00 6.021164055e+00 0.000000000e+00 0.000000000e+00 1.000000000e+00 0.000000000e+00
7.896090364e-01 6.136102751e-01 0.000000000e+00 -1.277270031e+00 -6.136102751e-01 7.896090364e-01 0.000000000e+00 6.230175599e+00 0.000000000e+00 0.000000000e+00 1.000000000e+00 0.000000000e+00
7.718961396e-01 6.357486529e-01 0.000000000e+00 -1.125820380e+00 -6.357486529e-01 7.718961396e-01 0.000000000e+00 6.432916229e+00 0.000000000e+00 0.000000000e+00 1.000000000e+00 0.000000000e+00
7.694761266e-01 6.386755754e-01 0.000000000e+00 -9.550509849e-01 -6.386755754e-01 7.694761266e-01 0.000000000e+00 6.612148515e+00 0.000000000e+00 0.000000000e+00 1.000000000e+00 0.000000000e+00
7.742214589e-01 6.329147909e-01 0.000000000e+00 -8.070586334e-01 -6.329147909e-01 7.742214589e-01 0.000000000e+00 6.812316923e+00 0.000000000e+00 0.000000000e+00 1.000000000e+00 0.000000000e+00
7.898921264e-01 6.132458142e-01 0.000000000e+00 -6.469381559e-01 -6.132458142e-01 7.898921264e-01 0.000000000e+00 7.006321113e+00 0.000000000e+00 0.000000000e+00 1.000000000e+00 0.000000000e+00
8.156278043e-01 5.785769480e-01 0.000000000e+00 -5.038856361e-01 -5.785769480e-01 8.156278043e-01 0.000000000e+00 7.208186118e+00 0.000000000e+00 0.000000000e+00 1.000000000e+00 0.000000000e+00
8.474546901e-01 5.308677313e-01 0.000000000e+00 -3.730700298e-01 -5.308677313e-01 8.474546901e-01 0.000000000e+00 7.428038760e+00 0.000000000e+00 0.000000000e+00 1.000000000e+00 0.000000000e+00
8.825775243e-01 4.701668997e-01 0.000000000e+00 -2.640665311e-01 -4.701668997e-01 8.825775243e-01 0.000000000e+00 7.660670129e+00 0.000000000e+00 0.000000000e+00 1.000000000e+00 0.000000000e+00
9.184007040e-01 3.956515473e-01 0.000000000e+00 -1.710222109e-01 -3.956515473e-01 9.184007040e-01 0.000000000e+00 7.880861235e+00 0.000000000e+00 0.000000000e+00 1.000000000e+00 0.000000000e+00
9.514545208e-01 3.077893678e-01 0.000000000e+00 -9.027084225e-02 -3.077893678e-01 9.514545208e-01 0.000000000e+00 8.121674653e+00 0.000000000e+00 0.000000000e+00 1.000000000e+00 0.000000000e+00
9.774164033e-01 2.113224422e-01 0.000000000e+00 -4.759360292e-02 -2.113224422e-01 9.774164033e-01 0.000000000e+00 8.358169147e+00 0.000000000e+00 0.000000000e+00 1.000000000e+00 0.000000000e+00
9.942571454e-01 1.070174230e-01 0.000000000e+00 -2.580112710e-02 -1.070174230e-01 9.942571454e-01 0.000000000e+00 8.605044166e+00 0.000000000e+00 0.000000000e+00 1.000000000e+00 0.000000000e+00
9.999999399e-01 -3.468256804e-04 0.000000000e+00 -3.604658222e-02 3.468256804e-04 9.999999399e-01 0.000000000e+00 8.857894270e+00 0.000000000e+00 0.000000000e+00 1.000000000e+00 0.000000000e+00
9.940595504e-01 -1.088375409e-01 0.000000000e+00 -6.865433097e-02 1.088375409e-01 9.940595504e-01 0.000000000e+00 9.106712446e+00 0.000000000e+00 0.000000000e+00 1.000000000e+00 0.000000000e+00
9.762173875e-01 -2.167939398e-01 0.000000000e+00 -1.106284862e-01 2.167939398e-01 9.762173875e-01 0.000000000e+00 9.353035672e+00 0.000000000e+00 0.000000000e+00 1.000000000e+00 0.000000000e+00
9.497852009e-01 -3.129026559e-01 0.000000000e+00 -1.972724198e-01 3.129026559e-01 9.497852009e-01 0.000000000e+00 9.592901916e+00 0.000000000e+00 0.000000000e+00 1.000000000e+00 0.000000000e+00
9.162942135e-01 -4.005058231e-01 0.000000000e+00 -2.904928253e-01 4.005058231e-01 9.162942135e-01 0.000000000e+00 9.816856339e+00 0.000000000e+00 0.000000000e+00 1.000000000e+00 0.000000000e+00
8.825965987e-01 -4.701310923e-01 0.000000000e+00 -4.190095168e-01 4.701310923e-01 8.825965987e-01 0.000000000e+00 1.002920499e+01 0.000000000e+00 0.000000000e+00 1.000000000e+00 0.000000000e+00
8.471413502e-01 -5.313676061e-01 0.000000000e+00 -5.451102352e-01 5.313676061e-01 8.471413502e-01 0.000000000e+00 1.025135249e+01 0.000000000e+00 0.000000000e+00 1.000000000e+00 0.000000000e+00
8.134006511e-01 -5.817038601e-01 0.000000000e+00 -6.878588207e-01 5.817038601e-01 8.134006511e-01 0.000000000e+00 1.046586819e+01 0.000000000e+00 0.000000000e+00 1.000000000e+00 0.000000000e+00
7.884290498e-01 -6.151257053e-01 0.000000000e+00 -8.346722261e-01 6.151257053e-01 7.884290498e-01 0.000000000e+00 1.065750340e+01 0.000000000e+00 0.000000000e+00 1.000000000e+00 0.000000000e+00
7.751949066e-01 -6.317221357e-01 0.000000000e+00 -1.000008311e+00 6.317221357e-01 7.751949066e-01 0.000000000e+00 1.084163974e+01 0.000000000e+00 0.000000000e+00 1.000000000e+00 0.000000000e+00
7.663854832e-01 -6.423809548e-01 0.000000000e+00 -1.147883325e+00 6.423809548e-01 7.663854832e-01 0.000000000e+00 1.103544007e+01 0.000000000e+00 0.000000000e+00 1.000000000e+00 0.000000000e+00
7.716634601e-01 -6.360310561e-01 0.000000000e+00 -1.329360920e+00 6.360310561e-01 7.716634601e-01 0.000000000e+00 1.119336507e+01 0.000000000e+00 0.000000000e+00 1.000000000e+00 0.000000000e+00
7.895683835e-01 -6.136625847e-01 0.000000000e+00 -1.486854761e+00 6.136625847e-01 7.895683835e-01 0.000000000e+00 1.139237832e+01 0.000000000e+00 0.000000000e+00 1.000000000e+00 0.000000000e+00
8.125714705e-01 -5.828615662e-01 0.000000000e+00 -1.627211705e+00 5.828615662e-01 8.125714705e-01 0.000000000e+00 1.159381742e+01 0.000000000e+00 0.000000000e+00 1.000000000e+00 0.000000000e+00
8.446718507e-01 -5.352844708e-01 0.000000000e+00 -1.759574139e+00 5.352844708e-01 8.446718507e-01 0.000000000e+00 1.180987920e+01 0.000000000e+00 0.000000000e+00 1.000000000e+00 0.000000000e+00
8.805029744e-01 -4.740406228e-01 0.000000000e+00 -1.901280468e+00 4.740406228e-01 8.805029744e-01 0.000000000e+00 1.202700979e+01 0.000000000e+00 0.000000000e+00 1.000000000e+00 0.000000000e+00
9.176778829e-01 -3.973251857e-01 0.000000000e+00 -2.000765423e+00 3.973251857e-01 9.176778829e-01 0.000000000e+00 1.225197758e+01 0.000000000e+00 0.000000000e+00 1.000000000e+00 0.000000000e+00
9.503410106e-01 -3.112104812e-01 0.000000000e+00 -2.090833303e+00 3.112104812e-01 9.503410106e-01 0.000000000e+00 1.247592682e+01 0.000000000e+00 0.000000000e+00 1.000000000e+00 0.000000000e+00
9.765465425e-01 -2.153064102e-01 0.000000000e+00 -2.134960578e+00 2.153064102e-01 9.765465425e-01 0.000000000e+00 1.273318332e+01 0.000000000e+00 0.000000000e+00 1.000000000e+00 0.000000000e+00
9.942580767e-01 -1.070087701e-01 0.000000000e+00 -2.172839481e+00 1.070087701e-01 9.942580767e-01 0.000000000e+00 1.296882112e+01 0.000000000e+00 0.000000000e+00 1.000000000e+00 0.000000000e+00
9.999990204e-01 -1.399707578e-03 0.000000000e+00 -2.175359696e+00 1.399707578e-03 9.999990204e-01 0.000000000e+00 1.320868209e+01 0.000000000e+00 0.000000000e+00 1.000000000e+00 0.000000000e+00
9.942112479e-01 1.074429832e-01 0.000000000e+00 -2.141043191e+00 -1.074429832e-01 9.942112479e-01 0.000000000e+00 1.347409250e+01 0.000000000e+00 0.000000000e+00 1.000000000e+00 0.000000000e+00
9.769203210e-01 2.136040412e-01 0.000000000e+00 -2.091040768e+00 -2.136040412e-01 9.769203210e-01 0.000000000e+00 1.371703300e+01 0.000000000e+00 0.000000000e+00 1.000000000e+00 0.000000000e+00
9.503955882e-01 3.110437685e-01 0.000000000e+00 -2.013561793e+00 -3.110437685e-01 9.503955882e-01 0.000000000e+00 1.396267089e+01 0.000000000e+00 0.000000000e+00 1.000000000e+00 0.000000000e+00
9.178306246e-01 3.969722214e-01 0.000000000e+00 -1.908808026e+00 -3.969722214e-01 9.178306246e-01 0.000000000e+00 1.419710026e+01 0.000000000e+00 0.000000000e+00 1.000000000e+00 0.000000000e+00
8.800936168e-01 4.748001955e-01 0.000000000e+00 -1.804766024e+00 -4.748001955e-01 8.800936168e-01 0.000000000e+00 1.442609266e+01 0.000000000e+00 0.000000000e+00 1.000000000e+00 0.000000000e+00
8.440304077e-01 5.362953206e-01 0.000000000e+00 -1.674935389e+00 -5.362953206e-01 8.440304077e-01 0.000000000e+00 1.463855382e+01 0.000000000e+00 0.000000000e+00 1.000000000e+00 0.000000000e+00
8.133473375e-01 5.817784016e-01 0.000000000e+00 -1.519737847e+00 -5.817784016e-01 8.133473375e-01 0.000000000e+00 1.483237326e+01 0.000000000e+00 0.000000000e+00 1.000000000e+00 0.000000000e+00
7.882329192e-01 6.153770106e-01 0.000000000e+00 -1.367320854e+00 -6.153770106e-01 7.882329192e-01 0.000000000e+00 1.503935892e+01 0.000000000e+00 0.000000000e+00 1.000000000e+00 0.000000000e+00
7.734388182e-01 6.338709605e-01 0.000000000e+00 -1.196790599e+00 -6.338709605e-01 7.734388182e-01 0.000000000e+00 1.522030489e+01 0.000000000e+00 0.000000000e+00 1.000000000e+00 0.000000000e+00
7.684762044e-01 6.398783659e-01 0.000000000e+00 -1.027931728e+00 -6.398783659e-01 7.684762044e-01 0.000000000e+00 1.539612977e+01 0.000000000e+00 0.000000000e+00 1.000000000e+00 0.000000000e+00
7.743700538e-01 6.327329767e-01 0.000000000e+00 -8.596292255e-01 -6.327329767e-01 7.743700538e-01 0.000000000e+00 1.558137982e+01 0.000000000e+00 0.000000000e+00 1.000000000e+00 0.000000000e+00
7.920001272e-01 6.105209238e-01 0.000000000e+00 -6.922397475e-01 -6.105209238e-01 7.920001272e-01 0.000000000e+00 1.578200433e+01 0.000000000e+00 0.000000000e+00 1.000000000e+00 0.000000000e+00
8.162034157e-01 5.777646442e-01 0.000000000e+00 -5.671918980e-01 -5.777646442e-01 8.162034157e-01 0.000000000e+00 1.599569101e+01 0.000000000e+00 0.000000000e+00 1.000000000e+00 0.000000000e+00
8.459134857e-01 5.333201428e-01 0.000000000e+00 -4.339374473e-01 -5.333201428e-01 8.459134857e-01 0.000000000e+00 1.620414681e+01 0.000000000e+00 0.000000000e+00 1.000000000e+00 0.000000000e+00
8.861430527e-01 4.634117933e-01 0.000000000e+00 -2.933933387e-01 -4.634117933e-01 8.861430527e-01 0.000000000e+00 1.641720382e+01 0.000000000e+00 0.000000000e+00 1.000000000e+00 0.000000000e+00
9.200371605e-01 3.918311158e-01 0.000000000e+00 -2.027096296e-01 -3.918311158e-01 9.200371605e-01 0.000000000e+00 1.664603050e+01 0.000000000e+00 0.000000000e+00 1.000000000e+00 0.000000000e+00
9.531653700e-01 3.024496278e-01 0.000000000e+00 -1.325444223e-01 -3.024496278e-01 9.531653700e-01 0.000000000e+00 1.689089170e+01 0.000000000e+00 0.000000000e+00 1.000000000e+00 0.000000000e+00
9.783232365e-01 2.070836663e-01 0.000000000e+00 -7.830551710e-02 -2.070836663e-01 9.783232365e-01 0.000000000e+00 1.713109126e+01 0.000000000e+00 0.000000000e+00 1.000000000e+00 0.000000000e+00
9.943948336e-01 1.057303875e-01 0.000000000e+00 -4.953492655e-02 -1.057303875e-01 9.943948336e-01 0.000000000e+00 1.737807869e+01 0.000000000e+00 0.000000000e+00 1.000000000e+00 0.000000000e+00
9.999821859e-01 -5.968906205e-03 0.000000000e+00 -3.864771026e-02 5.968906205e-03 9.999821859e-01 0.000000000e+00 1.761729181e+01 0.000000000e+00 0.000000000e+00 1.000000000e+00 0.000000000e+00
