1.000000000e+00 0.000000000e+00 0.000000000e+00 0.000000000e+00 0.000000000e+00 1.000000000e+00 0.000000000e+00 0.000000000e+00 0.000000000e+00 0.000000000e+00 1.000000000e+00 0.000000000e+00
9.848077530e-01 -1.736481777e-01 0.000000000e+00 9.029705239e-01 1.736481777e-01 9.848077530e-01 0.000000000e+00 7.899968434e-02 0.000000000e+00 0.000000000e+00 1.000000000e+00 0.000000000e+00
9.396926208e-01 -3.420201433e-01 0.000000000e+00 1.778504745e+00 3.420201433e-01 9.396926208e-01 0.000000000e+00 3.135983719e-01 0.000000000e+00 0.000000000e+00 1.000000000e+00 0.000000000e+00
8.660254038e-01 -5.000000000e-01 0.000000000e+00 2.600000000e+00 5.000000000e-01 8.660254038e-01 0.000000000e+00 6.966679003e-01 0.000000000e+00 0.000000000e+00 1.000000000e+00 0.000000000e+00
7.660444431e-01 -6.427876097e-01 0.000000000e+00 3.342495570e+00 6.427876097e-01 7.660444431e-01 0.000000000e+00 1.216568896e+00 0.000000000e+00 0.000000000e+00 1.000000000e+00 0.000000000e+00
6.427876097e-01 -7.660444431e-01 0.000000000e+00 3.983431104e+00 7.660444431e-01 6.427876097e-01 0.000000000e+00 1.857504430e+00 0.000000000e+00 0.000000000e+00 1.000000000e+00 0.000000000e+00
5.000000000e-01 -8.660254038e-01 0.000000000e+00 4.503332100e+00 8.660254038e-01 5.000000000e-01 0.000000000e+00 2.600000000e+00 0.000000000e+00 0.000000000e+00 1.000000000e+00 0.000000000e+00
3.420201433e-01 -9.396926208e-01 0.000000000e+00 4.886401628e+00 9.396926208e-01 3.420201433e-01 0.000000000e+00 3.421495255e+00 0.000000000e+00 0.000000000e+00 1.000000000e+00 0.000000000e+00
1.736481777e-01 -9.848077530e-01 0.000000000e+00 5.121000316e+00 9.848077530e-01 1.736481777e-01 0.000000000e+00 4.297029476e+00 0.000000000e+00 0.000000000e+00 1.000000000e+00 0.000000000e+00
6.123233996e-17 -1.000000000e+00 0.000000000e+00 5.200000000e+00 1.000000000e+00 6.123233996e-17 0.000000000e+00 5.200000000e+00 0.000000000e+00 0.000000000e+00 1.000000000e+00 0.000000000e+00
-1.736481777e-01 -9.848077530e-01 0.000000000e+00 5.121000316e+00 9.848077530e-01 -1.736481777e-01 0.000000000e+00 6.102970524e+00 0.000000000e+00 0.000000000e+00 1.000000000e+00 0.000000000e+00
-3.420201433e-01 -9.396926208e-01 0.000000000e+00 4.886401628e+00 9.396926208e-01 -3.420201433e-01 0.000000000e+00 6.978504745e+00 0.000000000e+00 0.000000000e+00 1.000000000e+00 0.000000000e+00
-5.000000000e-01 -8.660254038e-01 0.000000000e+00 4.503332100e+00 8.660254038e-01 -5.000000000e-01 0.000000000e+00 7.800000000e+00 0.000000000e+00 0.000000000e+00 1.000000000e+00 0.000000000e+00
-6.427876097e-01 -7.660444431e-01 0.000000000e+00 3.983431104e+00 7.660444431e-01 -6.427876097e-01 0.000000000e+00 8.542495570e+00 0.000000000e+00 0.000000000e+00 1.000000000e+00 0.000000000e+00
-7.660444431e-01 -6.427876097e-01 0.000000000e+00 3.342495570e+00 6.427876097e-01 -7.660444431e-01 0.000000000e+00 9.183431104e+00 0.000000000e+00 0.000000000e+00 1.000000000e+00 0.000000000e+00
-8.660254038e-01 -5.000000000e-01 0.000000000e+00 2.600000000e+00 5.000000000e-01 -8.660254038e-01 0.000000000e+00 9.703332100e+00 0.000000000e+00 0.000000000e+00 1.000000000e+00 0.000000000e+00
-9.396926208e-01 -3.420201433e-01 0.000000000e+00 1.778504745e+00 3.420201433e-01 -9.396926208e-01 0.000000000e+00 1.008640163e+01 0.000000000e+00 0.000000000e+00 1.000000000e+00 0.000000000e+00
-9.848077530e-01 -1.736481777e-01 0.000000000e+00 9.029705239e-01 1.736481777e-01 -9.848077530e-01 0.000000000e+00 1.032100032e+01 0.000000000e+00 0.000000000e+00 1.000000000e+00 0.000000000e+00
-1.000000000e+00 -9.957992501e-17 0.000000000e+00 0.000000000e+00 9.957992501e-17 -1.000000000e+00 0.000000000e+00 1.040000000e+01 0.000000000e+00 0.000000000e+00 1.000000000e+00 0.000000000e+00
-9.848077530e-01 1.736481777e-01 0.000000000e+00 -9.029705239e-01 -1.736481777e-01 -9.848077530e-01 0.000000000e+00 1.032100032e+01 0.000000000e+00 0.000000000e+00 1.000000000e+00 0.000000000e+00
-9.396926208e-01 3.420201433e-01 0.000000000e+00 -1.778504745e+00 -3.420201433e-01 -9.396926208e-01 0.000000000e+00 1.008640163e+01 0.000000000e+00 0.000000000e+00 1.000000000e+00 0.000000000e+00
-8.660254038e-01 5.000000000e-01 0.000000000e+00 -2.600000000e+00 -5.000000000e-01 -8.660254038e-01 0.000000000e+00 9.703332100e+00 0.000000000e+00 0.000000000e+00 1.000000000e+00 0.000000000e+00
-7.660444431e-01 6.427876097e-01 0.000000000e+00 -3.342495570e+00 -6.427876097e-01 -7.660444431e-01 0.000000000e+00 9.183431104e+00 0.000000000e+00 0.000000000e+00 1.000000000e+00 0.000000000e+00
-6.427876097e-01 7.660444431e-01 0.000000000e+00 -3.983431104e+00 -7.660444431e-01 -6.427876097e-01 0.000000000e+00 8.542495570e+00 0.000000000e+00 0.000000000e+00 1.000000000e+00 0.000000000e+00
-5.000000000e-01 8.660254038e-01 0.000000000e+00 -4.503332100e+00 -8.660254038e-01 -5.000000000e-01 0.000000000e+00 7.800000000e+00 0.000000000e+00 0.000000000e+00 1.000000000e+00 0.000000000e+00
-3.420201433e-01 9.396926208e-01 0.000000000e+00 -4.886401628e+00 -9.396926208e-01 -3.420201433e-01 0.000000000e+00 6.978504745e+00 0.000000000e+00 0.000000000e+00 1.000000000e+00 0.000000000e+00
-1.736481777e-01 9.848077530e-01 0.000000000e+00 -5.121000316e+00 -9.848077530e-01 -1.736481777e-01 0.000000000e+00 6.102970524e+00 0.000000000e+00 0.000000000e+00 1.000000000e+00 0.000000000e+00
-1.836970199e-16 1.000000000e+00 0.000000000e+00 -5.200000000e+00 -1.000000000e+00 -1.836970199e-16 0.000000000e+00 5.200000000e+00 0.000000000e+00 0.000000000e+00 1.000000000e+00 0.000000000e+00
1.736481777e-01 9.848077530e-01 0.000000000e+00 -5.121000316e+00 -9.848077530e-01 1.736481777e-01 0.000000000e+00 4.297029476e+00 0.000000000e+00 0.000000000e+00 1.000000000e+00 0.000000000e+00
3.420201433e-01 9.396926208e-01 0.000000000e+00 -4.886401628e+00 -9.396926208e-01 3.420201433e-01 0.000000000e+00 3.421495255e+00 0.000000000e+00 0.000000000e+00 1.000000000e+00 0.000000000e+00
5.000000000e-01 8.660254038e-01 0.000000000e+00 -4.503332100e+00 -8.660254038e-01 5.000000000e-01 0.000000000e+00 2.600000000e+00 0.000000000e+00 0.000000000e+00 1.000000000e+00 0.000000000e+00
6.427876097e-01 7.660444431e-01 0.000000000e+00 -3.983431104e+00 -7.660444431e-01 6.427876097e-01 0.000000000e+00 1.857504430e+00 0.000000000e+00 0.000000000e+00 1.000000000e+00 0.000000000e+00
7.660444431e-01 6.427876097e-01 0.000000000e+00 -3.342495570e+00 -6.427876097e-01 7.660444431e-01 0.000000000e+00 1.216568896e+00 0.000000000e+00 0.000000000e+00 1.000000000e+00 0.000000000e+00
8.660254038e-01 5.000000000e-01 0.000000000e+00 -2.600000000e+00 -5.000000000e-01 8.660254038e-01 0.000000000e+00 6.966679003e-01 0.000000000e+00 0.000000000e+00 1.000000000e+00 0.000000000e+00
9.396926208e-01 3.420201433e-01 0.000000000e+00 -1.778504745e+00 -3.420201433e-01 9.396926208e-01 0.000000000e+00 3.135983719e-01 0.000000000e+00 0.000000000e+00 1.000000000e+00 0.000000000e+00
9.848077530e-01 1.736481777e-01 0.000000000e+00 -9.029705239e-01 -1.736481777e-01 9.848077530e-01 0.000000000e+00 7.899968434e-02 0.000000000e+00 0.000000000e+00 1.000000000e+00 0.000000000e+00
1.000000000e+00 2.220446049e-16 0.000000000e+00 -1.273632671e-15 -2.220446049e-16 1.000000000e+00 0.000000000e+00 0.000000000e+00 0.000000000e+00 0.000000000e+00 1.000000000e+00 0.000000000e+00
