1.000000000e+00 0.000000000e+00 0.000000000e+00 0.000000000e+00 0.000000000e+00 1.000000000e+00 0.000000000e+00 0.000000000e+00 0.000000000e+00 0.000000000e+00 1.000000000e+00 0.000000000e+00
9.982656102e-01 -5.887080365e-02 0.000000000e+00 2.825798575e-01 5.887080365e-02 9.982656102e-01 0.000000000e+00 8.325071113e-03 0.000000000e+00 0.000000000e+00 1.000000000e+00 0.000000000e+00
9.930684570e-01 -1.175373975e-01 0.000000000e+00 5.641795078e-01 1.175373975e-01 9.930684570e-01 0.000000000e+00 3.327140662e-02 0.000000000e+00 0.000000000e+00 1.000000000e+00 0.000000000e+00
9.844265681e-01 -1.757962799e-01 0.000000000e+00 8.438221437e-01 1.757962799e-01 9.844265681e-01 0.000000000e+00 7.475247317e-02 0.000000000e+00 0.000000000e+00 1.000000000e+00 0.000000000e+00
9.723699204e-01 -2.334453639e-01 0.000000000e+00 1.120537747e+00 2.334453639e-01 9.723699204e-01 0.000000000e+00 1.326243821e-01 0.000000000e+00 0.000000000e+00 1.000000000e+00 0.000000000e+00
9.569403357e-01 -2.902846773e-01 0.000000000e+00 1.393366451e+00 2.902846773e-01 9.569403357e-01 0.000000000e+00 2.066863885e-01 0.000000000e+00 0.000000000e+00 1.000000000e+00 0.000000000e+00
9.381913359e-01 -3.461170571e-01 0.000000000e+00 1.661361874e+00 3.461170571e-01 9.381913359e-01 0.000000000e+00 2.966815876e-01 0.000000000e+00 0.000000000e+00 1.000000000e+00 0.000000000e+00
9.161879571e-01 -4.007488331e-01 0.000000000e+00 1.923594399e+00 4.007488331e-01 9.161879571e-01 0.000000000e+00 4.022978058e-01 0.000000000e+00 0.000000000e+00 1.000000000e+00 0.000000000e+00
8.910065242e-01 -4.539904997e-01 0.000000000e+00 2.179154399e+00 4.539904997e-01 8.910065242e-01 0.000000000e+00 5.231686839e-01 0.000000000e+00 0.000000000e+00 1.000000000e+00 0.000000000e+00
8.627343860e-01 -5.056573734e-01 0.000000000e+00 2.427155392e+00 5.056573734e-01 8.627343860e-01 0.000000000e+00 6.588749473e-01 0.000000000e+00 0.000000000e+00 1.000000000e+00 0.000000000e+00
8.314696123e-01 -5.555702330e-01 0.000000000e+00 2.666737118e+00 5.555702330e-01 8.314696123e-01 0.000000000e+00 8.089458609e-01 0.000000000e+00 0.000000000e+00 1.000000000e+00 0.000000000e+00
7.973206538e-01 -6.035559420e-01 0.000000000e+00 2.897068521e+00 6.035559420e-01 7.973206538e-01 0.000000000e+00 9.728608619e-01 0.000000000e+00 0.000000000e+00 1.000000000e+00 0.000000000e+00
7.604059656e-01 -6.494480483e-01 0.000000000e+00 3.117350632e+00 6.494480483e-01 7.604059656e-01 0.000000000e+00 1.150051365e+00 0.000000000e+00 0.000000000e+00 1.000000000e+00 0.000000000e+00
7.208535967e-01 -6.930873625e-01 0.000000000e+00 3.326819340e+00 6.930873625e-01 7.208535967e-01 0.000000000e+00 1.339902736e+00 0.000000000e+00 0.000000000e+00 1.000000000e+00 0.000000000e+00
6.788007455e-01 -7.343225094e-01 0.000000000e+00 3.524748045e+00 7.343225094e-01 6.788007455e-01 0.000000000e+00 1.541756421e+00 0.000000000e+00 0.000000000e+00 1.000000000e+00 0.000000000e+00
6.343932842e-01 -7.730104534e-01 0.000000000e+00 3.710450176e+00 7.730104534e-01 6.343932842e-01 0.000000000e+00 1.754912236e+00 0.000000000e+00 0.000000000e+00 1.000000000e+00 0.000000000e+00
5.877852523e-01 -8.090169944e-01 0.000000000e+00 3.883281573e+00 8.090169944e-01 5.877852523e-01 0.000000000e+00 1.978630789e+00 0.000000000e+00 0.000000000e+00 1.000000000e+00 0.000000000e+00
5.391383229e-01 -8.422172337e-01 0.000000000e+00 4.042642722e+00 8.422172337e-01 5.391383229e-01 0.000000000e+00 2.212136050e+00 0.000000000e+00 0.000000000e+00 1.000000000e+00 0.000000000e+00
4.886212415e-01 -8.724960071e-01 0.000000000e+00 4.187980834e+00 8.724960071e-01 4.886212415e-01 0.000000000e+00 2.454618041e+00 0.000000000e+00 0.000000000e+00 1.000000000e+00 0.000000000e+00
4.364092407e-01 -8.997482841e-01 0.000000000e+00 4.318791763e+00 8.997482841e-01 4.364092407e-01 0.000000000e+00 2.705235645e+00 0.000000000e+00 0.000000000e+00 1.000000000e+00 0.000000000e+00
3.826834324e-01 -9.238795325e-01 0.000000000e+00 4.434621756e+00 9.238795325e-01 3.826834324e-01 0.000000000e+00 2.963119525e+00 0.000000000e+00 0.000000000e+00 1.000000000e+00 0.000000000e+00
3.276301796e-01 -9.448060465e-01 0.000000000e+00 4.535069023e+00 9.448060465e-01 3.276301796e-01 0.000000000e+00 3.227375138e+00 0.000000000e+00 0.000000000e+00 1.000000000e+00 0.000000000e+00
2.714404499e-01 -9.624552365e-01 0.000000000e+00 4.619785135e+00 9.624552365e-01 2.714404499e-01 0.000000000e+00 3.497085841e+00 0.000000000e+00 0.000000000e+00 1.000000000e+00 0.000000000e+00
2.143091531e-01 -9.767658813e-01 0.000000000e+00 4.688476230e+00 9.767658813e-01 2.143091531e-01 0.000000000e+00 3.771316065e+00 0.000000000e+00 0.000000000e+00 1.000000000e+00 0.000000000e+00
1.564344650e-01 -9.876883406e-01 0.000000000e+00 4.740904035e+00 9.876883406e-01 1.564344650e-01 0.000000000e+00 4.049114568e+00 0.000000000e+00 0.000000000e+00 1.000000000e+00 0.000000000e+00
9.801714033e-02 -9.951847267e-01 0.000000000e+00 4.776886688e+00 9.951847267e-01 9.801714033e-02 0.000000000e+00 4.329517726e+00 0.000000000e+00 0.000000000e+00 1.000000000e+00 0.000000000e+00
3.925981576e-02 -9.992290362e-01 0.000000000e+00 4.796299374e+00 9.992290362e-01 3.925981576e-02 0.000000000e+00 4.611552884e+00 0.000000000e+00 0.000000000e+00 1.000000000e+00 0.000000000e+00
-1.963369246e-02 -9.998072405e-01 0.000000000e+00 4.799074754e+00 9.998072405e-01 -1.963369246e-02 0.000000000e+00 4.894241724e+00 0.000000000e+00 0.000000000e+00 1.000000000e+00 0.000000000e+00
-7.845909573e-02 -9.969173337e-01 0.000000000e+00 4.785203202e+00 9.969173337e-01 -7.845909573e-02 0.000000000e+00 5.176603659e+00 0.000000000e+00 0.000000000e+00 1.000000000e+00 0.000000000e+00
-1.370123417e-01 -9.905693404e-01 0.000000000e+00 4.754732834e+00 9.905693404e-01 -1.370123417e-01 0.000000000e+00 5.457659240e+00 0.000000000e+00 0.000000000e+00 1.000000000e+00 0.000000000e+00
-1.950903220e-01 -9.807852804e-01 0.000000000e+00 4.707769346e+00 9.807852804e-01 -1.950903220e-01 0.000000000e+00 5.736433546e+00 0.000000000e+00 0.000000000e+00 1.000000000e+00 0.000000000e+00
-2.524915770e-01 -9.675990924e-01 0.000000000e+00 4.644475643e+00 9.675990924e-01 -2.524915770e-01 0.000000000e+00 6.011959570e+00 0.000000000e+00 0.000000000e+00 1.000000000e+00 0.000000000e+00
-3.090169944e-01 -9.510565163e-01 0.000000000e+00 4.565071278e+00 9.510565163e-01 -3.090169944e-01 0.000000000e+00 6.283281573e+00 0.000000000e+00 0.000000000e+00 1.000000000e+00 0.000000000e+00
-3.644704999e-01 -9.312149348e-01 0.000000000e+00 4.469831687e+00 9.312149348e-01 -3.644704999e-01 0.000000000e+00 6.549458399e+00 0.000000000e+00 0.000000000e+00 1.000000000e+00 0.000000000e+00
-4.186597375e-01 -9.081431738e-01 0.000000000e+00 4.359087234e+00 9.081431738e-01 -4.186597375e-01 0.000000000e+00 6.809566740e+00 0.000000000e+00 0.000000000e+00 1.000000000e+00 0.000000000e+00
-4.713967368e-01 -8.819212643e-01 0.000000000e+00 4.233222069e+00 8.819212643e-01 -4.713967368e-01 0.000000000e+00 7.062704337e+00 0.000000000e+00 0.000000000e+00 1.000000000e+00 0.000000000e+00
-5.224985647e-01 -8.526401644e-01 0.000000000e+00 4.092672789e+00 8.526401644e-01 -5.224985647e-01 0.000000000e+00 7.307993111e+00 0.000000000e+00 0.000000000e+00 1.000000000e+00 0.000000000e+00
-5.717879602e-01 -8.204014435e-01 0.000000000e+00 3.937926929e+00 8.204014435e-01 -5.717879602e-01 0.000000000e+00 7.544582209e+00 0.000000000e+00 0.000000000e+00 1.000000000e+00 0.000000000e+00
-6.190939493e-01 -7.853169309e-01 0.000000000e+00 3.769521268e+00 7.853169309e-01 -6.190939493e-01 0.000000000e+00 7.771650957e+00 0.000000000e+00 0.000000000e+00 1.000000000e+00 0.000000000e+00
-6.642524379e-01 -7.475083269e-01 0.000000000e+00 3.588039969e+00 7.475083269e-01 -6.642524379e-01 0.000000000e+00 7.988411702e+00 0.000000000e+00 0.000000000e+00 1.000000000e+00 0.000000000e+00
-7.071067812e-01 -7.071067812e-01 0.000000000e+00 3.394112550e+00 7.071067812e-01 -7.071067812e-01 0.000000000e+00 8.194112550e+00 0.000000000e+00 0.000000000e+00 1.000000000e+00 0.000000000e+00
-7.475083269e-01 -6.642524379e-01 0.000000000e+00 3.188411702e+00 6.642524379e-01 -7.475083269e-01 0.000000000e+00 8.388039969e+00 0.000000000e+00 0.000000000e+00 1.000000000e+00 0.000000000e+00
-7.853169309e-01 -6.190939493e-01 0.000000000e+00 2.971650957e+00 6.190939493e-01 -7.853169309e-01 0.000000000e+00 8.569521268e+00 0.000000000e+00 0.000000000e+00 1.000000000e+00 0.000000000e+00
-8.204014435e-01 -5.717879602e-01 0.000000000e+00 2.744582209e+00 5.717879602e-01 -8.204014435e-01 0.000000000e+00 8.737926929e+00 0.000000000e+00 0.000000000e+00 1.000000000e+00 0.000000000e+00
-8.526401644e-01 -5.224985647e-01 0.000000000e+00 2.507993111e+00 5.224985647e-01 -8.526401644e-01 0.000000000e+00 8.892672789e+00 0.000000000e+00 0.000000000e+00 1.000000000e+00 0.000000000e+00
-8.819212643e-01 -4.713967368e-01 0.000000000e+00 2.262704337e+00 4.713967368e-01 -8.819212643e-01 0.000000000e+00 9.033222069e+00 0.000000000e+00 0.000000000e+00 1.000000000e+00 0.000000000e+00
-9.081431738e-01 -4.186597375e-01 0.000000000e+00 2.009566740e+00 4.186597375e-01 -9.081431738e-01 0.000000000e+00 9.159087234e+00 0.000000000e+00 0.000000000e+00 1.000000000e+00 0.000000000e+00
-9.312149348e-01 -3.644704999e-01 0.000000000e+00 1.749458399e+00 3.644704999e-01 -9.312149348e-01 0.000000000e+00 9.269831687e+00 0.000000000e+00 0.000000000e+00 1.000000000e+00 0.000000000e+00
-9.510565163e-01 -3.090169944e-01 0.000000000e+00 1.483281573e+00 3.090169944e-01 -9.510565163e-01 0.000000000e+00 9.365071278e+00 0.000000000e+00 0.000000000e+00 1.000000000e+00 0.000000000e+00
-9.675990924e-01 -2.524915770e-01 0.000000000e+00 1.211959570e+00 2.524915770e-01 -9.675990924e-01 0.000000000e+00 9.444475643e+00 0.000000000e+00 0.000000000e+00 1.000000000e+00 0.000000000e+00
-9.807852804e-01 -1.950903220e-01 0.000000000e+00 9.364335457e-01 1.950903220e-01 -9.807852804e-01 0.000000000e+00 9.507769346e+00 0.000000000e+00 0.000000000e+00 1.000000000e+00 0.000000000e+00
-9.905693404e-01 -1.370123417e-01 0.000000000e+00 6.576592401e-01 1.370123417e-01 -9.905693404e-01 0.000000000e+00 9.554732834e+00 0.000000000e+00 0.000000000e+00 1.000000000e+00 0.000000000e+00
-9.969173337e-01 -7.845909573e-02 0.000000000e+00 3.766036595e-01 7.845909573e-02 -9.969173337e-01 0.000000000e+00 9.585203202e+00 0.000000000e+00 0.000000000e+00 1.000000000e+00 0.000000000e+00
-9.998072405e-01 -1.963369246e-02 0.000000000e+00 9.424172381e-02 1.963369246e-02 -9.998072405e-01 0.000000000e+00 9.599074754e+00 0.000000000e+00 0.000000000e+00 1.000000000e+00 0.000000000e+00
-9.992290362e-01 3.925981576e-02 0.000000000e+00 -1.884471156e-01 -3.925981576e-02 -9.992290362e-01 0.000000000e+00 9.596299374e+00 0.000000000e+00 0.000000000e+00 1.000000000e+00 0.000000000e+00
-9.951847267e-01 9.801714033e-02 0.000000000e+00 -4.704822736e-01 -9.801714033e-02 -9.951847267e-01 0.000000000e+00 9.576886688e+00 0.000000000e+00 0.000000000e+00 1.000000000e+00 0.000000000e+00
-9.876883406e-01 1.564344650e-01 0.000000000e+00 -7.508854322e-01 -1.564344650e-01 -9.876883406e-01 0.000000000e+00 9.540904035e+00 0.000000000e+00 0.000000000e+00 1.000000000e+00 0.000000000e+00
-9.767658813e-01 2.143091531e-01 0.000000000e+00 -1.028683935e+00 -2.143091531e-01 -9.767658813e-01 0.000000000e+00 9.488476230e+00 0.000000000e+00 0.000000000e+00 1.000000000e+00 0.000000000e+00
-9.624552365e-01 2.714404499e-01 0.000000000e+00 -1.302914159e+00 -2.714404499e-01 -9.624552365e-01 0.000000000e+00 9.419785135e+00 0.000000000e+00 0.000000000e+00 1.000000000e+00 0.000000000e+00
-9.448060465e-01 3.276301796e-01 0.000000000e+00 -1.572624862e+00 -3.276301796e-01 -9.448060465e-01 0.000000000e+00 9.335069023e+00 0.000000000e+00 0.000000000e+00 1.000000000e+00 0.000000000e+00
-9.238795325e-01 3.826834324e-01 0.000000000e+00 -1.836880475e+00 -3.826834324e-01 -9.238795325e-01 0.000000000e+00 9.234621756e+00 0.000000000e+00 0.000000000e+00 1.000000000e+00 0.000000000e+00
-8.997482841e-01 4.364092407e-01 0.000000000e+00 -2.094764355e+00 -4.364092407e-01 -8.997482841e-01 0.000000000e+00 9.118791763e+00 0.000000000e+00 0.000000000e+00 1.000000000e+00 0.000000000e+00
-8.724960071e-01 4.886212415e-01 0.000000000e+00 -2.345381959e+00 -4.886212415e-01 -8.724960071e-01 0.000000000e+00 8.987980834e+00 0.000000000e+00 0.000000000e+00 1.000000000e+00 0.000000000e+00
-8.422172337e-01 5.391383229e-01 0.000000000e+00 -2.587863950e+00 -5.391383229e-01 -8.422172337e-01 0.000000000e+00 8.842642722e+00 0.000000000e+00 0.000000000e+00 1.000000000e+00 0.000000000e+00
-8.090169944e-01 5.877852523e-01 0.000000000e+00 -2.821369211e+00 -5.877852523e-01 -8.090169944e-01 0.000000000e+00 8.683281573e+00 0.000000000e+00 0.000000000e+00 1.000000000e+00 0.000000000e+00
-7.730104534e-01 6.343932842e-01 0.000000000e+00 -3.045087764e+00 -6.343932842e-01 -7.730104534e-01 0.000000000e+00 8.510450176e+00 0.000000000e+00 0.000000000e+00 1.000000000e+00 0.000000000e+00
-7.343225094e-01 6.788007455e-01 0.000000000e+00 -3.258243579e+00 -6.788007455e-01 -7.343225094e-01 0.000000000e+00 8.324748045e+00 0.000000000e+00 0.000000000e+00 1.000000000e+00 0.000000000e+00
-6.930873625e-01 7.208535967e-01 0.000000000e+00 -3.460097264e+00 -7.208535967e-01 -6.930873625e-01 0.000000000e+00 8.126819340e+00 0.000000000e+00 0.000000000e+00 1.000000000e+00 0.000000000e+00
-6.494480483e-01 7.604059656e-01 0.000000000e+00 -3.649948635e+00 -7.604059656e-01 -6.494480483e-01 0.000000000e+00 7.917350632e+00 0.000000000e+00 0.000000000e+00 1.000000000e+00 0.000000000e+00
-6.035559420e-01 7.973206538e-01 0.000000000e+00 -3.827139138e+00 -7.973206538e-01 -6.035559420e-01 0.000000000e+00 7.697068521e+00 0.000000000e+00 0.000000000e+00 1.000000000e+00 0.000000000e+00
-5.555702330e-01 8.314696123e-01 0.000000000e+00 -3.991054139e+00 -8.314696123e-01 -5.555702330e-01 0.000000000e+00 7.466737118e+00 0.000000000e+00 0.000000000e+00 1.000000000e+00 0.000000000e+00
-5.056573734e-01 8.627343860e-01 0.000000000e+00 -4.141125053e+00 -8.627343860e-01 -5.056573734e-01 0.000000000e+00 7.227155392e+00 0.000000000e+00 0.000000000e+00 1.000000000e+00 0.000000000e+00
-4.539904997e-01 8.910065242e-01 0.000000000e+00 -4.276831316e+00 -8.910065242e-01 -4.539904997e-01 0.000000000e+00 6.979154399e+00 0.000000000e+00 0.000000000e+00 1.000000000e+00 0.000000000e+00
-4.007488331e-01 9.161879571e-01 0.000000000e+00 -4.397702194e+00 -9.161879571e-01 -4.007488331e-01 0.000000000e+00 6.723594399e+00 0.000000000e+00 0.000000000e+00 1.000000000e+00 0.000000000e+00
-3.461170571e-01 9.381913359e-01 0.000000000e+00 -4.503318412e+00 -9.381913359e-01 -3.461170571e-01 0.000000000e+00 6.461361874e+00 0.000000000e+00 0.000000000e+00 1.000000000e+00 0.000000000e+00
-2.902846773e-01 9.569403357e-01 0.000000000e+00 -4.593313612e+00 -9.569403357e-01 -2.902846773e-01 0.000000000e+00 6.193366451e+00 0.000000000e+00 0.000000000e+00 1.000000000e+00 0.000000000e+00
-2.334453639e-01 9.723699204e-01 0.000000000e+00 -4.667375618e+00 -9.723699204e-01 -2.334453639e-01 0.000000000e+00 5.920537747e+00 0.000000000e+00 0.000000000e+00 1.000000000e+00 0.000000000e+00
-1.757962799e-01 9.844265681e-01 0.000000000e+00 -4.725247527e+00 -9.844265681e-01 -1.757962799e-01 0.000000000e+00 5.643822144e+00 0.000000000e+00 0.000000000e+00 1.000000000e+00 0.000000000e+00
-1.175373975e-01 9.930684570e-01 0.000000000e+00 -4.766728593e+00 -9.930684570e-01 -1.175373975e-01 0.000000000e+00 5.364179508e+00 0.000000000e+00 0.000000000e+00 1.000000000e+00 0.000000000e+00
-5.887080365e-02 9.982656102e-01 0.000000000e+00 -4.791674929e+00 -9.982656102e-01 -5.887080365e-02 0.000000000e+00 5.082579858e+00 0.000000000e+00 0.000000000e+00 1.000000000e+00 0.000000000e+00
-1.836970199e-16 1.000000000e+00 0.000000000e+00 -4.800000000e+00 -1.000000000e+00 -1.836970199e-16 0.000000000e+00 4.800000000e+00 0.000000000e+00 0.000000000e+00 1.000000000e+00 0.000000000e+00
