1.000000000e+00 0.000000000e+00 0.000000000e+00 0.000000000e+00 0.000000000e+00 1.000000000e+00 0.000000000e+00 0.000000000e+00 0.000000000e+00 0.000000000e+00 1.000000000e+00 0.000000000e+00
9.980267284e-01 -6.279051953e-02 0.000000000e+00 -8.879722073e-03 6.279051953e-02 9.980267284e-01 0.000000000e+00 2.825573379e-01 0.000000000e+00 0.000000000e+00 1.000000000e+00 0.000000000e+00
9.921147013e-01 -1.253332336e-01 0.000000000e+00 -3.548384408e-02 1.253332336e-01 9.921147013e-01 0.000000000e+00 5.639995510e-01 0.000000000e+00 0.000000000e+00 1.000000000e+00 0.000000000e+00
9.822872507e-01 -1.873813146e-01 0.000000000e+00 -7.970737172e-02 1.873813146e-01 9.822872507e-01 0.000000000e+00 8.432159156e-01 0.000000000e+00 0.000000000e+00 1.000000000e+00 0.000000000e+00
9.685831611e-01 -2.486898872e-01 0.000000000e+00 -1.413757749e-01 2.486898872e-01 9.685831611e-01 0.000000000e+00 1.119104492e+00 0.000000000e+00 0.000000000e+00 1.000000000e+00 0.000000000e+00
9.510565163e-01 -3.090169944e-01 0.000000000e+00 -2.202456767e-01 3.090169944e-01 9.510565163e-01 0.000000000e+00 1.390576475e+00 0.000000000e+00 0.000000000e+00 1.000000000e+00 0.000000000e+00
9.297764859e-01 -3.681245527e-01 0.000000000e+00 -3.160058135e-01 3.681245527e-01 9.297764859e-01 0.000000000e+00 1.656560487e+00 0.000000000e+00 0.000000000e+00 1.000000000e+00 0.000000000e+00
9.048270525e-01 -4.257792916e-01 0.000000000e+00 -4.282782639e-01 4.257792916e-01 9.048270525e-01 0.000000000e+00 1.916006812e+00 0.000000000e+00 0.000000000e+00 1.000000000e+00 0.000000000e+00
8.763066800e-01 -4.817536741e-01 0.000000000e+00 -5.566199398e-01 4.817536741e-01 8.763066800e-01 0.000000000e+00 2.167891533e+00 0.000000000e+00 0.000000000e+00 1.000000000e+00 0.000000000e+00
8.443279255e-01 -5.358267950e-01 0.000000000e+00 -7.005243352e-01 5.358267950e-01 8.443279255e-01 0.000000000e+00 2.411220577e+00 0.000000000e+00 0.000000000e+00 1.000000000e+00 0.000000000e+00
8.090169944e-01 -5.877852523e-01 0.000000000e+00 -8.594235253e-01 5.877852523e-01 8.090169944e-01 0.000000000e+00 2.645033635e+00 0.000000000e+00 0.000000000e+00 1.000000000e+00 0.000000000e+00
7.705132428e-01 -6.374239897e-01 0.000000000e+00 -1.032690408e+00 6.374239897e-01 7.705132428e-01 0.000000000e+00 2.868407954e+00 0.000000000e+00 0.000000000e+00 1.000000000e+00 0.000000000e+00
7.289686274e-01 -6.845471059e-01 0.000000000e+00 -1.219641177e+00 6.845471059e-01 7.289686274e-01 0.000000000e+00 3.080461977e+00 0.000000000e+00 0.000000000e+00 1.000000000e+00 0.000000000e+00
6.845471059e-01 -7.289686274e-01 0.000000000e+00 -1.419538023e+00 7.289686274e-01 6.845471059e-01 0.000000000e+00 3.280358823e+00 0.000000000e+00 0.000000000e+00 1.000000000e+00 0.000000000e+00
6.374239897e-01 -7.705132428e-01 0.000000000e+00 -1.631592046e+00 7.705132428e-01 6.374239897e-01 0.000000000e+00 3.467309592e+00 0.000000000e+00 0.000000000e+00 1.000000000e+00 0.000000000e+00
5.877852523e-01 -8.090169944e-01 0.000000000e+00 -1.854966365e+00 8.090169944e-01 5.877852523e-01 0.000000000e+00 3.640576475e+00 0.000000000e+00 0.000000000e+00 1.000000000e+00 0.000000000e+00
5.358267950e-01 -8.443279255e-01 0.000000000e+00 -2.088779423e+00 8.443279255e-01 5.358267950e-01 0.000000000e+00 3.799475665e+00 0.000000000e+00 0.000000000e+00 1.000000000e+00 0.000000000e+00
4.817536741e-01 -8.763066800e-01 0.000000000e+00 -2.332108467e+00 8.763066800e-01 4.817536741e-01 0.000000000e+00 3.943380060e+00 0.000000000e+00 0.000000000e+00 1.000000000e+00 0.000000000e+00
4.257792916e-01 -9.048270525e-01 0.000000000e+00 -2.583993188e+00 9.048270525e-01 4.257792916e-01 0.000000000e+00 4.071721736e+00 0.000000000e+00 0.000000000e+00 1.000000000e+00 0.000000000e+00
3.681245527e-01 -9.297764859e-01 0.000000000e+00 -2.843439513e+00 9.297764859e-01 3.681245527e-01 0.000000000e+00 4.183994186e+00 0.000000000e+00 0.000000000e+00 1.000000000e+00 0.000000000e+00
3.090169944e-01 -9.510565163e-01 0.000000000e+00 -3.109423525e+00 9.510565163e-01 3.090169944e-01 0.000000000e+00 4.279754323e+00 0.000000000e+00 0.000000000e+00 1.000000000e+00 0.000000000e+00
2.486898872e-01 -9.685831611e-01 0.000000000e+00 -3.380895508e+00 9.685831611e-01 2.486898872e-01 0.000000000e+00 4.358624225e+00 0.000000000e+00 0.000000000e+00 1.000000000e+00 0.000000000e+00
1.873813146e-01 -9.822872507e-01 0.000000000e+00 -3.656784084e+00 9.822872507e-01 1.873813146e-01 0.000000000e+00 4.420292628e+00 0.000000000e+00 0.000000000e+00 1.000000000e+00 0.000000000e+00
1.253332336e-01 -9.921147013e-01 0.000000000e+00 -3.936000449e+00 9.921147013e-01 1.253332336e-01 0.000000000e+00 4.464516156e+00 0.000000000e+00 0.000000000e+00 1.000000000e+00 0.000000000e+00
6.279051953e-02 -9.980267284e-01 0.000000000e+00 -4.217442662e+00 9.980267284e-01 6.279051953e-02 0.000000000e+00 4.491120278e+00 0.000000000e+00 0.000000000e+00 1.000000000e+00 0.000000000e+00
6.123233996e-17 -1.000000000e+00 0.000000000e+00 -4.500000000e+00 1.000000000e+00 6.123233996e-17 0.000000000e+00 4.500000000e+00 0.000000000e+00 0.000000000e+00 1.000000000e+00 0.000000000e+00
-6.279051953e-02 -9.980267284e-01 0.000000000e+00 -4.782557338e+00 9.980267284e-01 -6.279051953e-02 0.000000000e+00 4.491120278e+00 0.000000000e+00 0.000000000e+00 1.000000000e+00 0.000000000e+00
-1.253332336e-01 -9.921147013e-01 0.000000000e+00 -5.063999551e+00 9.921147013e-01 -1.253332336e-01 0.000000000e+00 4.464516156e+00 0.000000000e+00 0.000000000e+00 1.000000000e+00 0.000000000e+00
-1.873813146e-01 -9.822872507e-01 0.000000000e+00 -5.343215916e+00 9.822872507e-01 -1.873813146e-01 0.000000000e+00 4.420292628e+00 0.000000000e+00 0.000000000e+00 1.000000000e+00 0.000000000e+00
-2.486898872e-01 -9.685831611e-01 0.000000000e+00 -5.619104492e+00 9.685831611e-01 -2.486898872e-01 0.000000000e+00 4.358624225e+00 0.000000000e+00 0.000000000e+00 1.000000000e+00 0.000000000e+00
-3.090169944e-01 -9.510565163e-01 0.000000000e+00 -5.890576475e+00 9.510565163e-01 -3.090169944e-01 0.000000000e+00 4.279754323e+00 0.000000000e+00 0.000000000e+00 1.000000000e+00 0.000000000e+00
-3.681245527e-01 -9.297764859e-01 0.000000000e+00 -6.156560487e+00 9.297764859e-01 -3.681245527e-01 0.000000000e+00 4.183994186e+00 0.000000000e+00 0.000000000e+00 1.000000000e+00 0.000000000e+00
-4.257792916e-01 -9.048270525e-01 0.000000000e+00 -6.416006812e+00 9.048270525e-01 -4.257792916e-01 0.000000000e+00 4.071721736e+00 0.000000000e+00 0.000000000e+00 1.000000000e+00 0.000000000e+00
-4.817536741e-01 -8.763066800e-01 0.000000000e+00 -6.667891533e+00 8.763066800e-01 -4.817536741e-01 0.000000000e+00 3.943380060e+00 0.000000000e+00 0.000000000e+00 1.000000000e+00 0.000000000e+00
-5.358267950e-01 -8.443279255e-01 0.000000000e+00 -6.911220577e+00 8.443279255e-01 -5.358267950e-01 0.000000000e+00 3.799475665e+00 0.000000000e+00 0.000000000e+00 1.000000000e+00 0.000000000e+00
-5.877852523e-01 -8.090169944e-01 0.000000000e+00 -7.145033635e+00 8.090169944e-01 -5.877852523e-01 0.000000000e+00 3.640576475e+00 0.000000000e+00 0.000000000e+00 1.000000000e+00 0.000000000e+00
-6.374239897e-01 -7.705132428e-01 0.000000000e+00 -7.368407954e+00 7.705132428e-01 -6.374239897e-01 0.000000000e+00 3.467309592e+00 0.000000000e+00 0.000000000e+00 1.000000000e+00 0.000000000e+00
-6.845471059e-01 -7.289686274e-01 0.000000000e+00 -7.580461977e+00 7.289686274e-01 -6.845471059e-01 0.000000000e+00 3.280358823e+00 0.000000000e+00 0.000000000e+00 1.000000000e+00 0.000000000e+00
-7.289686274e-01 -6.845471059e-01 0.000000000e+00 -7.780358823e+00 6.845471059e-01 -7.289686274e-01 0.000000000e+00 3.080461977e+00 0.000000000e+00 0.000000000e+00 1.000000000e+00 0.000000000e+00
-7.705132428e-01 -6.374239897e-01 0.000000000e+00 -7.967309592e+00 6.374239897e-01 -7.705132428e-01 0.000000000e+00 2.868407954e+00 0.000000000e+00 0.000000000e+00 1.000000000e+00 0.000000000e+00
-8.090169944e-01 -5.877852523e-01 0.000000000e+00 -8.140576475e+00 5.877852523e-01 -8.090169944e-01 0.000000000e+00 2.645033635e+00 0.000000000e+00 0.000000000e+00 1.000000000e+00 0.000000000e+00
-8.443279255e-01 -5.358267950e-01 0.000000000e+00 -8.299475665e+00 5.358267950e-01 -8.443279255e-01 0.000000000e+00 2.411220577e+00 0.000000000e+00 0.000000000e+00 1.000000000e+00 0.000000000e+00
-8.763066800e-01 -4.817536741e-01 0.000000000e+00 -8.443380060e+00 4.817536741e-01 -8.763066800e-01 0.000000000e+00 2.167891533e+00 0.000000000e+00 0.000000000e+00 1.000000000e+00 0.000000000e+00
-9.048270525e-01 -4.257792916e-01 0.000000000e+00 -8.571721736e+00 4.257792916e-01 -9.048270525e-01 0.000000000e+00 1.916006812e+00 0.000000000e+00 0.000000000e+00 1.000000000e+00 0.000000000e+00
-9.297764859e-01 -3.681245527e-01 0.000000000e+00 -8.683994186e+00 3.681245527e-01 -9.297764859e-01 0.000000000e+00 1.656560487e+00 0.000000000e+00 0.000000000e+00 1.000000000e+00 0.000000000e+00
-9.510565163e-01 -3.090169944e-01 0.000000000e+00 -8.779754323e+00 3.090169944e-01 -9.510565163e-01 0.000000000e+00 1.390576475e+00 0.000000000e+00 0.000000000e+00 1.000000000e+00 0.000000000e+00
-9.685831611e-01 -2.486898872e-01 0.000000000e+00 -8.858624225e+00 2.486898872e-01 -9.685831611e-01 0.000000000e+00 1.119104492e+00 0.000000000e+00 0.000000000e+00 1.000000000e+00 0.000000000e+00
-9.822872507e-01 -1.873813146e-01 0.000000000e+00 -8.920292628e+00 1.873813146e-01 -9.822872507e-01 0.000000000e+00 8.432159156e-01 0.000000000e+00 0.000000000e+00 1.000000000e+00 0.000000000e+00
-9.921147013e-01 -1.253332336e-01 0.000000000e+00 -8.964516156e+00 1.253332336e-01 -9.921147013e-01 0.000000000e+00 5.639995510e-01 0.000000000e+00 0.000000000e+00 1.000000000e+00 0.000000000e+00
-9.980267284e-01 -6.279051953e-02 0.000000000e+00 -8.991120278e+00 6.279051953e-02 -9.980267284e-01 0.000000000e+00 2.825573379e-01 0.000000000e+00 0.000000000e+00 1.000000000e+00 0.000000000e+00
-1.000000000e+00 -1.224646799e-16 0.000000000e+00 -9.000000000e+00 1.224646799e-16 -1.000000000e+00 0.000000000e+00 -1.447310385e-15 0.000000000e+00 0.000000000e+00 1.000000000e+00 0.000000000e+00
-9.980267284e-01 6.279051953e-02 0.000000000e+00 -8.991120278e+00 -6.279051953e-02 -9.980267284e-01 0.000000000e+00 -2.825573379e-01 0.000000000e+00 0.000000000e+00 1.000000000e+00 0.000000000e+00
-9.921147013e-01 1.253332336e-01 0.000000000e+00 -8.964516156e+00 -1.253332336e-01 -9.921147013e-01 0.000000000e+00 -5.639995510e-01 0.000000000e+00 0.000000000e+00 1.000000000e+00 0.000000000e+00
-9.822872507e-01 1.873813146e-01 0.000000000e+00 -8.920292628e+00 -1.873813146e-01 -9.822872507e-01 0.000000000e+00 -8.432159156e-01 0.000000000e+00 0.000000000e+00 1.000000000e+00 0.000000000e+00
-9.685831611e-01 2.486898872e-01 0.000000000e+00 -8.858624225e+00 -2.486898872e-01 -9.685831611e-01 0.000000000e+00 -1.119104492e+00 0.000000000e+00 0.000000000e+00 1.000000000e+00 0.000000000e+00
-9.510565163e-01 3.090169944e-01 0.000000000e+00 -8.779754323e+00 -3.090169944e-01 -9.510565163e-01 0.000000000e+00 -1.390576475e+00 0.000000000e+00 0.000000000e+00 1.000000000e+00 0.000000000e+00
-9.297764859e-01 3.681245527e-01 0.000000000e+00 -8.683994186e+00 -3.681245527e-01 -9.297764859e-01 0.000000000e+00 -1.656560487e+00 0.000000000e+00 0.000000000e+00 1.000000000e+00 0.000000000e+00
-9.048270525e-01 4.257792916e-01 0.000000000e+00 -8.571721736e+00 -4.257792916e-01 -9.048270525e-01 0.000000000e+00 -1.916006812e+00 0.000000000e+00 0.000000000e+00 1.000000000e+00 0.000000000e+00
-8.763066800e-01 4.817536741e-01 0.000000000e+00 -8.443380060e+00 -4.817536741e-01 -8.763066800e-01 0.000000000e+00 -2.167891533e+00 0.000000000e+00 0.000000000e+00 1.000000000e+00 0.000000000e+00
-8.443279255e-01 5.358267950e-01 0.000000000e+00 -8.299475665e+00 -5.358267950e-01 -8.443279255e-01 0.000000000e+00 -2.411220577e+00 0.000000000e+00 0.000000000e+00 1.000000000e+00 0.000000000e+00
-8.090169944e-01 5.877852523e-01 0.000000000e+00 -8.140576475e+00 -5.877852523e-01 -8.090169944e-01 0.000000000e+00 -2.645033635e+00 0.000000000e+00 0.000000000e+00 1.000000000e+00 0.000000000e+00
-7.705132428e-01 6.374239897e-01 0.000000000e+00 -7.967309592e+00 -6.374239897e-01 -7.705132428e-01 0.000000000e+00 -2.868407954e+00 0.000000000e+00 0.000000000e+00 1.000000000e+00 0.000000000e+00
-7.289686274e-01 6.845471059e-01 0.000000000e+00 -7.780358823e+00 -6.845471059e-01 -7.289686274e-01 0.000000000e+00 -3.080461977e+00 0.000000000e+00 0.000000000e+00 1.000000000e+00 0.000000000e+00
-6.845471059e-01 7.289686274e-01 0.000000000e+00 -7.580461977e+00 -7.289686274e-01 -6.845471059e-01 0.000000000e+00 -3.280358823e+00 0.000000000e+00 0.000000000e+00 1.000000000e+00 0.000000000e+00
-6.374239897e-01 7.705132428e-01 0.000000000e+00 -7.368407954e+00 -7.705132428e-01 -6.374239897e-01 0.000000000e+00 -3.467309592e+00 0.000000000e+00 0.000000000e+00 1.000000000e+00 0.000000000e+00
-5.877852523e-01 8.090169944e-01 0.000000000e+00 -7.145033635e+00 -8.090169944e-01 -5.877852523e-01 0.000000000e+00 -3.640576475e+00 0.000000000e+00 0.000000000e+00 1.000000000e+00 0.000000000e+00
-5.358267950e-01 8.443279255e-01 0.000000000e+00 -6.911220577e+00 -8.443279255e-01 -5.358267950e-01 0.000000000e+00 -3.799475665e+00 0.000000000e+00 0.000000000e+00 1.000000000e+00 0.000000000e+00
-4.817536741e-01 8.763066800e-01 0.000000000e+00 -6.667891533e+00 -8.763066800e-01 -4.817536741e-01 0.000000000e+00 -3.943380060e+00 0.000000000e+00 0.000000000e+00 1.000000000e+00 0.000000000e+00
-4.257792916e-01 9.048270525e-01 0.000000000e+00 -6.416006812e+00 -9.048270525e-01 -4.257792916e-01 0.000000000e+00 -4.071721736e+00 0.000000000e+00 0.000000000e+00 1.000000000e+00 0.000000000e+00
-3.681245527e-01 9.297764859e-01 0.000000000e+00 -6.156560487e+00 -9.297764859e-01 -3.681245527e-01 0.000000000e+00 -4.183994186e+00 0.000000000e+00 0.000000000e+00 1.000000000e+00 0.000000000e+00
-3.090169944e-01 9.510565163e-01 0.000000000e+00 -5.890576475e+00 -9.510565163e-01 -3.090169944e-01 0.000000000e+00 -4.279754323e+00 0.000000000e+00 0.000000000e+00 1.000000000e+00 0.000000000e+00
-2.486898872e-01 9.685831611e-01 0.000000000e+00 -5.619104492e+00 -9.685831611e-01 -2.486898872e-01 0.000000000e+00 -4.358624225e+00 0.000000000e+00 0.000000000e+00 1.000000000e+00 0.000000000e+00
-1.873813146e-01 9.822872507e-01 0.000000000e+00 -5.343215916e+00 -9.822872507e-01 -1.873813146e-01 0.000000000e+00 -4.420292628e+00 0.000000000e+00 0.000000000e+00 1.000000000e+00 0.000000000e+00
-1.253332336e-01 9.921147013e-01 0.000000000e+00 -5.063999551e+00 -9.921147013e-01 -1.253332336e-01 0.000000000e+00 -4.464516156e+00 0.000000000e+00 0.000000000e+00 1.000000000e+00 0.000000000e+00
-6.279051953e-02 9.980267284e-01 0.000000000e+00 -4.782557338e+00 -9.980267284e-01 -6.279051953e-02 0.000000000e+00 -4.491120278e+00 0.000000000e+00 0.000000000e+00 1.000000000e+00 0.000000000e+00
-1.836970199e-16 1.000000000e+00 0.000000000e+00 -4.500000000e+00 -1.000000000e+00 -1.836970199e-16 0.000000000e+00 -4.500000000e+00 0.000000000e+00 0.000000000e+00 1.000000000e+00 0.000000000e+00
6.279051953e-02 9.980267284e-01 0.000000000e+00 -4.217442662e+00 -9.980267284e-01 6.279051953e-02 0.000000000e+00 -4.491120278e+00 0.000000000e+00 0.000000000e+00 1.000000000e+00 0.000000000e+00
1.253332336e-01 9.921147013e-01 0.000000000e+00 -3.936000449e+00 -9.921147013e-01 1.253332336e-01 0.000000000e+00 -4.464516156e+00 0.000000000e+00 0.000000000e+00 1.000000000e+00 0.000000000e+00
1.873813146e-01 9.822872507e-01 0.000000000e+00 -3.656784084e+00 -9.822872507e-01 1.873813146e-01 0.000000000e+00 -4.420292628e+00 0.000000000e+00 0.000000000e+00 1.000000000e+00 0.000000000e+00
2.486898872e-01 9.685831611e-01 0.000000000e+00 -3.380895508e+00 -9.685831611e-01 2.486898872e-01 0.000000000e+00 -4.358624225e+00 0.000000000e+00 0.000000000e+00 1.000000000e+00 0.000000000e+00
3.090169944e-01 9.510565163e-01 0.000000000e+00 -3.109423525e+00 -9.510565163e-01 3.090169944e-01 0.000000000e+00 -4.279754323e+00 0.000000000e+00 0.000000000e+00 1.000000000e+00 0.000000000e+00
3.681245527e-01 9.297764859e-01 0.000000000e+00 -2.843439513e+00 -9.297764859e-01 3.681245527e-01 0.000000000e+00 -4.183994186e+00 0.000000000e+00 0.000000000e+00 1.000000000e+00 0.000000000e+00
4.257792916e-01 9.048270525e-01 0.000000000e+00 -2.583993188e+00 -9.048270525e-01 4.257792916e-01 0.000000000e+00 -4.071721736e+00 0.000000000e+00 0.000000000e+00 1.000000000e+00 0.000000000e+00
4.817536741e-01 8.763066800e-01 0.000000000e+00 -2.332108467e+00 -8.763066800e-01 4.817536741e-01 0.000000000e+00 -3.943380060e+00 0.000000000e+00 0.000000000e+00 1.000000000e+00 0.000000000e+00
5.358267950e-01 8.443279255e-01 0.000000000e+00 -2.088779423e+00 -8.443279255e-01 5.358267950e-01 0.000000000e+00 -3.799475665e+00 0.000000000e+00 0.000000000e+00 1.000000000e+00 0.000000000e+00
5.877852523e-01 8.090169944e-01 0.000000000e+00 -1.854966365e+00 -8.090169944e-01 5.877852523e-01 0.000000000e+00 -3.640576475e+00 0.000000000e+00 0.000000000e+00 1.000000000e+00 0.000000000e+00
6.374239897e-01 7.705132428e-01 0.000000000e+00 -1.631592046e+00 -7.705132428e-01 6.374239897e-01 0.000000000e+00 -3.467309592e+00 0.000000000e+00 0.000000000e+00 1.000000000e+00 0.000000000e+00
6.845471059e-01 7.289686274e-01 0.000000000e+00 -1.419538023e+00 -7.289686274e-01 6.845471059e-01 0.000000000e+00 -3.280358823e+00 0.000000000e+00 0.000000000e+00 1.000000000e+00 0.000000000e+00
7.289686274e-01 6.845471059e-01 0.000000000e+00 -1.219641177e+00 -6.845471059e-01 7.289686274e-01 0.000000000e+00 -3.080461977e+00 0.000000000e+00 0.000000000e+00 1.000000000e+00 0.000000000e+00
7.705132428e-01 6.374239897e-01 0.000000000e+00 -1.032690408e+00 -6.374239897e-01 7.705132428e-01 0.000000000e+00 -2.868407954e+00 0.000000000e+00 0.000000000e+00 1.000000000e+00 0.000000000e+00
8.090169944e-01 5.877852523e-01 0.000000000e+00 -8.594235253e-01 -5.877852523e-01 8.090169944e-01 0.000000000e+00 -2.645033635e+00 0.000000000e+00 0.000000000e+00 1.000000000e+00 0.000000000e+00
8.443279255e-01 5.358267950e-01 0.000000000e+00 -7.005243352e-01 -5.358267950e-01 8.443279255e-01 0.000000000e+00 -2.411220577e+00 0.000000000e+00 0.000000000e+00 1.000000000e+00 0.000000000e+00
8.763066800e-01 4.817536741e-01 0.000000000e+00 -5.566199398e-01 -4.817536741e-01 8.763066800e-01 0.000000000e+00 -2.167891533e+00 0.000000000e+00 0.000000000e+00 1.000000000e+00 0.000000000e+00
9.048270525e-01 4.257792916e-01 0.000000000e+00 -4.282782639e-01 -4.257792916e-01 9.048270525e-01 0.000000000e+00 -1.916006812e+00 0.000000000e+00 0.000000000e+00 1.000000000e+00 0.000000000e+00
9.297764859e-01 3.681245527e-01 0.000000000e+00 -3.160058135e-01 -3.681245527e-01 9.297764859e-01 0.000000000e+00 -1.656560487e+00 0.000000000e+00 0.000000000e+00 1.000000000e+00 0.000000000e+00
9.510565163e-01 3.090169944e-01 0.000000000e+00 -2.202456767e-01 -3.090169944e-01 9.510565163e-01 0.000000000e+00 -1.390576475e+00 0.000000000e+00 0.000000000e+00 1.000000000e+00 0.000000000e+00
9.685831611e-01 2.486898872e-01 0.000000000e+00 -1.413757749e-01 -2.486898872e-01 9.685831611e-01 0.000000000e+00 -1.119104492e+00 0.000000000e+00 0.000000000e+00 1.000000000e+00 0.000000000e+00
9.822872507e-01 1.873813146e-01 0.000000000e+00 -7.970737172e-02 -1.873813146e-01 9.822872507e-01 0.000000000e+00 -8.432159156e-01 0.000000000e+00 0.000000000e+00 1.000000000e+00 0.000000000e+00
9.921147013e-01 1.253332336e-01 0.000000000e+00 -3.548384408e-02 -1.253332336e-01 9.921147013e-01 0.000000000e+00 -5.639995510e-01 0.000000000e+00 0.000000000e+00 1.000000000e+00 0.000000000e+00
9.980267284e-01 6.279051953e-02 0.000000000e+00 -8.879722073e-03 -6.279051953e-02 9.980267284e-01 0.000000000e+00 -2.825573379e-01 0.000000000e+00 0.000000000e+00 1.000000000e+00 0.000000000e+00
1.000000000e+00 -6.432490599e-16 0.000000000e+00 0.000000000e+00 6.432490599e-16 1.000000000e+00 0.000000000e+00 2.894620769e-15 0.000000000e+00 0.000000000e+00 1.000000000e+00 0.000000000e+00
9.980267284e-01 -6.279051953e-02 0.000000000e+00 -8.879722073e-03 6.279051953e-02 9.980267284e-01 0.000000000e+00 2.825573379e-01 0.000000000e+00 0.000000000e+00 1.000000000e+00 0.000000000e+00
9.921147013e-01 -1.253332336e-01 0.000000000e+00 -3.548384408e-02 1.253332336e-01 9.921147013e-01 0.000000000e+00 5.639995510e-01 0.000000000e+00 0.000000000e+00 1.000000000e+00 0.000000000e+00
9.822872507e-01 -1.873813146e-01 0.000000000e+00 -7.970737172e-02 1.873813146e-01 9.822872507e-01 0.000000000e+00 8.432159156e-01 0.000000000e+00 0.000000000e+00 1.000000000e+00 0.000000000e+00
9.685831611e-01 -2.486898872e-01 0.000000000e+00 -1.413757749e-01 2.486898872e-01 9.685831611e-01 0.000000000e+00 1.119104492e+00 0.000000000e+00 0.000000000e+00 1.000000000e+00 0.000000000e+00
9.510565163e-01 -3.090169944e-01 0.000000000e+00 -2.202456767e-01 3.090169944e-01 9.510565163e-01 0.000000000e+00 1.390576475e+00 0.000000000e+00 0.000000000e+00 1.000000000e+00 0.000000000e+00
9.297764859e-01 -3.681245527e-01 0.000000000e+00 -3.160058135e-01 3.681245527e-01 9.297764859e-01 0.000000000e+00 1.656560487e+00 0.000000000e+00 0.000000000e+00 1.000000000e+00 0.000000000e+00
9.048270525e-01 -4.257792916e-01 0.000000000e+00 -4.282782639e-01 4.257792916e-01 9.048270525e-01 0.000000000e+00 1.916006812e+00 0.000000000e+00 0.000000000e+00 1.000000000e+00 0.000000000e+00
8.763066800e-01 -4.817536741e-01 0.000000000e+00 -5.566199398e-01 4.817536741e-01 8.763066800e-01 0.000000000e+00 2.167891533e+00 0.000000000e+00 0.000000000e+00 1.000000000e+00 0.000000000e+00
8.443279255e-01 -5.358267950e-01 0.000000000e+00 -7.005243352e-01 5.358267950e-01 8.443279255e-01 0.000000000e+00 2.411220577e+00 0.000000000e+00 0.000000000e+00 1.000000000e+00 0.000000000e+00
8.090169944e-01 -5.877852523e-01 0.000000000e+00 -8.594235253e-01 5.877852523e-01 8.090169944e-01 0.000000000e+00 2.645033635e+00 0.000000000e+00 0.000000000e+00 1.000000000e+00 0.000000000e+00
7.705132428e-01 -6.374239897e-01 0.000000000e+00 -1.032690408e+00 6.374239897e-01 7.705132428e-01 0.000000000e+00 2.868407954e+00 0.000000000e+00 0.000000000e+00 1.000000000e+00 0.000000000e+00
7.289686274e-01 -6.845471059e-01 0.000000000e+00 -1.219641177e+00 6.845471059e-01 7.289686274e-01 0.000000000e+00 3.080461977e+00 0.000000000e+00 0.000000000e+00 1.000000000e+00 0.000000000e+00
6.845471059e-01 -7.289686274e-01 0.000000000e+00 -1.419538023e+00 7.289686274e-01 6.845471059e-01 0.000000000e+00 3.280358823e+00 0.000000000e+00 0.000000000e+00 1.000000000e+00 0.000000000e+00
6.374239897e-01 -7.705132428e-01 0.000000000e+00 -1.631592046e+00 7.705132428e-01 6.374239897e-01 0.000000000e+00 3.467309592e+00 0.000000000e+00 0.000000000e+00 1.000000000e+00 0.000000000e+00
5.877852523e-01 -8.090169944e-01 0.000000000e+00 -1.854966365e+00 8.090169944e-01 5.877852523e-01 0.000000000e+00 3.640576475e+00 0.000000000e+00 0.000000000e+00 1.000000000e+00 0.000000000e+00
5.358267950e-01 -8.443279255e-01 0.000000000e+00 -2.088779423e+00 8.443279255e-01 5.358267950e-01 0.000000000e+00 3.799475665e+00 0.000000000e+00 0.000000000e+00 1.000000000e+00 0.000000000e+00
4.817536741e-01 -8.763066800e-01 0.000000000e+00 -2.332108467e+00 8.763066800e-01 4.817536741e-01 0.000000000e+00 3.943380060e+00 0.000000000e+00 0.000000000e+00 1.000000000e+00 0.000000000e+00
4.257792916e-01 -9.048270525e-01 0.000000000e+00 -2.583993188e+00 9.048270525e-01 4.257792916e-01 0.000000000e+00 4.071721736e+00 0.000000000e+00 0.000000000e+00 1.000000000e+00 0.000000000e+00
3.681245527e-01 -9.297764859e-01 0.000000000e+00 -2.843439513e+00 9.297764859e-01 3.681245527e-01 0.000000000e+00 4.183994186e+00 0.000000000e+00 0.000000000e+00 1.000000000e+00 0.000000000e+00
3.090169944e-01 -9.510565163e-01 0.000000000e+00 -3.109423525e+00 9.510565163e-01 3.090169944e-01 0.000000000e+00 4.279754323e+00 0.000000000e+00 0.000000000e+00 1.000000000e+00 0.000000000e+00
2.486898872e-01 -9.685831611e-01 0.000000000e+00 -3.380895508e+00 9.685831611e-01 2.486898872e-01 0.000000000e+00 4.358624225e+00 0.000000000e+00 0.000000000e+00 1.000000000e+00 0.000000000e+00
1.873813146e-01 -9.822872507e-01 0.000000000e+00 -3.656784084e+00 9.822872507e-01 1.873813146e-01 0.000000000e+00 4.420292628e+00 0.000000000e+00 0.000000000e+00 1.000000000e+00 0.000000000e+00
1.253332336e-01 -9.921147013e-01 0.000000000e+00 -3.936000449e+00 9.921147013e-01 1.253332336e-01 0.000000000e+00 4.464516156e+00 0.000000000e+00 0.000000000e+00 1.000000000e+00 0.000000000e+00
6.279051953e-02 -9.980267284e-01 0.000000000e+00 -4.217442662e+00 9.980267284e-01 6.279051953e-02 0.000000000e+00 4.491120278e+00 0.000000000e+00 0.000000000e+00 1.000000000e+00 0.000000000e+00
3.061616998e-16 -1.000000000e+00 0.000000000e+00 -4.500000000e+00 1.000000000e+00 3.061616998e-16 0.000000000e+00 4.500000000e+00 0.000000000e+00 0.000000000e+00 1.000000000e+00 0.000000000e+00
