1.000000000e+00 5.240776030e-18 0.000000000e+00 0.000000000e+00 5.240776030e-18 1.000000000e+00 0.000000000e+00 -5.551115123e-17 0.000000000e+00 0.000000000e+00 1.000000000e+00 0.000000000e+00
9.969562740e-01 -7.796273240e-02 0.000000000e+00 0.000000000e+00 7.796273240e-02 9.969562740e-01 0.000000000e+00 3.136940613e-01 0.000000000e+00 0.000000000e+00 1.000000000e+00 0.000000000e+00
9.729113111e-01 -2.311786771e-01 0.000000000e+00 -4.869773201e-02 2.311786771e-01 9.729113111e-01 0.000000000e+00 6.227271410e-01 0.000000000e+00 0.000000000e+00 1.000000000e+00 0.000000000e+00
9.263999493e-01 -3.765410124e-01 0.000000000e+00 -1.438320948e-01 3.765410124e-01 9.263999493e-01 0.000000000e+00 9.190088495e-01 0.000000000e+00 0.000000000e+00 1.000000000e+00 0.000000000e+00
8.601488339e-01 -5.100431194e-01 0.000000000e+00 -2.814603044e-01 5.100431194e-01 8.601488339e-01 0.000000000e+00 1.195390485e+00 0.000000000e+00 0.000000000e+00 1.000000000e+00 0.000000000e+00
7.776820626e-01 -6.286577842e-01 0.000000000e+00 -4.563517021e-01 6.286577842e-01 7.776820626e-01 0.000000000e+00 1.446049340e+00 0.000000000e+00 0.000000000e+00 1.000000000e+00 0.000000000e+00
6.829526947e-01 -7.304626047e-01 0.000000000e+00 -6.624587521e-01 7.304626047e-01 6.829526947e-01 0.000000000e+00 1.666705191e+00 0.000000000e+00 0.000000000e+00 1.000000000e+00 0.000000000e+00
5.799846301e-01 -8.146274172e-01 0.000000000e+00 -8.933943509e-01 8.146274172e-01 5.799846301e-01 0.000000000e+00 1.854666363e+00 0.000000000e+00 0.000000000e+00 1.000000000e+00 0.000000000e+00
4.725728094e-01 -8.812916315e-01 0.000000000e+00 -1.142856625e+00 8.812916315e-01 4.725728094e-01 0.000000000e+00 2.008730731e+00 0.000000000e+00 0.000000000e+00 1.000000000e+00 0.000000000e+00
3.640687065e-01 -9.313720937e-01 0.000000000e+00 -1.404963381e+00 9.313720937e-01 3.640687065e-01 0.000000000e+00 2.128983745e+00 0.000000000e+00 0.000000000e+00 1.000000000e+00 0.000000000e+00
2.572570678e-01 -9.663430038e-01 0.000000000e+00 -1.674481067e+00 9.663430038e-01 2.572570678e-01 0.000000000e+00 2.216540074e+00 0.000000000e+00 0.000000000e+00 1.000000000e+00 0.000000000e+00
1.543139050e-01 -9.880218716e-01 0.000000000e+00 -1.946951890e+00 9.880218716e-01 1.543139050e-01 0.000000000e+00 2.273270374e+00 0.000000000e+00 0.000000000e+00 1.000000000e+00 0.000000000e+00
5.682685542e-02 -9.983840486e-01 0.000000000e+00 -2.218735031e+00 9.983840486e-01 5.682685542e-02 0.000000000e+00 2.301544219e+00 0.000000000e+00 0.000000000e+00 1.000000000e+00 0.000000000e+00
-3.414344559e-02 -9.994169426e-01 0.000000000e+00 -2.486983434e+00 9.994169426e-01 -3.414344559e-02 0.000000000e+00 2.304008340e+00 0.000000000e+00 0.000000000e+00 1.000000000e+00 0.000000000e+00
-1.179803298e-01 -9.930159323e-01 0.000000000e+00 -2.749578036e+00 9.930159323e-01 -1.179803298e-01 0.000000000e+00 2.283408836e+00 0.000000000e+00 0.000000000e+00 1.000000000e+00 0.000000000e+00
-1.944214749e-01 -9.809180853e-01 0.000000000e+00 -3.005038410e+00 9.809180853e-01 -1.944214749e-01 0.000000000e+00 2.242458172e+00 0.000000000e+00 0.000000000e+00 1.000000000e+00 0.000000000e+00
-2.634729526e-01 -9.646667835e-01 0.000000000e+00 -3.252424526e+00 9.646667835e-01 -2.634729526e-01 0.000000000e+00 2.183742862e+00 0.000000000e+00 0.000000000e+00 1.000000000e+00 0.000000000e+00
-3.253329044e-01 -9.455995460e-01 0.000000000e+00 -3.491239827e+00 9.455995460e-01 -3.253329044e-01 0.000000000e+00 2.109665249e+00 0.000000000e+00 0.000000000e+00 1.000000000e+00 0.000000000e+00
-3.803275016e-01 -9.248518755e-01 0.000000000e+00 -3.721341989e+00 9.248518755e-01 -3.803275016e-01 0.000000000e+00 2.022412116e+00 0.000000000e+00 0.000000000e+00 1.000000000e+00 0.000000000e+00
-4.288595930e-01 -9.033711582e-01 0.000000000e+00 -3.942864664e+00 9.033711582e-01 -4.288595930e-01 0.000000000e+00 1.923943242e+00 0.000000000e+00 0.000000000e+00 1.000000000e+00 0.000000000e+00
-4.713690985e-01 -8.819360368e-01 0.000000000e+00 -4.156151394e+00 8.819360368e-01 -4.713690985e-01 0.000000000e+00 1.815993987e+00 0.000000000e+00 0.000000000e+00 1.000000000e+00 0.000000000e+00
-5.083035337e-01 -8.611779826e-01 0.000000000e+00 -4.361701507e+00 8.611779826e-01 -5.083035337e-01 0.000000000e+00 1.700087161e+00 0.000000000e+00 0.000000000e+00 1.000000000e+00 0.000000000e+00
-5.400968349e-01 -8.416028807e-01 0.000000000e+00 -4.560126988e+00 8.416028807e-01 -5.400968349e-01 0.000000000e+00 1.577550569e+00 0.000000000e+00 0.000000000e+00 1.000000000e+00 0.000000000e+00
-5.671547059e-01 -8.236112794e-01 0.000000000e+00 -4.752118959e+00 8.236112794e-01 -5.671547059e-01 0.000000000e+00 1.449537602e+00 0.000000000e+00 0.000000000e+00 1.000000000e+00 0.000000000e+00
-5.898449033e-01 -8.075165571e-01 0.000000000e+00 -4.938422282e+00 8.075165571e-01 -5.898449033e-01 0.000000000e+00 1.317049090e+00 0.000000000e+00 0.000000000e+00 1.000000000e+00 0.000000000e+00
-6.084911334e-01 -7.935606723e-01 0.000000000e+00 -5.119816823e+00 7.935606723e-01 -6.084911334e-01 0.000000000e+00 1.180955232e+00 0.000000000e+00 0.000000000e+00 1.000000000e+00 0.000000000e+00
-6.233694848e-01 -7.819274170e-01 0.000000000e+00 -5.297104079e+00 7.819274170e-01 -6.233694848e-01 0.000000000e+00 1.042016946e+00 0.000000000e+00 0.000000000e+00 1.000000000e+00 0.000000000e+00
-6.347065621e-01 -7.727532465e-01 0.000000000e+00 -5.471098013e+00 7.727532465e-01 -6.347065621e-01 0.000000000e+00 9.009062531e-01 0.000000000e+00 0.000000000e+00 1.000000000e+00 0.000000000e+00
-6.426786849e-01 -7.661358287e-01 0.000000000e+00 -5.642619112e+00 7.661358287e-01 -6.426786849e-01 0.000000000e+00 7.582256324e-01 0.000000000e+00 0.000000000e+00 1.000000000e+00 0.000000000e+00
-6.474116855e-01 -7.621404788e-01 0.000000000e+00 -5.812490827e+00 7.621404788e-01 -6.474116855e-01 0.000000000e+00 6.145263765e-01 0.000000000e+00 0.000000000e+00 1.000000000e+00 0.000000000e+00
-6.489809790e-01 -7.608046325e-01 0.000000000e+00 -5.981537706e+00 7.608046325e-01 -6.489809790e-01 0.000000000e+00 4.703261385e-01 0.000000000e+00 0.000000000e+00 1.000000000e+00 0.000000000e+00
-6.474116855e-01 -7.621404788e-01 0.000000000e+00 -6.150584585e+00 7.621404788e-01 -6.474116855e-01 0.000000000e+00 3.261259005e-01 0.000000000e+00 0.000000000e+00 1.000000000e+00 0.000000000e+00
-6.426786849e-01 -7.661358287e-01 0.000000000e+00 -6.320456300e+00 7.661358287e-01 -6.426786849e-01 0.000000000e+00 1.824266445e-01 0.000000000e+00 0.000000000e+00 1.000000000e+00 0.000000000e+00
-6.347065621e-01 -7.727532465e-01 0.000000000e+00 -6.491977398e+00 7.727532465e-01 -6.347065621e-01 0.000000000e+00 3.974602382e-02 0.000000000e+00 0.000000000e+00 1.000000000e+00 0.000000000e+00
-6.233694848e-01 -7.819274170e-01 0.000000000e+00 -6.665971332e+00 7.819274170e-01 -6.233694848e-01 0.000000000e+00 -1.013646687e-01 0.000000000e+00 0.000000000e+00 1.000000000e+00 0.000000000e+00
-6.084911334e-01 -7.935606723e-01 0.000000000e+00 -6.843258588e+00 7.935606723e-01 -6.084911334e-01 0.000000000e+00 -2.403029552e-01 0.000000000e+00 0.000000000e+00 1.000000000e+00 0.000000000e+00
-5.898449033e-01 -8.075165571e-01 0.000000000e+00 -7.024653129e+00 8.075165571e-01 -5.898449033e-01 0.000000000e+00 -3.763968126e-01 0.000000000e+00 0.000000000e+00 1.000000000e+00 0.000000000e+00
-5.671547059e-01 -8.236112794e-01 0.000000000e+00 -7.210956452e+00 8.236112794e-01 -5.671547059e-01 0.000000000e+00 -5.088853254e-01 0.000000000e+00 0.000000000e+00 1.000000000e+00 0.000000000e+00
-5.400968349e-01 -8.416028807e-01 0.000000000e+00 -7.402948424e+00 8.416028807e-01 -5.400968349e-01 0.000000000e+00 -6.368982917e-01 0.000000000e+00 0.000000000e+00 1.000000000e+00 0.000000000e+00
-5.083035337e-01 -8.611779826e-01 0.000000000e+00 -7.601373904e+00 8.611779826e-01 -5.083035337e-01 0.000000000e+00 -7.594348837e-01 0.000000000e+00 0.000000000e+00 1.000000000e+00 0.000000000e+00
-4.713690985e-01 -8.819360368e-01 0.000000000e+00 -7.806924017e+00 8.819360368e-01 -4.713690985e-01 0.000000000e+00 -8.753417096e-01 0.000000000e+00 0.000000000e+00 1.000000000e+00 0.000000000e+00
-4.288595930e-01 -9.033711582e-01 0.000000000e+00 -8.020210748e+00 9.033711582e-01 -4.288595930e-01 0.000000000e+00 -9.832909653e-01 0.000000000e+00 0.000000000e+00 1.000000000e+00 0.000000000e+00
-3.803275016e-01 -9.248518755e-01 0.000000000e+00 -8.241733422e+00 9.248518755e-01 -3.803275016e-01 0.000000000e+00 -1.081759839e+00 0.000000000e+00 0.000000000e+00 1.000000000e+00 0.000000000e+00
-3.253329044e-01 -9.455995460e-01 0.000000000e+00 -8.471835585e+00 9.455995460e-01 -3.253329044e-01 0.000000000e+00 -1.169012972e+00 0.000000000e+00 0.000000000e+00 1.000000000e+00 0.000000000e+00
-2.634729526e-01 -9.646667835e-01 0.000000000e+00 -8.710650885e+00 9.646667835e-01 -2.634729526e-01 0.000000000e+00 -1.243090585e+00 0.000000000e+00 0.000000000e+00 1.000000000e+00 0.000000000e+00
-1.944214749e-01 -9.809180853e-01 0.000000000e+00 -8.958037001e+00 9.809180853e-01 -1.944214749e-01 0.000000000e+00 -1.301805895e+00 0.000000000e+00 0.000000000e+00 1.000000000e+00 0.000000000e+00
-1.179803298e-01 -9.930159323e-01 0.000000000e+00 -9.213497375e+00 9.930159323e-01 -1.179803298e-01 0.000000000e+00 -1.342756559e+00 0.000000000e+00 0.000000000e+00 1.000000000e+00 0.000000000e+00
-3.414344559e-02 -9.994169426e-01 0.000000000e+00 -9.476091977e+00 9.994169426e-01 -3.414344559e-02 0.000000000e+00 -1.363356063e+00 0.000000000e+00 0.000000000e+00 1.000000000e+00 0.000000000e+00
5.682685542e-02 -9.983840486e-01 0.000000000e+00 -9.744340380e+00 9.983840486e-01 5.682685542e-02 0.000000000e+00 -1.360891942e+00 0.000000000e+00 0.000000000e+00 1.000000000e+00 0.000000000e+00
1.543139050e-01 -9.880218716e-01 0.000000000e+00 -1.001612352e+01 9.880218716e-01 1.543139050e-01 0.000000000e+00 -1.332618097e+00 0.000000000e+00 0.000000000e+00 1.000000000e+00 0.000000000e+00
2.572570678e-01 -9.663430038e-01 0.000000000e+00 -1.028859434e+01 9.663430038e-01 2.572570678e-01 0.000000000e+00 -1.275887797e+00 0.000000000e+00 0.000000000e+00 1.000000000e+00 0.000000000e+00
3.640687065e-01 -9.313720937e-01 0.000000000e+00 -1.055811203e+01 9.313720937e-01 3.640687065e-01 0.000000000e+00 -1.188331468e+00 0.000000000e+00 0.000000000e+00 1.000000000e+00 0.000000000e+00
4.725728094e-01 -8.812916315e-01 0.000000000e+00 -1.082021879e+01 8.812916315e-01 4.725728094e-01 0.000000000e+00 -1.068078454e+00 0.000000000e+00 0.000000000e+00 1.000000000e+00 0.000000000e+00
5.799846301e-01 -8.146274172e-01 0.000000000e+00 -1.106968106e+01 8.146274172e-01 5.799846301e-01 0.000000000e+00 -9.140140856e-01 0.000000000e+00 0.000000000e+00 1.000000000e+00 0.000000000e+00
6.829526947e-01 -7.304626047e-01 0.000000000e+00 -1.130061666e+01 7.304626047e-01 6.829526947e-01 0.000000000e+00 -7.260529138e-01 0.000000000e+00 0.000000000e+00 1.000000000e+00 0.000000000e+00
7.776820626e-01 -6.286577842e-01 0.000000000e+00 -1.150672371e+01 6.286577842e-01 7.776820626e-01 0.000000000e+00 -5.053970630e-01 0.000000000e+00 0.000000000e+00 1.000000000e+00 0.000000000e+00
8.601488339e-01 -5.100431194e-01 0.000000000e+00 -1.168161511e+01 5.100431194e-01 8.601488339e-01 0.000000000e+00 -2.547382079e-01 0.000000000e+00 0.000000000e+00 1.000000000e+00 0.000000000e+00
9.263999493e-01 -3.765410124e-01 0.000000000e+00 -1.181924332e+01 3.765410124e-01 9.263999493e-01 0.000000000e+00 2.164342744e-02 0.000000000e+00 0.000000000e+00 1.000000000e+00 0.000000000e+00
9.729113111e-01 -2.311786771e-01 0.000000000e+00 -1.191437768e+01 2.311786771e-01 9.729113111e-01 0.000000000e+00 3.179251359e-01 0.000000000e+00 0.000000000e+00 1.000000000e+00 0.000000000e+00
9.969562740e-01 -7.796273240e-02 0.000000000e+00 -1.196307541e+01 7.796273240e-02 9.969562740e-01 0.000000000e+00 6.269582157e-01 0.000000000e+00 0.000000000e+00 1.000000000e+00 0.000000000e+00
9.969229509e-01 7.838768975e-02 0.000000000e+00 -1.196307541e+01 -7.838768975e-02 9.969229509e-01 0.000000000e+00 9.406522769e-01 0.000000000e+00 0.000000000e+00 1.000000000e+00 0.000000000e+00
9.725193921e-01 2.328218891e-01 0.000000000e+00 -1.191404723e+01 -2.328218891e-01 9.725193921e-01 0.000000000e+00 1.250491270e+00 0.000000000e+00 0.000000000e+00 1.000000000e+00 0.000000000e+00
9.248233483e-01 3.803968644e-01 0.000000000e+00 -1.181764826e+01 -3.803968644e-01 9.248233483e-01 0.000000000e+00 1.548115449e+00 0.000000000e+00 0.000000000e+00 1.000000000e+00 0.000000000e+00
8.561644650e-01 5.167034052e-01 0.000000000e+00 -1.167737628e+01 -5.167034052e-01 8.561644650e-01 0.000000000e+00 1.825887242e+00 0.000000000e+00 0.000000000e+00 1.000000000e+00 0.000000000e+00
7.698620854e-01 6.382102862e-01 0.000000000e+00 -1.149824291e+01 -6.382102862e-01 7.698620854e-01 0.000000000e+00 2.077362030e+00 0.000000000e+00 0.000000000e+00 1.000000000e+00 0.000000000e+00
6.698701310e-01 7.424782877e-01 0.000000000e+00 -1.128632458e+01 -7.424782877e-01 6.698701310e-01 0.000000000e+00 2.297606176e+00 0.000000000e+00 0.000000000e+00 1.000000000e+00 0.000000000e+00
5.603935387e-01 8.282264677e-01 0.000000000e+00 -1.104826348e+01 -8.282264677e-01 5.603935387e-01 0.000000000e+00 2.483337246e+00 0.000000000e+00 0.000000000e+00 1.000000000e+00 0.000000000e+00
4.455365066e-01 8.952637719e-01 0.000000000e+00 -1.079078889e+01 -8.952637719e-01 4.455365066e-01 0.000000000e+00 2.632894903e+00 0.000000000e+00 0.000000000e+00 1.000000000e+00 0.000000000e+00
3.290255494e-01 9.443210195e-01 0.000000000e+00 -1.052031315e+01 -9.443210195e-01 3.290255494e-01 0.000000000e+00 2.746076733e+00 0.000000000e+00 0.000000000e+00 1.000000000e+00 0.000000000e+00
2.140276572e-01 9.768276009e-01 0.000000000e+00 -1.024263279e+01 -9.768276009e-01 2.140276572e-01 0.000000000e+00 2.823886483e+00 0.000000000e+00 0.000000000e+00 1.000000000e+00 0.000000000e+00
1.030629469e-01 9.946748358e-01 0.000000000e+00 -9.962742837e+00 -9.946748358e-01 1.030629469e-01 0.000000000e+00 2.868243088e+00 0.000000000e+00 0.000000000e+00 1.000000000e+00 0.000000000e+00
-2.003375291e-03 9.999979932e-01 0.000000000e+00 -9.684753932e+00 -9.999979932e-01 -2.003375291e-03 0.000000000e+00 2.881690940e+00 0.000000000e+00 0.000000000e+00 1.000000000e+00 0.000000000e+00
-9.991191668e-02 9.949962859e-01 0.000000000e+00 -9.411891801e+00 -9.949962859e-01 -9.991191668e-02 0.000000000e+00 2.867139525e+00 0.000000000e+00 0.000000000e+00 1.000000000e+00 0.000000000e+00
-1.899256941e-01 9.817984675e-01 0.000000000e+00 -9.146554847e+00 -9.817984675e-01 -1.899256941e-01 0.000000000e+00 2.827648023e+00 0.000000000e+00 0.000000000e+00 1.000000000e+00 0.000000000e+00
-2.717318521e-01 9.623730049e-01 0.000000000e+00 -8.890406896e+00 -9.623730049e-01 -2.717318521e-01 0.000000000e+00 2.766259980e+00 0.000000000e+00 0.000000000e+00 1.000000000e+00 0.000000000e+00
-3.453427837e-01 9.384766176e-01 0.000000000e+00 -8.644486242e+00 -9.384766176e-01 -3.453427837e-01 0.000000000e+00 2.685885908e+00 0.000000000e+00 0.000000000e+00 1.000000000e+00 0.000000000e+00
-4.110057055e-01 9.116327715e-01 0.000000000e+00 -8.409317109e+00 -9.116327715e-01 -4.110057055e-01 0.000000000e+00 2.589227454e+00 0.000000000e+00 0.000000000e+00 1.000000000e+00 0.000000000e+00
-4.691253690e-01 8.831315803e-01 0.000000000e+00 -8.185014482e+00 -8.831315803e-01 -4.691253690e-01 0.000000000e+00 2.478735046e+00 0.000000000e+00 0.000000000e+00 1.000000000e+00 0.000000000e+00
-5.202014082e-01 8.540436142e-01 0.000000000e+00 -7.971377157e+00 -8.540436142e-01 -5.202014082e-01 0.000000000e+00 2.356590839e+00 0.000000000e+00 0.000000000e+00 1.000000000e+00 0.000000000e+00
-5.647797910e-01 8.252416541e-01 0.000000000e+00 -7.767966825e+00 -8.252416541e-01 -5.647797910e-01 0.000000000e+00 2.224709637e+00 0.000000000e+00 0.000000000e+00 1.000000000e+00 0.000000000e+00
-6.034167272e-01 7.974260175e-01 0.000000000e+00 -7.574172940e+00 -7.974260175e-01 -6.034167272e-01 0.000000000e+00 2.084751780e+00 0.000000000e+00 0.000000000e+00 1.000000000e+00 0.000000000e+00
-6.366529275e-01 7.711504717e-01 0.000000000e+00 -7.389264309e+00 -7.711504717e-01 -6.366529275e-01 0.000000000e+00 1.938143325e+00 0.000000000e+00 0.000000000e+00 1.000000000e+00 0.000000000e+00
-6.649960617e-01 7.468468637e-01 0.000000000e+00 -7.212428939e+00 -7.468468637e-01 -6.649960617e-01 0.000000000e+00 1.786100108e+00 0.000000000e+00 0.000000000e+00 1.000000000e+00 0.000000000e+00
-6.889094506e-01 7.248474108e-01 0.000000000e+00 -7.042803934e+00 -7.248474108e-01 -6.889094506e-01 0.000000000e+00 1.629653330e+00 0.000000000e+00 0.000000000e+00 1.000000000e+00 0.000000000e+00
-7.088053103e-01 7.054041622e-01 0.000000000e+00 -6.879497164e+00 -7.054041622e-01 -7.088053103e-01 0.000000000e+00 1.469675103e+00 0.000000000e+00 0.000000000e+00 1.000000000e+00 0.000000000e+00
-7.250411852e-01 6.887055102e-01 0.000000000e+00 -6.721602342e+00 -6.887055102e-01 -7.250411852e-01 0.000000000e+00 1.306903046e+00 0.000000000e+00 0.000000000e+00 1.000000000e+00 0.000000000e+00
-7.379184966e-01 6.748898372e-01 0.000000000e+00 -6.568208893e+00 -6.748898372e-01 -7.379184966e-01 0.000000000e+00 1.141963456e+00 0.000000000e+00 0.000000000e+00 1.000000000e+00 0.000000000e+00
-7.476823913e-01 6.640565049e-01 0.000000000e+00 -6.418407825e+00 -6.640565049e-01 -7.476823913e-01 0.000000000e+00 9.753928797e-01 0.000000000e+00 0.000000000e+00 1.000000000e+00 0.000000000e+00
-7.545222866e-01 6.562744235e-01 0.000000000e+00 -6.271294573e+00 -6.562744235e-01 -7.545222866e-01 0.000000000e+00 8.076581557e-01 0.000000000e+00 0.000000000e+00 1.000000000e+00 0.000000000e+00
-7.585726771e-01 6.515884388e-01 0.000000000e+00 -6.125969640e+00 -6.515884388e-01 -7.585726771e-01 0.000000000e+00 6.391751017e-01 0.000000000e+00 0.000000000e+00 1.000000000e+00 0.000000000e+00
-7.599139018e-01 6.500237395e-01 0.000000000e+00 -5.981537706e+00 -6.500237395e-01 -7.599139018e-01 0.000000000e+00 4.703261385e-01 0.000000000e+00 0.000000000e+00 1.000000000e+00 0.000000000e+00
-7.585726771e-01 6.515884388e-01 0.000000000e+00 -5.837105772e+00 -6.515884388e-01 -7.585726771e-01 0.000000000e+00 3.014771752e-01 0.000000000e+00 0.000000000e+00 1.000000000e+00 0.000000000e+00
-7.545222866e-01 6.562744235e-01 0.000000000e+00 -5.691780838e+00 -6.562744235e-01 -7.545222866e-01 0.000000000e+00 1.329941212e-01 0.000000000e+00 0.000000000e+00 1.000000000e+00 0.000000000e+00
-7.476823913e-01 6.640565049e-01 0.000000000e+00 -5.544667586e+00 -6.640565049e-01 -7.476823913e-01 0.000000000e+00 -3.474060280e-02 0.000000000e+00 0.000000000e+00 1.000000000e+00 0.000000000e+00
-7.379184966e-01 6.748898372e-01 0.000000000e+00 -5.394866518e+00 -6.748898372e-01 -7.379184966e-01 0.000000000e+00 -2.013111788e-01 0.000000000e+00 0.000000000e+00 1.000000000e+00 0.000000000e+00
-7.250411852e-01 6.887055102e-01 0.000000000e+00 -5.241473069e+00 -6.887055102e-01 -7.250411852e-01 0.000000000e+00 -3.662507691e-01 0.000000000e+00 0.000000000e+00 1.000000000e+00 0.000000000e+00
-7.088053103e-01 7.054041622e-01 0.000000000e+00 -5.083578247e+00 -7.054041622e-01 -7.088053103e-01 0.000000000e+00 -5.290228259e-01 0.000000000e+00 0.000000000e+00 1.000000000e+00 0.000000000e+00
-6.889094506e-01 7.248474108e-01 0.000000000e+00 -4.920271477e+00 -7.248474108e-01 -6.889094506e-01 0.000000000e+00 -6.890010535e-01 0.000000000e+00 0.000000000e+00 1.000000000e+00 0.000000000e+00
-6.649960617e-01 7.468468637e-01 0.000000000e+00 -4.750646472e+00 -7.468468637e-01 -6.649960617e-01 0.000000000e+00 -8.454478314e-01 0.000000000e+00 0.000000000e+00 1.000000000e+00 0.000000000e+00
-6.366529275e-01 7.711504717e-01 0.000000000e+00 -4.573811103e+00 -7.711504717e-01 -6.366529275e-01 0.000000000e+00 -9.974910477e-01 0.000000000e+00 0.000000000e+00 1.000000000e+00 0.000000000e+00
-6.034167272e-01 7.974260175e-01 0.000000000e+00 -4.388902471e+00 -7.974260175e-01 -6.034167272e-01 0.000000000e+00 -1.144099503e+00 0.000000000e+00 0.000000000e+00 1.000000000e+00 0.000000000e+00
-5.647797910e-01 8.252416541e-01 0.000000000e+00 -4.195108586e+00 -8.252416541e-01 -5.647797910e-01 0.000000000e+00 -1.284057360e+00 0.000000000e+00 0.000000000e+00 1.000000000e+00 0.000000000e+00
-5.202014082e-01 8.540436142e-01 0.000000000e+00 -3.991698254e+00 -8.540436142e-01 -5.202014082e-01 0.000000000e+00 -1.415938562e+00 0.000000000e+00 0.000000000e+00 1.000000000e+00 0.000000000e+00
-4.691253690e-01 8.831315803e-01 0.000000000e+00 -3.778060929e+00 -8.831315803e-01 -4.691253690e-01 0.000000000e+00 -1.538082769e+00 0.000000000e+00 0.000000000e+00 1.000000000e+00 0.000000000e+00
-4.110057055e-01 9.116327715e-01 0.000000000e+00 -3.553758302e+00 -9.116327715e-01 -4.110057055e-01 0.000000000e+00 -1.648575177e+00 0.000000000e+00 0.000000000e+00 1.000000000e+00 0.000000000e+00
-3.453427837e-01 9.384766176e-01 0.000000000e+00 -3.318589169e+00 -9.384766176e-01 -3.453427837e-01 0.000000000e+00 -1.745233631e+00 0.000000000e+00 0.000000000e+00 1.000000000e+00 0.000000000e+00
-2.717318521e-01 9.623730049e-01 0.000000000e+00 -3.072668515e+00 -9.623730049e-01 -2.717318521e-01 0.000000000e+00 -1.825607703e+00 0.000000000e+00 0.000000000e+00 1.000000000e+00 0.000000000e+00
-1.899256941e-01 9.817984675e-01 0.000000000e+00 -2.816520564e+00 -9.817984675e-01 -1.899256941e-01 0.000000000e+00 -1.886995746e+00 0.000000000e+00 0.000000000e+00 1.000000000e+00 0.000000000e+00
-9.991191668e-02 9.949962859e-01 0.000000000e+00 -2.551183610e+00 -9.949962859e-01 -9.991191668e-02 0.000000000e+00 -1.926487248e+00 0.000000000e+00 0.000000000e+00 1.000000000e+00 0.000000000e+00
-2.003375291e-03 9.999979932e-01 0.000000000e+00 -2.278321479e+00 -9.999979932e-01 -2.003375291e-03 0.000000000e+00 -1.941038663e+00 0.000000000e+00 0.000000000e+00 1.000000000e+00 0.000000000e+00
1.030629469e-01 9.946748358e-01 0.000000000e+00 -2.000332574e+00 -9.946748358e-01 1.030629469e-01 0.000000000e+00 -1.927590811e+00 0.000000000e+00 0.000000000e+00 1.000000000e+00 0.000000000e+00
2.140276572e-01 9.768276009e-01 0.000000000e+00 -1.720442622e+00 -9.768276009e-01 2.140276572e-01 0.000000000e+00 -1.883234206e+00 0.000000000e+00 0.000000000e+00 1.000000000e+00 0.000000000e+00
3.290255494e-01 9.443210195e-01 0.000000000e+00 -1.442762262e+00 -9.443210195e-01 3.290255494e-01 0.000000000e+00 -1.805424456e+00 0.000000000e+00 0.000000000e+00 1.000000000e+00 0.000000000e+00
4.455365066e-01 8.952637719e-01 0.000000000e+00 -1.172286517e+00 -8.952637719e-01 4.455365066e-01 0.000000000e+00 -1.692242626e+00 0.000000000e+00 0.000000000e+00 1.000000000e+00 0.000000000e+00
5.603935387e-01 8.282264677e-01 0.000000000e+00 -9.148119353e-01 -8.282264677e-01 5.603935387e-01 0.000000000e+00 -1.542684969e+00 0.000000000e+00 0.000000000e+00 1.000000000e+00 0.000000000e+00
6.698701310e-01 7.424782877e-01 0.000000000e+00 -6.767508293e-01 -7.424782877e-01 6.698701310e-01 0.000000000e+00 -1.356953899e+00 0.000000000e+00 0.000000000e+00 1.000000000e+00 0.000000000e+00
7.698620854e-01 6.382102862e-01 0.000000000e+00 -4.648324995e-01 -6.382102862e-01 7.698620854e-01 0.000000000e+00 -1.136709753e+00 0.000000000e+00 0.000000000e+00 1.000000000e+00 0.000000000e+00
8.561644650e-01 5.167034052e-01 0.000000000e+00 -2.856991310e-01 -5.167034052e-01 8.561644650e-01 0.000000000e+00 -8.852349651e-01 0.000000000e+00 0.000000000e+00 1.000000000e+00 0.000000000e+00
9.248233483e-01 3.803968644e-01 0.000000000e+00 -1.454271498e-01 -3.803968644e-01 9.248233483e-01 0.000000000e+00 -6.074631721e-01 0.000000000e+00 0.000000000e+00 1.000000000e+00 0.000000000e+00
9.725193921e-01 2.328218891e-01 0.000000000e+00 -4.902817775e-02 -2.328218891e-01 9.725193921e-01 0.000000000e+00 -3.098389934e-01 0.000000000e+00 0.000000000e+00 1.000000000e+00 0.000000000e+00
9.877107402e-01 1.562929740e-01 0.000000000e+00 0.000000000e+00 -1.562929740e-01 9.877107402e-01 0.000000000e+00 -1.498801083e-15 0.000000000e+00 0.000000000e+00 1.000000000e+00 0.000000000e+00
