1.000000000e+00 0.000000000e+00 0.000000000e+00 0.000000000e+00 0.000000000e+00 1.000000000e+00 0.000000000e+00 0.000000000e+00 0.000000000e+00 0.000000000e+00 1.000000000e+00 0.000000000e+00
1.000000000e+00 0.000000000e+00 0.000000000e+00 1.836970199e-17 0.000000000e+00 1.000000000e+00 0.000000000e+00 3.000000000e-01 0.000000000e+00 0.000000000e+00 1.000000000e+00 0.000000000e+00
1.000000000e+00 0.000000000e+00 0.000000000e+00 3.673940397e-17 0.000000000e+00 1.000000000e+00 0.000000000e+00 6.000000000e-01 0.000000000e+00 0.000000000e+00 1.000000000e+00 0.000000000e+00
1.000000000e+00 0.000000000e+00 0.000000000e+00 5.510910596e-17 0.000000000e+00 1.000000000e+00 0.000000000e+00 9.000000000e-01 0.000000000e+00 0.000000000e+00 1.000000000e+00 0.000000000e+00
1.000000000e+00 0.000000000e+00 0.000000000e+00 7.347880795e-17 0.000000000e+00 1.000000000e+00 0.000000000e+00 1.200000000e+00 0.000000000e+00 0.000000000e+00 1.000000000e+00 0.000000000e+00
1.000000000e+00 0.000000000e+00 0.000000000e+00 9.184850994e-17 0.000000000e+00 1.000000000e+00 0.000000000e+00 1.500000000e+00 0.000000000e+00 0.000000000e+00 1.000000000e+00 0.000000000e+00
1.000000000e+00 0.000000000e+00 0.000000000e+00 1.102182119e-16 0.000000000e+00 1.000000000e+00 0.000000000e+00 1.800000000e+00 0.000000000e+00 0.000000000e+00 1.000000000e+00 0.000000000e+00
1.000000000e+00 0.000000000e+00 0.000000000e+00 1.285879139e-16 0.000000000e+00 1.000000000e+00 0.000000000e+00 2.100000000e+00 0.000000000e+00 0.000000000e+00 1.000000000e+00 0.000000000e+00
1.000000000e+00 0.000000000e+00 0.000000000e+00 1.469576159e-16 0.000000000e+00 1.000000000e+00 0.000000000e+00 2.400000000e+00 0.000000000e+00 0.000000000e+00 1.000000000e+00 0.000000000e+00
1.000000000e+00 0.000000000e+00 0.000000000e+00 1.653273179e-16 0.000000000e+00 1.000000000e+00 0.000000000e+00 2.700000000e+00 0.000000000e+00 0.000000000e+00 1.000000000e+00 0.000000000e+00
1.000000000e+00 0.000000000e+00 0.000000000e+00 1.836970199e-16 0.000000000e+00 1.000000000e+00 0.000000000e+00 3.000000000e+00 0.000000000e+00 0.000000000e+00 1.000000000e+00 0.000000000e+00
1.000000000e+00 0.000000000e+00 0.000000000e+00 2.020667219e-16 0.000000000e+00 1.000000000e+00 0.000000000e+00 3.300000000e+00 0.000000000e+00 0.000000000e+00 1.000000000e+00 0.000000000e+00
1.000000000e+00 0.000000000e+00 0.000000000e+00 2.204364238e-16 0.000000000e+00 1.000000000e+00 0.000000000e+00 3.600000000e+00 0.000000000e+00 0.000000000e+00 1.000000000e+00 0.000000000e+00
1.000000000e+00 0.000000000e+00 0.000000000e+00 2.388061258e-16 0.000000000e+00 1.000000000e+00 0.000000000e+00 3.900000000e+00 0.000000000e+00 0.000000000e+00 1.000000000e+00 0.000000000e+00
1.000000000e+00 0.000000000e+00 0.000000000e+00 2.571758278e-16 0.000000000e+00 1.000000000e+00 0.000000000e+00 4.200000000e+00 0.000000000e+00 0.000000000e+00 1.000000000e+00 0.000000000e+00
1.000000000e+00 0.000000000e+00 0.000000000e+00 2.755455298e-16 0.000000000e+00 1.000000000e+00 0.000000000e+00 4.500000000e+00 0.000000000e+00 0.000000000e+00 1.000000000e+00 0.000000000e+00
1.000000000e+00 0.000000000e+00 0.000000000e+00 2.939152318e-16 0.000000000e+00 1.000000000e+00 0.000000000e+00 4.800000000e+00 0.000000000e+00 0.000000000e+00 1.000000000e+00 0.000000000e+00
1.000000000e+00 0.000000000e+00 0.000000000e+00 3.122849338e-16 0.000000000e+00 1.000000000e+00 0.000000000e+00 5.100000000e+00 0.000000000e+00 0.000000000e+00 1.000000000e+00 0.000000000e+00
1.000000000e+00 0.000000000e+00 0.000000000e+00 3.306546358e-16 0.000000000e+00 1.000000000e+00 0.000000000e+00 5.400000000e+00 0.000000000e+00 0.000000000e+00 1.000000000e+00 0.000000000e+00
1.000000000e+00 0.000000000e+00 0.000000000e+00 3.490243378e-16 0.000000000e+00 1.000000000e+00 0.000000000e+00 5.700000000e+00 0.000000000e+00 0.000000000e+00 1.000000000e+00 0.000000000e+00
1.000000000e+00 0.000000000e+00 0.000000000e+00 3.673940397e-16 0.000000000e+00 1.000000000e+00 0.000000000e+00 6.000000000e+00 0.000000000e+00 0.000000000e+00 1.000000000e+00 0.000000000e+00
1.000000000e+00 0.000000000e+00 0.000000000e+00 3.857637417e-16 0.000000000e+00 1.000000000e+00 0.000000000e+00 6.300000000e+00 0.000000000e+00 0.000000000e+00 1.000000000e+00 0.000000000e+00
1.000000000e+00 0.000000000e+00 0.000000000e+00 4.041334437e-16 0.000000000e+00 1.000000000e+00 0.000000000e+00 6.600000000e+00 0.000000000e+00 0.000000000e+00 1.000000000e+00 0.000000000e+00
1.000000000e+00 0.000000000e+00 0.000000000e+00 4.225031457e-16 0.000000000e+00 1.000000000e+00 0.000000000e+00 6.900000000e+00 0.000000000e+00 0.000000000e+00 1.000000000e+00 0.000000000e+00
1.000000000e+00 0.000000000e+00 0.000000000e+00 4.408728477e-16 0.000000000e+00 1.000000000e+00 0.000000000e+00 7.200000000e+00 0.000000000e+00 0.000000000e+00 1.000000000e+00 0.000000000e+00
1.000000000e+00 0.000000000e+00 0.000000000e+00 4.592425497e-16 0.000000000e+00 1.000000000e+00 0.000000000e+00 7.500000000e+00 0.000000000e+00 0.000000000e+00 1.000000000e+00 0.000000000e+00
1.000000000e+00 0.000000000e+00 0.000000000e+00 4.776122517e-16 0.000000000e+00 1.000000000e+00 0.000000000e+00 7.800000000e+00 0.000000000e+00 0.000000000e+00 1.000000000e+00 0.000000000e+00
1.000000000e+00 0.000000000e+00 0.000000000e+00 4.959819537e-16 0.000000000e+00 1.000000000e+00 0.000000000e+00 8.100000000e+00 0.000000000e+00 0.000000000e+00 1.000000000e+00 0.000000000e+00
1.000000000e+00 0.000000000e+00 0.000000000e+00 5.143516556e-16 0.000000000e+00 1.000000000e+00 0.000000000e+00 8.400000000e+00 0.000000000e+00 0.000000000e+00 1.000000000e+00 0.000000000e+00
1.000000000e+00 0.000000000e+00 0.000000000e+00 5.327213576e-16 0.000000000e+00 1.000000000e+00 0.000000000e+00 8.700000000e+00 0.000000000e+00 0.000000000e+00 1.000000000e+00 0.000000000e+00
1.000000000e+00 0.000000000e+00 0.000000000e+00 5.510910596e-16 0.000000000e+00 1.000000000e+00 0.000000000e+00 9.000000000e+00 0.000000000e+00 0.000000000e+00 1.000000000e+00 0.000000000e+00
1.000000000e+00 0.000000000e+00 0.000000000e+00 5.694607616e-16 0.000000000e+00 1.000000000e+00 0.000000000e+00 9.300000000e+00 0.000000000e+00 0.000000000e+00 1.000000000e+00 0.000000000e+00
1.000000000e+00 0.000000000e+00 0.000000000e+00 5.878304636e-16 0.000000000e+00 1.000000000e+00 0.000000000e+00 9.600000000e+00 0.000000000e+00 0.000000000e+00 1.000000000e+00 0.000000000e+00
9.997517104e-01 -2.228267449e-02 0.000000000e+00 6.062001656e-16 2.228267449e-02 9.997517104e-01 0.000000000e+00 9.900000000e+00 0.000000000e+00 0.000000000e+00 1.000000000e+00 0.000000000e+00
9.903708407e-01 -1.384398711e-01 0.000000000e+00 -1.335963742e-02 1.384398711e-01 9.903708407e-01 0.000000000e+00 1.019940383e+01 0.000000000e+00 0.000000000e+00 1.000000000e+00 0.000000000e+00
9.449636030e-01 -3.271754714e-01 0.000000000e+00 -8.258419995e-02 3.271754714e-01 9.449636030e-01 0.000000000e+00 1.049079067e+01 0.000000000e+00 0.000000000e+00 1.000000000e+00 0.000000000e+00
8.610915316e-01 -5.084499722e-01 0.000000000e+00 -2.083558081e-01 5.084499722e-01 8.610915316e-01 0.000000000e+00 1.076260095e+01 0.000000000e+00 0.000000000e+00 1.000000000e+00 0.000000000e+00
7.429552098e-01 -6.693411359e-01 0.000000000e+00 -3.856209829e-01 6.693411359e-01 7.429552098e-01 0.000000000e+00 1.100400223e+01 0.000000000e+00 0.000000000e+00 1.000000000e+00 0.000000000e+00
5.951710414e-01 -8.035990489e-01 0.000000000e+00 -6.072855831e-01 8.035990489e-01 5.951710414e-01 0.000000000e+00 1.120540498e+01 0.000000000e+00 0.000000000e+00 1.000000000e+00 0.000000000e+00
4.235926549e-01 -9.058527821e-01 0.000000000e+00 -8.645650990e-01 9.058527821e-01 4.235926549e-01 0.000000000e+00 1.135872349e+01 0.000000000e+00 0.000000000e+00 1.000000000e+00 0.000000000e+00
2.352402956e-01 -9.719372425e-01 0.000000000e+00 -1.147174725e+00 9.719372425e-01 2.352402956e-01 0.000000000e+00 1.145786662e+01 0.000000000e+00 0.000000000e+00 1.000000000e+00 0.000000000e+00
3.746484378e-02 -9.992979463e-01 0.000000000e+00 -1.443843220e+00 9.992979463e-01 3.746484378e-02 0.000000000e+00 1.149892756e+01 0.000000000e+00 0.000000000e+00 1.000000000e+00 0.000000000e+00
-1.618816488e-01 -9.868101802e-01 0.000000000e+00 -1.742755280e+00 9.868101802e-01 -1.618816488e-01 0.000000000e+00 1.148019563e+01 0.000000000e+00 0.000000000e+00 1.000000000e+00 0.000000000e+00
-3.546531901e-01 -9.349979223e-01 0.000000000e+00 -2.031982856e+00 9.349979223e-01 -3.546531901e-01 0.000000000e+00 1.140244598e+01 0.000000000e+00 0.000000000e+00 1.000000000e+00 0.000000000e+00
-5.333291073e-01 -8.459078338e-01 0.000000000e+00 -2.300017396e+00 8.459078338e-01 -5.333291073e-01 0.000000000e+00 1.126882105e+01 0.000000000e+00 0.000000000e+00 1.000000000e+00 0.000000000e+00
-6.908051464e-01 -7.230409737e-01 0.000000000e+00 -2.536143167e+00 7.230409737e-01 -6.908051464e-01 0.000000000e+00 1.108458231e+01 0.000000000e+00 0.000000000e+00 1.000000000e+00 0.000000000e+00
-8.206525425e-01 -5.714275146e-01 0.000000000e+00 -2.730950242e+00 5.714275146e-01 -8.206525425e-01 0.000000000e+00 1.085710078e+01 0.000000000e+00 0.000000000e+00 1.000000000e+00 0.000000000e+00
-9.178129287e-01 -3.970131331e-01 0.000000000e+00 -2.876715997e+00 3.970131331e-01 -9.178129287e-01 0.000000000e+00 1.059547047e+01 0.000000000e+00 0.000000000e+00 1.000000000e+00 0.000000000e+00
-9.784067390e-01 -2.066887832e-01 0.000000000e+00 -2.967569765e+00 2.066887832e-01 -9.784067390e-01 0.000000000e+00 1.031008498e+01 0.000000000e+00 0.000000000e+00 1.000000000e+00 0.000000000e+00
-9.985314765e-01 -5.417462976e-02 0.000000000e+00 -2.999902595e+00 5.417462976e-02 -9.985314765e-01 0.000000000e+00 1.001233966e+01 0.000000000e+00 0.000000000e+00 1.000000000e+00 0.000000000e+00
-9.999999868e-01 -1.623409413e-04 0.000000000e+00 -3.000000000e+00 1.623409413e-04 -9.999999868e-01 0.000000000e+00 9.712340045e+00 0.000000000e+00 0.000000000e+00 1.000000000e+00 0.000000000e+00
-1.000000000e+00 -1.224646799e-16 0.000000000e+00 -3.000000000e+00 1.224646799e-16 -1.000000000e+00 0.000000000e+00 9.412340045e+00 0.000000000e+00 0.000000000e+00 1.000000000e+00 0.000000000e+00
-1.000000000e+00 -1.224646799e-16 0.000000000e+00 -3.000000000e+00 1.224646799e-16 -1.000000000e+00 0.000000000e+00 9.112340045e+00 0.000000000e+00 0.000000000e+00 1.000000000e+00 0.000000000e+00
-1.000000000e+00 -1.224646799e-16 0.000000000e+00 -3.000000000e+00 1.224646799e-16 -1.000000000e+00 0.000000000e+00 8.812340045e+00 0.000000000e+00 0.000000000e+00 1.000000000e+00 0.000000000e+00
-1.000000000e+00 -1.224646799e-16 0.000000000e+00 -3.000000000e+00 1.224646799e-16 -1.000000000e+00 0.000000000e+00 8.512340045e+00 0.000000000e+00 0.000000000e+00 1.000000000e+00 0.000000000e+00
-1.000000000e+00 -1.224646799e-16 0.000000000e+00 -3.000000000e+00 1.224646799e-16 -1.000000000e+00 0.000000000e+00 8.212340045e+00 0.000000000e+00 0.000000000e+00 1.000000000e+00 0.000000000e+00
-1.000000000e+00 -1.224646799e-16 0.000000000e+00 -3.000000000e+00 1.224646799e-16 -1.000000000e+00 0.000000000e+00 7.912340045e+00 0.000000000e+00 0.000000000e+00 1.000000000e+00 0.000000000e+00
-1.000000000e+00 -1.224646799e-16 0.000000000e+00 -3.000000000e+00 1.224646799e-16 -1.000000000e+00 0.000000000e+00 7.612340045e+00 0.000000000e+00 0.000000000e+00 1.000000000e+00 0.000000000e+00
-1.000000000e+00 -1.224646799e-16 0.000000000e+00 -3.000000000e+00 1.224646799e-16 -1.000000000e+00 0.000000000e+00 7.312340045e+00 0.000000000e+00 0.000000000e+00 1.000000000e+00 0.000000000e+00
-1.000000000e+00 -1.224646799e-16 0.000000000e+00 -3.000000000e+00 1.224646799e-16 -1.000000000e+00 0.000000000e+00 7.012340045e+00 0.000000000e+00 0.000000000e+00 1.000000000e+00 0.000000000e+00
-1.000000000e+00 -1.224646799e-16 0.000000000e+00 -3.000000000e+00 1.224646799e-16 -1.000000000e+00 0.000000000e+00 6.712340045e+00 0.000000000e+00 0.000000000e+00 1.000000000e+00 0.000000000e+00
-1.000000000e+00 -1.224646799e-16 0.000000000e+00 -3.000000000e+00 1.224646799e-16 -1.000000000e+00 0.000000000e+00 6.412340045e+00 0.000000000e+00 0.000000000e+00 1.000000000e+00 0.000000000e+00
-1.000000000e+00 -1.224646799e-16 0.000000000e+00 -3.000000000e+00 1.224646799e-16 -1.000000000e+00 0.000000000e+00 6.112340045e+00 0.000000000e+00 0.000000000e+00 1.000000000e+00 0.000000000e+00
-1.000000000e+00 -1.224646799e-16 0.000000000e+00 -3.000000000e+00 1.224646799e-16 -1.000000000e+00 0.000000000e+00 5.812340045e+00 0.000000000e+00 0.000000000e+00 1.000000000e+00 0.000000000e+00
-1.000000000e+00 -1.224646799e-16 0.000000000e+00 -3.000000000e+00 1.224646799e-16 -1.000000000e+00 0.000000000e+00 5.512340045e+00 0.000000000e+00 0.000000000e+00 1.000000000e+00 0.000000000e+00
-1.000000000e+00 -1.224646799e-16 0.000000000e+00 -3.000000000e+00 1.224646799e-16 -1.000000000e+00 0.000000000e+00 5.212340045e+00 0.000000000e+00 0.000000000e+00 1.000000000e+00 0.000000000e+00
-1.000000000e+00 -1.224646799e-16 0.000000000e+00 -3.000000000e+00 1.224646799e-16 -1.000000000e+00 0.000000000e+00 4.912340045e+00 0.000000000e+00 0.000000000e+00 1.000000000e+00 0.000000000e+00
-1.000000000e+00 -1.224646799e-16 0.000000000e+00 -3.000000000e+00 1.224646799e-16 -1.000000000e+00 0.000000000e+00 4.612340045e+00 0.000000000e+00 0.000000000e+00 1.000000000e+00 0.000000000e+00
-1.000000000e+00 -1.224646799e-16 0.000000000e+00 -3.000000000e+00 1.224646799e-16 -1.000000000e+00 0.000000000e+00 4.312340045e+00 0.000000000e+00 0.000000000e+00 1.000000000e+00 0.000000000e+00
-1.000000000e+00 -1.224646799e-16 0.000000000e+00 -3.000000000e+00 1.224646799e-16 -1.000000000e+00 0.000000000e+00 4.012340045e+00 0.000000000e+00 0.000000000e+00 1.000000000e+00 0.000000000e+00
-1.000000000e+00 -1.224646799e-16 0.000000000e+00 -3.000000000e+00 1.224646799e-16 -1.000000000e+00 0.000000000e+00 3.712340045e+00 0.000000000e+00 0.000000000e+00 1.000000000e+00 0.000000000e+00
-1.000000000e+00 -1.224646799e-16 0.000000000e+00 -3.000000000e+00 1.224646799e-16 -1.000000000e+00 0.000000000e+00 3.412340045e+00 0.000000000e+00 0.000000000e+00 1.000000000e+00 0.000000000e+00
-1.000000000e+00 -1.224646799e-16 0.000000000e+00 -3.000000000e+00 1.224646799e-16 -1.000000000e+00 0.000000000e+00 3.112340045e+00 0.000000000e+00 0.000000000e+00 1.000000000e+00 0.000000000e+00
-1.000000000e+00 -1.224646799e-16 0.000000000e+00 -3.000000000e+00 1.224646799e-16 -1.000000000e+00 0.000000000e+00 2.812340045e+00 0.000000000e+00 0.000000000e+00 1.000000000e+00 0.000000000e+00
-1.000000000e+00 -1.224646799e-16 0.000000000e+00 -3.000000000e+00 1.224646799e-16 -1.000000000e+00 0.000000000e+00 2.512340045e+00 0.000000000e+00 0.000000000e+00 1.000000000e+00 0.000000000e+00
-1.000000000e+00 -1.224646799e-16 0.000000000e+00 -3.000000000e+00 1.224646799e-16 -1.000000000e+00 0.000000000e+00 2.212340045e+00 0.000000000e+00 0.000000000e+00 1.000000000e+00 0.000000000e+00
-1.000000000e+00 -1.224646799e-16 0.000000000e+00 -3.000000000e+00 1.224646799e-16 -1.000000000e+00 0.000000000e+00 1.912340045e+00 0.000000000e+00 0.000000000e+00 1.000000000e+00 0.000000000e+00
-1.000000000e+00 -1.224646799e-16 0.000000000e+00 -3.000000000e+00 1.224646799e-16 -1.000000000e+00 0.000000000e+00 1.612340045e+00 0.000000000e+00 0.000000000e+00 1.000000000e+00 0.000000000e+00
-1.000000000e+00 -1.224646799e-16 0.000000000e+00 -3.000000000e+00 1.224646799e-16 -1.000000000e+00 0.000000000e+00 1.312340045e+00 0.000000000e+00 0.000000000e+00 1.000000000e+00 0.000000000e+00
-1.000000000e+00 -1.224646799e-16 0.000000000e+00 -3.000000000e+00 1.224646799e-16 -1.000000000e+00 0.000000000e+00 1.012340045e+00 0.000000000e+00 0.000000000e+00 1.000000000e+00 0.000000000e+00
-1.000000000e+00 -1.224646799e-16 0.000000000e+00 -3.000000000e+00 1.224646799e-16 -1.000000000e+00 0.000000000e+00 7.123400451e-01 0.000000000e+00 0.000000000e+00 1.000000000e+00 0.000000000e+00
-1.000000000e+00 -1.224646799e-16 0.000000000e+00 -3.000000000e+00 1.224646799e-16 -1.000000000e+00 0.000000000e+00 4.123400451e-01 0.000000000e+00 0.000000000e+00 1.000000000e+00 0.000000000e+00
-9.998084267e-01 -1.957319526e-02 0.000000000e+00 -3.000000000e+00 1.957319526e-02 -9.998084267e-01 0.000000000e+00 1.123400451e-01 0.000000000e+00 0.000000000e+00 1.000000000e+00 0.000000000e+00
-9.912805208e-01 -1.317684679e-01 0.000000000e+00 -3.011736599e+00 1.317684679e-01 -9.912805208e-01 0.000000000e+00 -1.871711749e-01 0.000000000e+00 0.000000000e+00 1.000000000e+00 0.000000000e+00
-9.476034158e-01 -3.194491608e-01 0.000000000e+00 -3.078619353e+00 3.194491608e-01 -9.476034158e-01 0.000000000e+00 -4.791051961e-01 0.000000000e+00 0.000000000e+00 1.000000000e+00 0.000000000e+00
-8.652950613e-01 -5.012628620e-01 0.000000000e+00 -3.202129634e+00 5.012628620e-01 -8.652950613e-01 0.000000000e+00 -7.519467731e-01 0.000000000e+00 0.000000000e+00 1.000000000e+00 0.000000000e+00
-7.484142714e-01 -6.632315421e-01 0.000000000e+00 -3.377373412e+00 6.632315421e-01 -7.484142714e-01 0.000000000e+00 -9.948234566e-01 0.000000000e+00 0.000000000e+00 1.000000000e+00 0.000000000e+00
-6.017091633e-01 -7.987152702e-01 0.000000000e+00 -3.597414396e+00 7.987152702e-01 -6.017091633e-01 0.000000000e+00 -1.198000282e+00 0.000000000e+00 0.000000000e+00 1.000000000e+00 0.000000000e+00
-4.311201431e-01 -9.022945318e-01 0.000000000e+00 -3.853411132e+00 9.022945318e-01 -4.311201431e-01 0.000000000e+00 -1.353444694e+00 0.000000000e+00 0.000000000e+00 1.000000000e+00 0.000000000e+00
-2.431995378e-01 -9.699762806e-01 0.000000000e+00 -4.135184672e+00 9.699762806e-01 -2.431995378e-01 0.000000000e+00 -1.454949195e+00 0.000000000e+00 0.000000000e+00 1.000000000e+00 0.000000000e+00
-4.561453113e-02 -9.989591156e-01 0.000000000e+00 -4.431515125e+00 9.989591156e-01 -4.561453113e-02 0.000000000e+00 -1.498391150e+00 0.000000000e+00 0.000000000e+00 1.000000000e+00 0.000000000e+00
1.536598110e-01 -9.881238093e-01 0.000000000e+00 -4.730568689e+00 9.881238093e-01 1.536598110e-01 0.000000000e+00 -1.482135655e+00 0.000000000e+00 0.000000000e+00 1.000000000e+00 0.000000000e+00
3.469731268e-01 -9.378750712e-01 0.000000000e+00 -5.020440168e+00 9.378750712e-01 3.469731268e-01 0.000000000e+00 -1.406809396e+00 0.000000000e+00 0.000000000e+00 1.000000000e+00 0.000000000e+00
5.264150283e-01 -8.502277448e-01 0.000000000e+00 -5.289540370e+00 8.502277448e-01 5.264150283e-01 0.000000000e+00 -1.275340360e+00 0.000000000e+00 0.000000000e+00 1.000000000e+00 0.000000000e+00
6.847611288e-01 -7.287675874e-01 0.000000000e+00 -5.527179731e+00 7.287675874e-01 6.847611288e-01 0.000000000e+00 -1.093063670e+00 0.000000000e+00 0.000000000e+00 1.000000000e+00 0.000000000e+00
8.159361903e-01 -5.781419664e-01 0.000000000e+00 -5.723888445e+00 5.781419664e-01 8.159361903e-01 0.000000000e+00 -8.672202911e-01 0.000000000e+00 0.000000000e+00 1.000000000e+00 0.000000000e+00
9.145473736e-01 -4.044788021e-01 0.000000000e+00 -5.871751167e+00 4.044788021e-01 9.145473736e-01 0.000000000e+00 -6.067673602e-01 0.000000000e+00 0.000000000e+00 1.000000000e+00 0.000000000e+00
9.766519246e-01 -2.148278801e-01 0.000000000e+00 -5.964959680e+00 2.148278801e-01 9.766519246e-01 0.000000000e+00 -3.221458294e-01 0.000000000e+00 0.000000000e+00 1.000000000e+00 0.000000000e+00
9.982846154e-01 -5.854764502e-02 0.000000000e+00 -5.999789406e+00 5.854764502e-02 9.982846154e-01 0.000000000e+00 -2.467907213e-02 0.000000000e+00 0.000000000e+00 1.000000000e+00 0.000000000e+00
9.999999384e-01 -3.509899201e-04 0.000000000e+00 -6.000000000e+00 3.509899201e-04 9.999999384e-01 0.000000000e+00 2.753199098e-01 0.000000000e+00 0.000000000e+00 1.000000000e+00 0.000000000e+00
1.000000000e+00 0.000000000e+00 0.000000000e+00 -6.000000000e+00 0.000000000e+00 1.000000000e+00 0.000000000e+00 5.753199098e-01 0.000000000e+00 0.000000000e+00 1.000000000e+00 0.000000000e+00
1.000000000e+00 0.000000000e+00 0.000000000e+00 -6.000000000e+00 0.000000000e+00 1.000000000e+00 0.000000000e+00 8.753199098e-01 0.000000000e+00 0.000000000e+00 1.000000000e+00 0.000000000e+00
1.000000000e+00 0.000000000e+00 0.000000000e+00 -6.000000000e+00 0.000000000e+00 1.000000000e+00 0.000000000e+00 1.175319910e+00 0.000000000e+00 0.000000000e+00 1.000000000e+00 0.000000000e+00
1.000000000e+00 0.000000000e+00 0.000000000e+00 -6.000000000e+00 0.000000000e+00 1.000000000e+00 0.000000000e+00 1.475319910e+00 0.000000000e+00 0.000000000e+00 1.000000000e+00 0.000000000e+00
1.000000000e+00 0.000000000e+00 0.000000000e+00 -6.000000000e+00 0.000000000e+00 1.000000000e+00 0.000000000e+00 1.775319910e+00 0.000000000e+00 0.000000000e+00 1.000000000e+00 0.000000000e+00
1.000000000e+00 0.000000000e+00 0.000000000e+00 -6.000000000e+00 0.000000000e+00 1.000000000e+00 0.000000000e+00 2.075319910e+00 0.000000000e+00 0.000000000e+00 1.000000000e+00 0.000000000e+00
1.000000000e+00 0.000000000e+00 0.000000000e+00 -6.000000000e+00 0.000000000e+00 1.000000000e+00 0.000000000e+00 2.375319910e+00 0.000000000e+00 0.000000000e+00 1.000000000e+00 0.000000000e+00
1.000000000e+00 0.000000000e+00 0.000000000e+00 -6.000000000e+00 0.000000000e+00 1.000000000e+00 0.000000000e+00 2.675319910e+00 0.000000000e+00 0.000000000e+00 1.000000000e+00 0.000000000e+00
1.000000000e+00 0.000000000e+00 0.000000000e+00 -6.000000000e+00 0.000000000e+00 1.000000000e+00 0.000000000e+00 2.975319910e+00 0.000000000e+00 0.000000000e+00 1.000000000e+00 0.000000000e+00
1.000000000e+00 0.000000000e+00 0.000000000e+00 -6.000000000e+00 0.000000000e+00 1.000000000e+00 0.000000000e+00 3.275319910e+00 0.000000000e+00 0.000000000e+00 1.000000000e+00 0.000000000e+00
1.000000000e+00 0.000000000e+00 0.000000000e+00 -6.000000000e+00 0.000000000e+00 1.000000000e+00 0.000000000e+00 3.575319910e+00 0.000000000e+00 0.000000000e+00 1.000000000e+00 0.000000000e+00
1.000000000e+00 0.000000000e+00 0.000000000e+00 -6.000000000e+00 0.000000000e+00 1.000000000e+00 0.000000000e+00 3.875319910e+00 0.000000000e+00 0.000000000e+00 1.000000000e+00 0.000000000e+00
1.000000000e+00 0.000000000e+00 0.000000000e+00 -6.000000000e+00 0.000000000e+00 1.000000000e+00 0.000000000e+00 4.175319910e+00 0.000000000e+00 0.000000000e+00 1.000000000e+00 0.000000000e+00
1.000000000e+00 0.000000000e+00 0.000000000e+00 -6.000000000e+00 0.000000000e+00 1.000000000e+00 0.000000000e+00 4.475319910e+00 0.000000000e+00 0.000000000e+00 1.000000000e+00 0.000000000e+00
1.000000000e+00 0.000000000e+00 0.000000000e+00 -6.000000000e+00 0.000000000e+00 1.000000000e+00 0.000000000e+00 4.775319910e+00 0.000000000e+00 0.000000000e+00 1.000000000e+00 0.000000000e+00
1.000000000e+00 0.000000000e+00 0.000000000e+00 -6.000000000e+00 0.000000000e+00 1.000000000e+00 0.000000000e+00 5.075319910e+00 0.000000000e+00 0.000000000e+00 1.000000000e+00 0.000000000e+00
1.000000000e+00 0.000000000e+00 0.000000000e+00 -6.000000000e+00 0.000000000e+00 1.000000000e+00 0.000000000e+00 5.375319910e+00 0.000000000e+00 0.000000000e+00 1.000000000e+00 0.000000000e+00
1.000000000e+00 0.000000000e+00 0.000000000e+00 -6.000000000e+00 0.000000000e+00 1.000000000e+00 0.000000000e+00 5.675319910e+00 0.000000000e+00 0.000000000e+00 1.000000000e+00 0.000000000e+00
1.000000000e+00 0.000000000e+00 0.000000000e+00 -6.000000000e+00 0.000000000e+00 1.000000000e+00 0.000000000e+00 5.975319910e+00 0.000000000e+00 0.000000000e+00 1.000000000e+00 0.000000000e+00
1.000000000e+00 0.000000000e+00 0.000000000e+00 -6.000000000e+00 0.000000000e+00 1.000000000e+00 0.000000000e+00 6.275319910e+00 0.000000000e+00 0.000000000e+00 1.000000000e+00 0.000000000e+00
1.000000000e+00 0.000000000e+00 0.000000000e+00 -6.000000000e+00 0.000000000e+00 1.000000000e+00 0.000000000e+00 6.575319910e+00 0.000000000e+00 0.000000000e+00 1.000000000e+00 0.000000000e+00
1.000000000e+00 0.000000000e+00 0.000000000e+00 -6.000000000e+00 0.000000000e+00 1.000000000e+00 0.000000000e+00 6.875319910e+00 0.000000000e+00 0.000000000e+00 1.000000000e+00 0.000000000e+00
1.000000000e+00 0.000000000e+00 0.000000000e+00 -6.000000000e+00 0.000000000e+00 1.000000000e+00 0.000000000e+00 7.175319910e+00 0.000000000e+00 0.000000000e+00 1.000000000e+00 0.000000000e+00
1.000000000e+00 0.000000000e+00 0.000000000e+00 -6.000000000e+00 0.000000000e+00 1.000000000e+00 0.000000000e+00 7.475319910e+00 0.000000000e+00 0.000000000e+00 1.000000000e+00 0.000000000e+00
1.000000000e+00 0.000000000e+00 0.000000000e+00 -6.000000000e+00 0.000000000e+00 1.000000000e+00 0.000000000e+00 7.775319910e+00 0.000000000e+00 0.000000000e+00 1.000000000e+00 0.000000000e+00
1.000000000e+00 0.000000000e+00 0.000000000e+00 -6.000000000e+00 0.000000000e+00 1.000000000e+00 0.000000000e+00 8.075319910e+00 0.000000000e+00 0.000000000e+00 1.000000000e+00 0.000000000e+00
1.000000000e+00 0.000000000e+00 0.000000000e+00 -6.000000000e+00 0.000000000e+00 1.000000000e+00 0.000000000e+00 8.375319910e+00 0.000000000e+00 0.000000000e+00 1.000000000e+00 0.000000000e+00
1.000000000e+00 0.000000000e+00 0.000000000e+00 -6.000000000e+00 0.000000000e+00 1.000000000e+00 0.000000000e+00 8.675319910e+00 0.000000000e+00 0.000000000e+00 1.000000000e+00 0.000000000e+00
1.000000000e+00 0.000000000e+00 0.000000000e+00 -6.000000000e+00 0.000000000e+00 1.000000000e+00 0.000000000e+00 8.975319910e+00 0.000000000e+00 0.000000000e+00 1.000000000e+00 0.000000000e+00
1.000000000e+00 0.000000000e+00 0.000000000e+00 -6.000000000e+00 0.000000000e+00 1.000000000e+00 0.000000000e+00 9.275319910e+00 0.000000000e+00 0.000000000e+00 1.000000000e+00 0.000000000e+00
1.000000000e+00 0.000000000e+00 0.000000000e+00 -6.000000000e+00 0.000000000e+00 1.000000000e+00 0.000000000e+00 9.575319910e+00 0.000000000e+00 0.000000000e+00 1.000000000e+00 0.000000000e+00
1.000000000e+00 0.000000000e+00 0.000000000e+00 -6.000000000e+00 0.000000000e+00 1.000000000e+00 0.000000000e+00 9.875319910e+00 0.000000000e+00 0.000000000e+00 1.000000000e+00 0.000000000e+00
