1.000000000e+00 7.724549729e-18 0.000000000e+00 0.000000000e+00 1.019723764e-17 1.000000000e+00 0.000000000e+00 0.000000000e+00 0.000000000e+00 0.000000000e+00 1.000000000e+00 0.000000000e+00
9.981425705e-01 6.092133483e-02 0.000000000e+00 2.132246719e-02 -6.092133483e-02 9.981425705e-01 0.000000000e+00 3.493498997e-01 0.000000000e+00 0.000000000e+00 1.000000000e+00 0.000000000e+00
9.922324954e-01 1.243972467e-01 0.000000000e+00 6.486150352e-02 -1.243972467e-01 9.922324954e-01 0.000000000e+00 6.966312731e-01 0.000000000e+00 0.000000000e+00 1.000000000e+00 0.000000000e+00
9.889197924e-01 1.484508142e-01 0.000000000e+00 1.168192885e-01 -1.484508142e-01 9.889197924e-01 0.000000000e+00 1.042753200e+00 0.000000000e+00 0.000000000e+00 1.000000000e+00 0.000000000e+00
9.871973197e-01 1.595037681e-01 0.000000000e+00 1.726456073e-01 -1.595037681e-01 9.871973197e-01 0.000000000e+00 1.388272262e+00 0.000000000e+00 0.000000000e+00 1.000000000e+00 0.000000000e+00
9.833098736e-01 1.819387054e-01 0.000000000e+00 2.363241542e-01 -1.819387054e-01 9.833098736e-01 0.000000000e+00 1.732430718e+00 0.000000000e+00 0.000000000e+00 1.000000000e+00 0.000000000e+00
9.794811117e-01 2.015359814e-01 0.000000000e+00 3.068617477e-01 -2.015359814e-01 9.794811117e-01 0.000000000e+00 2.075249107e+00 0.000000000e+00 0.000000000e+00 1.000000000e+00 0.000000000e+00
9.735201500e-01 2.286012195e-01 0.000000000e+00 3.868721745e-01 -2.286012195e-01 9.735201500e-01 0.000000000e+00 2.415981160e+00 0.000000000e+00 0.000000000e+00 1.000000000e+00 0.000000000e+00
9.715137472e-01 2.369832039e-01 0.000000000e+00 4.698162959e-01 -2.369832039e-01 9.715137472e-01 0.000000000e+00 2.756010971e+00 0.000000000e+00 0.000000000e+00 1.000000000e+00 0.000000000e+00
9.702890359e-01 2.419487276e-01 0.000000000e+00 5.544983506e-01 -2.419487276e-01 9.702890359e-01 0.000000000e+00 3.095612134e+00 0.000000000e+00 0.000000000e+00 1.000000000e+00 0.000000000e+00
9.705951191e-01 2.407179154e-01 0.000000000e+00 6.387496209e-01 -2.407179154e-01 9.705951191e-01 0.000000000e+00 3.435320425e+00 0.000000000e+00 0.000000000e+00 1.000000000e+00 0.000000000e+00
9.727940668e-01 2.316715426e-01 0.000000000e+00 7.198346609e-01 -2.316715426e-01 9.727940668e-01 0.000000000e+00 3.775798349e+00 0.000000000e+00 0.000000000e+00 1.000000000e+00 0.000000000e+00
9.743686790e-01 2.249570566e-01 0.000000000e+00 7.985696307e-01 -2.249570566e-01 9.743686790e-01 0.000000000e+00 4.116827386e+00 0.000000000e+00 0.000000000e+00 1.000000000e+00 0.000000000e+00
9.780621879e-01 2.083131218e-01 0.000000000e+00 8.714792233e-01 -2.083131218e-01 9.780621879e-01 0.000000000e+00 4.459149152e+00 0.000000000e+00 0.000000000e+00 1.000000000e+00 0.000000000e+00
9.790043623e-01 2.038392959e-01 0.000000000e+00 9.428229768e-01 -2.038392959e-01 9.790043623e-01 0.000000000e+00 4.801800679e+00 0.000000000e+00 0.000000000e+00 1.000000000e+00 0.000000000e+00
9.750789924e-01 2.218579694e-01 0.000000000e+00 1.020473266e+00 -2.218579694e-01 9.750789924e-01 0.000000000e+00 5.143078326e+00 0.000000000e+00 0.000000000e+00 1.000000000e+00 0.000000000e+00
9.691691245e-01 2.463964448e-01 0.000000000e+00 1.106712022e+00 -2.463964448e-01 9.691691245e-01 0.000000000e+00 5.482287520e+00 0.000000000e+00 0.000000000e+00 1.000000000e+00 0.000000000e+00
9.527768308e-01 3.036713861e-01 0.000000000e+00 1.212997007e+00 -3.036713861e-01 9.527768308e-01 0.000000000e+00 5.815759411e+00 0.000000000e+00 0.000000000e+00 1.000000000e+00 0.000000000e+00
9.290088785e-01 3.700574328e-01 0.000000000e+00 1.342517108e+00 -3.700574328e-01 9.290088785e-01 0.000000000e+00 6.140912518e+00 0.000000000e+00 0.000000000e+00 1.000000000e+00 0.000000000e+00
8.870154280e-01 4.617397865e-01 0.000000000e+00 1.504126034e+00 -4.617397865e-01 8.870154280e-01 0.000000000e+00 6.451367918e+00 0.000000000e+00 0.000000000e+00 1.000000000e+00 0.000000000e+00
8.439914998e-01 5.363565495e-01 0.000000000e+00 1.691850826e+00 -5.363565495e-01 8.439914998e-01 0.000000000e+00 6.746764943e+00 0.000000000e+00 0.000000000e+00 1.000000000e+00 0.000000000e+00
8.018687969e-01 5.975001528e-01 0.000000000e+00 1.900975879e+00 -5.975001528e-01 8.018687969e-01 0.000000000e+00 7.027419022e+00 0.000000000e+00 0.000000000e+00 1.000000000e+00 0.000000000e+00
7.372547770e-01 6.756148265e-01 0.000000000e+00 2.137441069e+00 -6.756148265e-01 7.372547770e-01 0.000000000e+00 7.285458194e+00 0.000000000e+00 0.000000000e+00 1.000000000e+00 0.000000000e+00
6.635017497e-01 7.481747310e-01 0.000000000e+00 2.399302225e+00 -7.481747310e-01 6.635017497e-01 0.000000000e+00 7.517683806e+00 0.000000000e+00 0.000000000e+00 1.000000000e+00 0.000000000e+00
5.934961196e-01 8.048368505e-01 0.000000000e+00 2.680995122e+00 -8.048368505e-01 5.934961196e-01 0.000000000e+00 7.725407448e+00 0.000000000e+00 0.000000000e+00 1.000000000e+00 0.000000000e+00
5.238497293e-01 8.518106956e-01 0.000000000e+00 2.979128866e+00 -8.518106956e-01 5.238497293e-01 0.000000000e+00 7.908754853e+00 0.000000000e+00 0.000000000e+00 1.000000000e+00 0.000000000e+00
4.544327799e-01 8.907810329e-01 0.000000000e+00 3.290902227e+00 -8.907810329e-01 4.544327799e-01 0.000000000e+00 8.067806326e+00 0.000000000e+00 0.000000000e+00 1.000000000e+00 0.000000000e+00
3.935458842e-01 9.193049750e-01 0.000000000e+00 3.612658969e+00 -9.193049750e-01 3.935458842e-01 0.000000000e+00 8.205547386e+00 0.000000000e+00 0.000000000e+00 1.000000000e+00 0.000000000e+00
3.422892334e-01 9.395946364e-01 0.000000000e+00 3.941517091e+00 -9.395946364e-01 3.422892334e-01 0.000000000e+00 8.325348617e+00 0.000000000e+00 0.000000000e+00 1.000000000e+00 0.000000000e+00
2.905177762e-01 9.568695949e-01 0.000000000e+00 4.276421449e+00 -9.568695949e-01 2.905177762e-01 0.000000000e+00 8.427029839e+00 0.000000000e+00 0.000000000e+00 1.000000000e+00 0.000000000e+00
2.411708845e-01 9.704826657e-01 0.000000000e+00 4.616090382e+00 -9.704826657e-01 2.411708845e-01 0.000000000e+00 8.511439649e+00 0.000000000e+00 0.000000000e+00 1.000000000e+00 0.000000000e+00
2.363025328e-01 9.716795321e-01 0.000000000e+00 4.956178219e+00 -9.716795321e-01 2.363025328e-01 0.000000000e+00 8.594145535e+00 0.000000000e+00 0.000000000e+00 1.000000000e+00 0.000000000e+00
2.470540560e-01 9.690016994e-01 0.000000000e+00 5.295328814e+00 -9.690016994e-01 2.470540560e-01 0.000000000e+00 8.680614455e+00 0.000000000e+00 0.000000000e+00 1.000000000e+00 0.000000000e+00
2.727555299e-01 9.620833752e-01 0.000000000e+00 5.632057995e+00 -9.620833752e-01 2.727555299e-01 0.000000000e+00 8.776078890e+00 0.000000000e+00 0.000000000e+00 1.000000000e+00 0.000000000e+00
2.996274672e-01 9.540562776e-01 0.000000000e+00 5.965977692e+00 -9.540562776e-01 2.996274672e-01 0.000000000e+00 8.880948504e+00 0.000000000e+00 0.000000000e+00 1.000000000e+00 0.000000000e+00
3.050471179e-01 9.523372595e-01 0.000000000e+00 6.299295733e+00 -9.523372595e-01 3.050471179e-01 0.000000000e+00 8.987714995e+00 0.000000000e+00 0.000000000e+00 1.000000000e+00 0.000000000e+00
3.267839391e-01 9.450990727e-01 0.000000000e+00 6.630080408e+00 -9.450990727e-01 3.267839391e-01 0.000000000e+00 9.102089374e+00 0.000000000e+00 0.000000000e+00 1.000000000e+00 0.000000000e+00
3.738354245e-01 9.274950541e-01 0.000000000e+00 6.954703677e+00 -9.274950541e-01 3.738354245e-01 0.000000000e+00 9.232931772e+00 0.000000000e+00 0.000000000e+00 1.000000000e+00 0.000000000e+00
4.053571070e-01 9.141584194e-01 0.000000000e+00 7.274659124e+00 -9.141584194e-01 4.053571070e-01 0.000000000e+00 9.374806760e+00 0.000000000e+00 0.000000000e+00 1.000000000e+00 0.000000000e+00
4.150446910e-01 9.098010247e-01 0.000000000e+00 7.593089483e+00 -9.098010247e-01 4.150446910e-01 0.000000000e+00 9.520072402e+00 0.000000000e+00 0.000000000e+00 1.000000000e+00 0.000000000e+00
3.770302477e-01 9.262009460e-01 0.000000000e+00 7.917259814e+00 -9.262009460e-01 3.770302477e-01 0.000000000e+00 9.652032988e+00 0.000000000e+00 0.000000000e+00 1.000000000e+00 0.000000000e+00
3.232941817e-01 9.462985111e-01 0.000000000e+00 8.248464293e+00 -9.462985111e-01 3.232941817e-01 0.000000000e+00 9.765185952e+00 0.000000000e+00 0.000000000e+00 1.000000000e+00 0.000000000e+00
2.621549261e-01 9.650258000e-01 0.000000000e+00 8.586223323e+00 -9.650258000e-01 2.621549261e-01 0.000000000e+00 9.856940176e+00 0.000000000e+00 0.000000000e+00 1.000000000e+00 0.000000000e+00
2.019694265e-01 9.793918270e-01 0.000000000e+00 8.929010462e+00 -9.793918270e-01 2.019694265e-01 0.000000000e+00 9.927629475e+00 0.000000000e+00 0.000000000e+00 1.000000000e+00 0.000000000e+00
1.683629365e-01 9.857250741e-01 0.000000000e+00 9.274014238e+00 -9.857250741e-01 1.683629365e-01 0.000000000e+00 9.986556503e+00 0.000000000e+00 0.000000000e+00 1.000000000e+00 0.000000000e+00
1.183880799e-01 9.929674026e-01 0.000000000e+00 9.621552829e+00 -9.929674026e-01 1.183880799e-01 0.000000000e+00 1.002799233e+01 0.000000000e+00 0.000000000e+00 1.000000000e+00 0.000000000e+00
4.074663120e-02 9.991695112e-01 0.000000000e+00 9.971262158e+00 -9.991695112e-01 4.074663120e-02 0.000000000e+00 1.004225365e+01 0.000000000e+00 0.000000000e+00 1.000000000e+00 0.000000000e+00
-2.559412394e-02 9.996724168e-01 0.000000000e+00 1.032114750e+01 -9.996724168e-01 -2.559412394e-02 0.000000000e+00 1.003329571e+01 0.000000000e+00 0.000000000e+00 1.000000000e+00 0.000000000e+00
-8.382492905e-02 9.964804972e-01 0.000000000e+00 1.066991568e+01 -9.964804972e-01 -8.382492905e-02 0.000000000e+00 1.000395698e+01 0.000000000e+00 0.000000000e+00 1.000000000e+00 0.000000000e+00
-1.248220106e-01 9.921791500e-01 0.000000000e+00 1.101717838e+01 -9.921791500e-01 -1.248220106e-01 0.000000000e+00 9.960269280e+00 0.000000000e+00 0.000000000e+00 1.000000000e+00 0.000000000e+00
-1.552675119e-01 9.878724613e-01 0.000000000e+00 1.136293374e+01 -9.878724613e-01 -1.552675119e-01 0.000000000e+00 9.905925651e+00 0.000000000e+00 0.000000000e+00 1.000000000e+00 0.000000000e+00
-2.133431346e-01 9.769773318e-01 0.000000000e+00 1.170487581e+01 -9.769773318e-01 -2.133431346e-01 0.000000000e+00 9.831255553e+00 0.000000000e+00 0.000000000e+00 1.000000000e+00 0.000000000e+00
-2.896727554e-01 9.571257466e-01 0.000000000e+00 1.203986982e+01 -9.571257466e-01 -2.896727554e-01 0.000000000e+00 9.729870089e+00 0.000000000e+00 0.000000000e+00 1.000000000e+00 0.000000000e+00
-3.334241185e-01 9.427769393e-01 0.000000000e+00 1.236984175e+01 -9.427769393e-01 -3.334241185e-01 0.000000000e+00 9.613171648e+00 0.000000000e+00 0.000000000e+00 1.000000000e+00 0.000000000e+00
-3.608753482e-01 9.326140590e-01 0.000000000e+00 1.269625667e+01 -9.326140590e-01 -3.608753482e-01 0.000000000e+00 9.486865276e+00 0.000000000e+00 0.000000000e+00 1.000000000e+00 0.000000000e+00
-3.766969567e-01 9.263365494e-01 0.000000000e+00 1.302047446e+01 -9.263365494e-01 -3.766969567e-01 0.000000000e+00 9.355021341e+00 0.000000000e+00 0.000000000e+00 1.000000000e+00 0.000000000e+00
-4.066131676e-01 9.136004225e-01 0.000000000e+00 1.334023461e+01 -9.136004225e-01 -4.066131676e-01 0.000000000e+00 9.212706732e+00 0.000000000e+00 0.000000000e+00 1.000000000e+00 0.000000000e+00
-4.464872568e-01 8.947899919e-01 0.000000000e+00 1.365341111e+01 -8.947899919e-01 -4.464872568e-01 0.000000000e+00 9.056436192e+00 0.000000000e+00 0.000000000e+00 1.000000000e+00 0.000000000e+00
-4.827285447e-01 8.757700338e-01 0.000000000e+00 1.395993062e+01 -8.757700338e-01 -4.827285447e-01 0.000000000e+00 8.887481202e+00 0.000000000e+00 0.000000000e+00 1.000000000e+00 0.000000000e+00
-5.150055319e-01 8.571868537e-01 0.000000000e+00 1.425994602e+01 -8.571868537e-01 -5.150055319e-01 0.000000000e+00 8.707229266e+00 0.000000000e+00 0.000000000e+00 1.000000000e+00 0.000000000e+00
-5.175533377e-01 8.556509467e-01 0.000000000e+00 1.455942385e+01 -8.556509467e-01 -5.175533377e-01 0.000000000e+00 8.526085597e+00 0.000000000e+00 0.000000000e+00 1.000000000e+00 0.000000000e+00
-4.944504551e-01 8.692058142e-01 0.000000000e+00 1.486364588e+01 -8.692058142e-01 -4.944504551e-01 0.000000000e+00 8.353027938e+00 0.000000000e+00 0.000000000e+00 1.000000000e+00 0.000000000e+00
-5.049313321e-01 8.631595159e-01 0.000000000e+00 1.516575171e+01 -8.631595159e-01 -5.049313321e-01 0.000000000e+00 8.176301972e+00 0.000000000e+00 0.000000000e+00 1.000000000e+00 0.000000000e+00
-5.194925588e-01 8.544749741e-01 0.000000000e+00 1.546481795e+01 -8.544749741e-01 -5.194925588e-01 0.000000000e+00 7.994479576e+00 0.000000000e+00 0.000000000e+00 1.000000000e+00 0.000000000e+00
-5.295167702e-01 8.482994696e-01 0.000000000e+00 1.576172277e+01 -8.482994696e-01 -5.295167702e-01 0.000000000e+00 7.809148707e+00 0.000000000e+00 0.000000000e+00 1.000000000e+00 0.000000000e+00
-5.205865169e-01 8.538089238e-01 0.000000000e+00 1.606055589e+01 -8.538089238e-01 -5.205865169e-01 0.000000000e+00 7.626943426e+00 0.000000000e+00 0.000000000e+00 1.000000000e+00 0.000000000e+00
-4.987681453e-01 8.667354482e-01 0.000000000e+00 1.636391330e+01 -8.667354482e-01 -4.987681453e-01 0.000000000e+00 7.452374575e+00 0.000000000e+00 0.000000000e+00 1.000000000e+00 0.000000000e+00
-4.722225326e-01 8.814793700e-01 0.000000000e+00 1.667243108e+01 -8.814793700e-01 -4.722225326e-01 0.000000000e+00 7.287096689e+00 0.000000000e+00 0.000000000e+00 1.000000000e+00 0.000000000e+00
-4.484130733e-01 8.938264460e-01 0.000000000e+00 1.698527033e+01 -8.938264460e-01 -4.484130733e-01 0.000000000e+00 7.130152113e+00 0.000000000e+00 0.000000000e+00 1.000000000e+00 0.000000000e+00
-4.225167181e-01 9.063551307e-01 0.000000000e+00 1.730249463e+01 -9.063551307e-01 -4.225167181e-01 0.000000000e+00 6.982271262e+00 0.000000000e+00 0.000000000e+00 1.000000000e+00 0.000000000e+00
-3.986326867e-01 9.171106700e-01 0.000000000e+00 1.762348336e+01 -9.171106700e-01 -3.986326867e-01 0.000000000e+00 6.842749821e+00 0.000000000e+00 0.000000000e+00 1.000000000e+00 0.000000000e+00
-3.547053182e-01 9.349781480e-01 0.000000000e+00 1.795072572e+01 -9.349781480e-01 -3.547053182e-01 0.000000000e+00 6.718602960e+00 0.000000000e+00 0.000000000e+00 1.000000000e+00 0.000000000e+00
-3.199620412e-01 9.474303627e-01 0.000000000e+00 1.828232634e+01 -9.474303627e-01 -3.199620412e-01 0.000000000e+00 6.606616245e+00 0.000000000e+00 0.000000000e+00 1.000000000e+00 0.000000000e+00
-2.785068997e-01 9.604342283e-01 0.000000000e+00 1.861847832e+01 -9.604342283e-01 -2.785068997e-01 0.000000000e+00 6.509138830e+00 0.000000000e+00 0.000000000e+00 1.000000000e+00 0.000000000e+00
-2.548087581e-01 9.669914668e-01 0.000000000e+00 1.895692534e+01 -9.669914668e-01 -2.548087581e-01 0.000000000e+00 6.419955765e+00 0.000000000e+00 0.000000000e+00 1.000000000e+00 0.000000000e+00
-2.252154607e-01 9.743089840e-01 0.000000000e+00 1.929793348e+01 -9.743089840e-01 -2.252154607e-01 0.000000000e+00 6.341130354e+00 0.000000000e+00 0.000000000e+00 1.000000000e+00 0.000000000e+00
-1.946206861e-01 9.808785799e-01 0.000000000e+00 1.964124098e+01 -9.808785799e-01 -1.946206861e-01 0.000000000e+00 6.273013114e+00 0.000000000e+00 0.000000000e+00 1.000000000e+00 0.000000000e+00
-1.473206648e-01 9.890887835e-01 0.000000000e+00 1.998742206e+01 -9.890887835e-01 -1.473206648e-01 0.000000000e+00 6.221450881e+00 0.000000000e+00 0.000000000e+00 1.000000000e+00 0.000000000e+00
-1.226684739e-01 9.924477042e-01 0.000000000e+00 2.033477875e+01 -9.924477042e-01 -1.226684739e-01 0.000000000e+00 6.178516915e+00 0.000000000e+00 0.000000000e+00 1.000000000e+00 0.000000000e+00
-9.693477490e-02 9.952907361e-01 0.000000000e+00 2.068313051e+01 -9.952907361e-01 -9.693477490e-02 0.000000000e+00 6.144589744e+00 0.000000000e+00 0.000000000e+00 1.000000000e+00 0.000000000e+00
-9.134730697e-02 9.958190948e-01 0.000000000e+00 2.103166720e+01 -9.958190948e-01 -9.134730697e-02 0.000000000e+00 6.112618187e+00 0.000000000e+00 0.000000000e+00 1.000000000e+00 0.000000000e+00
-7.334438819e-02 9.973066734e-01 0.000000000e+00 2.138072453e+01 -9.973066734e-01 -7.334438819e-02 0.000000000e+00 6.086947651e+00 0.000000000e+00 0.000000000e+00 1.000000000e+00 0.000000000e+00
-8.320647197e-02 9.965323291e-01 0.000000000e+00 2.172951085e+01 -9.965323291e-01 -8.320647197e-02 0.000000000e+00 6.057825386e+00 0.000000000e+00 0.000000000e+00 1.000000000e+00 0.000000000e+00
-7.182917928e-02 9.974169484e-01 0.000000000e+00 2.207860678e+01 -9.974169484e-01 -7.182917928e-02 0.000000000e+00 6.032685173e+00 0.000000000e+00 0.000000000e+00 1.000000000e+00 0.000000000e+00
-9.726233370e-02 9.952587796e-01 0.000000000e+00 2.242694735e+01 -9.952587796e-01 -9.726233370e-02 0.000000000e+00 5.998643356e+00 0.000000000e+00 0.000000000e+00 1.000000000e+00 0.000000000e+00
-1.278942709e-01 9.917878077e-01 0.000000000e+00 2.277407308e+01 -9.917878077e-01 -1.278942709e-01 0.000000000e+00 5.953880361e+00 0.000000000e+00 0.000000000e+00 1.000000000e+00 0.000000000e+00
-1.733590708e-01 9.848586866e-01 0.000000000e+00 2.311877362e+01 -9.848586866e-01 -1.733590708e-01 0.000000000e+00 5.893204686e+00 0.000000000e+00 0.000000000e+00 1.000000000e+00 0.000000000e+00
-2.284846857e-01 9.735475070e-01 0.000000000e+00 2.345951525e+01 -9.735475070e-01 -2.284846857e-01 0.000000000e+00 5.813235046e+00 0.000000000e+00 0.000000000e+00 1.000000000e+00 0.000000000e+00
-2.874408135e-01 9.577984019e-01 0.000000000e+00 2.379474469e+01 -9.577984019e-01 -2.874408135e-01 0.000000000e+00 5.712630762e+00 0.000000000e+00 0.000000000e+00 1.000000000e+00 0.000000000e+00
-3.179633939e-01 9.481029903e-01 0.000000000e+00 2.412658074e+01 -9.481029903e-01 -3.179633939e-01 0.000000000e+00 5.601343574e+00 0.000000000e+00 0.000000000e+00 1.000000000e+00 0.000000000e+00
-3.604356821e-01 9.327840688e-01 0.000000000e+00 2.445305516e+01 -9.327840688e-01 -3.604356821e-01 0.000000000e+00 5.475191085e+00 0.000000000e+00 0.000000000e+00 1.000000000e+00 0.000000000e+00
-3.878775430e-01 9.217109154e-01 0.000000000e+00 2.477565398e+01 -9.217109154e-01 -3.878775430e-01 0.000000000e+00 5.339433945e+00 0.000000000e+00 0.000000000e+00 1.000000000e+00 0.000000000e+00
-4.482138462e-01 8.939263661e-01 0.000000000e+00 2.508852821e+01 -8.939263661e-01 -4.482138462e-01 0.000000000e+00 5.182559099e+00 0.000000000e+00 0.000000000e+00 1.000000000e+00 0.000000000e+00
-4.754210656e-01 8.797583818e-01 0.000000000e+00 2.539644365e+01 -8.797583818e-01 -4.754210656e-01 0.000000000e+00 5.016161726e+00 0.000000000e+00 0.000000000e+00 1.000000000e+00 0.000000000e+00
-4.868523080e-01 8.734843045e-01 0.000000000e+00 2.570216315e+01 -8.734843045e-01 -4.868523080e-01 0.000000000e+00 4.845763418e+00 0.000000000e+00 0.000000000e+00 1.000000000e+00 0.000000000e+00
-4.711551995e-01 8.820503262e-01 0.000000000e+00 2.601088077e+01 -8.820503262e-01 -4.711551995e-01 0.000000000e+00 4.680859098e+00 0.000000000e+00 0.000000000e+00 1.000000000e+00 0.000000000e+00
-4.084554614e-01 9.127782513e-01 0.000000000e+00 2.633035315e+01 -9.127782513e-01 -4.084554614e-01 0.000000000e+00 4.537899687e+00 0.000000000e+00 0.000000000e+00 1.000000000e+00 0.000000000e+00
-3.525264649e-01 9.358018442e-01 0.000000000e+00 2.665788380e+01 -9.358018442e-01 -3.525264649e-01 0.000000000e+00 4.414515424e+00 0.000000000e+00 0.000000000e+00 1.000000000e+00 0.000000000e+00
-3.287586601e-01 9.444139682e-01 0.000000000e+00 2.698842869e+01 -9.444139682e-01 -3.287586601e-01 0.000000000e+00 4.299449893e+00 0.000000000e+00 0.000000000e+00 1.000000000e+00 0.000000000e+00
-3.100459161e-01 9.507215838e-01 0.000000000e+00 2.732118124e+01 -9.507215838e-01 -3.100459161e-01 0.000000000e+00 4.190933822e+00 0.000000000e+00 0.000000000e+00 1.000000000e+00 0.000000000e+00
-2.816896238e-01 9.595055788e-01 0.000000000e+00 2.765700820e+01 -9.595055788e-01 -2.816896238e-01 0.000000000e+00 4.092342454e+00 0.000000000e+00 0.000000000e+00 1.000000000e+00 0.000000000e+00
