1.000000000e+00 0.000000000e+00 0.000000000e+00 0.000000000e+00 0.000000000e+00 1.000000000e+00 0.000000000e+00 0.000000000e+00 0.000000000e+00 0.000000000e+00 1.000000000e+00 0.000000000e+00
9.921147013e-01 -1.253332336e-01 0.000000000e+00 -3.154119474e-02 1.253332336e-01 9.921147013e-01 0.000000000e+00 5.013329343e-01 0.000000000e+00 0.000000000e+00 1.000000000e+00 0.000000000e+00
9.685831611e-01 -2.486898872e-01 0.000000000e+00 -1.256673555e-01 2.486898872e-01 9.685831611e-01 0.000000000e+00 9.947595487e-01 0.000000000e+00 0.000000000e+00 1.000000000e+00 0.000000000e+00
9.297764859e-01 -3.681245527e-01 0.000000000e+00 -2.808940564e-01 3.681245527e-01 9.297764859e-01 0.000000000e+00 1.472498211e+00 0.000000000e+00 0.000000000e+00 1.000000000e+00 0.000000000e+00
8.763066800e-01 -4.817536741e-01 0.000000000e+00 -4.947732798e-01 4.817536741e-01 8.763066800e-01 0.000000000e+00 1.927014696e+00 0.000000000e+00 0.000000000e+00 1.000000000e+00 0.000000000e+00
8.090169944e-01 -5.877852523e-01 0.000000000e+00 -7.639320225e-01 5.877852523e-01 8.090169944e-01 0.000000000e+00 2.351141009e+00 0.000000000e+00 0.000000000e+00 1.000000000e+00 0.000000000e+00
7.289686274e-01 -6.845471059e-01 0.000000000e+00 -1.084125490e+00 6.845471059e-01 7.289686274e-01 0.000000000e+00 2.738188424e+00 0.000000000e+00 0.000000000e+00 1.000000000e+00 0.000000000e+00
6.374239897e-01 -7.705132428e-01 0.000000000e+00 -1.450304041e+00 7.705132428e-01 6.374239897e-01 0.000000000e+00 3.082052971e+00 0.000000000e+00 0.000000000e+00 1.000000000e+00 0.000000000e+00
5.358267950e-01 -8.443279255e-01 0.000000000e+00 -1.856692820e+00 8.443279255e-01 5.358267950e-01 0.000000000e+00 3.377311702e+00 0.000000000e+00 0.000000000e+00 1.000000000e+00 0.000000000e+00
4.257792916e-01 -9.048270525e-01 0.000000000e+00 -2.296882834e+00 9.048270525e-01 4.257792916e-01 0.000000000e+00 3.619308210e+00 0.000000000e+00 0.000000000e+00 1.000000000e+00 0.000000000e+00
3.090169944e-01 -9.510565163e-01 0.000000000e+00 -2.763932023e+00 9.510565163e-01 3.090169944e-01 0.000000000e+00 3.804226065e+00 0.000000000e+00 0.000000000e+00 1.000000000e+00 0.000000000e+00
1.873813146e-01 -9.822872507e-01 0.000000000e+00 -3.250474742e+00 9.822872507e-01 1.873813146e-01 0.000000000e+00 3.929149003e+00 0.000000000e+00 0.000000000e+00 1.000000000e+00 0.000000000e+00
6.279051953e-02 -9.980267284e-01 0.000000000e+00 -3.748837922e+00 9.980267284e-01 6.279051953e-02 0.000000000e+00 3.992106914e+00 0.000000000e+00 0.000000000e+00 1.000000000e+00 0.000000000e+00
-6.279051953e-02 -9.980267284e-01 0.000000000e+00 -4.251162078e+00 9.980267284e-01 -6.279051953e-02 0.000000000e+00 3.992106914e+00 0.000000000e+00 0.000000000e+00 1.000000000e+00 0.000000000e+00
-1.873813146e-01 -9.822872507e-01 0.000000000e+00 -4.749525258e+00 9.822872507e-01 -1.873813146e-01 0.000000000e+00 3.929149003e+00 0.000000000e+00 0.000000000e+00 1.000000000e+00 0.000000000e+00
-3.090169944e-01 -9.510565163e-01 0.000000000e+00 -5.236067977e+00 9.510565163e-01 -3.090169944e-01 0.000000000e+00 3.804226065e+00 0.000000000e+00 0.000000000e+00 1.000000000e+00 0.000000000e+00
-4.257792916e-01 -9.048270525e-01 0.000000000e+00 -5.703117166e+00 9.048270525e-01 -4.257792916e-01 0.000000000e+00 3.619308210e+00 0.000000000e+00 0.000000000e+00 1.000000000e+00 0.000000000e+00
-5.358267950e-01 -8.443279255e-01 0.000000000e+00 -6.143307180e+00 8.443279255e-01 -5.358267950e-01 0.000000000e+00 3.377311702e+00 0.000000000e+00 0.000000000e+00 1.000000000e+00 0.000000000e+00
-6.374239897e-01 -7.705132428e-01 0.000000000e+00 -6.549695959e+00 7.705132428e-01 -6.374239897e-01 0.000000000e+00 3.082052971e+00 0.000000000e+00 0.000000000e+00 1.000000000e+00 0.000000000e+00
-7.289686274e-01 -6.845471059e-01 0.000000000e+00 -6.915874510e+00 6.845471059e-01 -7.289686274e-01 0.000000000e+00 2.738188424e+00 0.000000000e+00 0.000000000e+00 1.000000000e+00 0.000000000e+00
-8.090169944e-01 -5.877852523e-01 0.000000000e+00 -7.236067977e+00 5.877852523e-01 -8.090169944e-01 0.000000000e+00 2.351141009e+00 0.000000000e+00 0.000000000e+00 1.000000000e+00 0.000000000e+00
-8.763066800e-01 -4.817536741e-01 0.000000000e+00 -7.505226720e+00 4.817536741e-01 -8.763066800e-01 0.000000000e+00 1.927014696e+00 0.000000000e+00 0.000000000e+00 1.000000000e+00 0.000000000e+00
-9.297764859e-01 -3.681245527e-01 0.000000000e+00 -7.719105944e+00 3.681245527e-01 -9.297764859e-01 0.000000000e+00 1.472498211e+00 0.000000000e+00 0.000000000e+00 1.000000000e+00 0.000000000e+00
-9.685831611e-01 -2.486898872e-01 0.000000000e+00 -7.874332645e+00 2.486898872e-01 -9.685831611e-01 0.000000000e+00 9.947595487e-01 0.000000000e+00 0.000000000e+00 1.000000000e+00 0.000000000e+00
-9.921147013e-01 -1.253332336e-01 0.000000000e+00 -7.968458805e+00 1.253332336e-01 -9.921147013e-01 0.000000000e+00 5.013329343e-01 0.000000000e+00 0.000000000e+00 1.000000000e+00 0.000000000e+00
-1.000000000e+00 -1.224646799e-16 0.000000000e+00 -8.000000000e+00 1.224646799e-16 -1.000000000e+00 0.000000000e+00 -1.286498120e-15 0.000000000e+00 0.000000000e+00 1.000000000e+00 0.000000000e+00
-9.921147013e-01 1.253332336e-01 0.000000000e+00 -7.968458805e+00 -1.253332336e-01 -9.921147013e-01 0.000000000e+00 -5.013329343e-01 0.000000000e+00 0.000000000e+00 1.000000000e+00 0.000000000e+00
-9.685831611e-01 2.486898872e-01 0.000000000e+00 -7.874332645e+00 -2.486898872e-01 -9.685831611e-01 0.000000000e+00 -9.947595487e-01 0.000000000e+00 0.000000000e+00 1.000000000e+00 0.000000000e+00
-9.297764859e-01 3.681245527e-01 0.000000000e+00 -7.719105944e+00 -3.681245527e-01 -9.297764859e-01 0.000000000e+00 -1.472498211e+00 0.000000000e+00 0.000000000e+00 1.000000000e+00 0.000000000e+00
-8.763066800e-01 4.817536741e-01 0.000000000e+00 -7.505226720e+00 -4.817536741e-01 -8.763066800e-01 0.000000000e+00 -1.927014696e+00 0.000000000e+00 0.000000000e+00 1.000000000e+00 0.000000000e+00
-8.090169944e-01 5.877852523e-01 0.000000000e+00 -7.236067977e+00 -5.877852523e-01 -8.090169944e-01 0.000000000e+00 -2.351141009e+00 0.000000000e+00 0.000000000e+00 1.000000000e+00 0.000000000e+00
-7.289686274e-01 6.845471059e-01 0.000000000e+00 -6.915874510e+00 -6.845471059e-01 -7.289686274e-01 0.000000000e+00 -2.738188424e+00 0.000000000e+00 0.000000000e+00 1.000000000e+00 0.000000000e+00
-6.374239897e-01 7.705132428e-01 0.000000000e+00 -6.549695959e+00 -7.705132428e-01 -6.374239897e-01 0.000000000e+00 -3.082052971e+00 0.000000000e+00 0.000000000e+00 1.000000000e+00 0.000000000e+00
-5.358267950e-01 8.443279255e-01 0.000000000e+00 -6.143307180e+00 -8.443279255e-01 -5.358267950e-01 0.000000000e+00 -3.377311702e+00 0.000000000e+00 0.000000000e+00 1.000000000e+00 0.000000000e+00
-4.257792916e-01 9.048270525e-01 0.000000000e+00 -5.703117166e+00 -9.048270525e-01 -4.257792916e-01 0.000000000e+00 -3.619308210e+00 0.000000000e+00 0.000000000e+00 1.000000000e+00 0.000000000e+00
-3.090169944e-01 9.510565163e-01 0.000000000e+00 -5.236067977e+00 -9.510565163e-01 -3.090169944e-01 0.000000000e+00 -3.804226065e+00 0.000000000e+00 0.000000000e+00 1.000000000e+00 0.000000000e+00
-1.873813146e-01 9.822872507e-01 0.000000000e+00 -4.749525258e+00 -9.822872507e-01 -1.873813146e-01 0.000000000e+00 -3.929149003e+00 0.000000000e+00 0.000000000e+00 1.000000000e+00 0.000000000e+00
-6.279051953e-02 9.980267284e-01 0.000000000e+00 -4.251162078e+00 -9.980267284e-01 -6.279051953e-02 0.000000000e+00 -3.992106914e+00 0.000000000e+00 0.000000000e+00 1.000000000e+00 0.000000000e+00
6.279051953e-02 9.980267284e-01 0.000000000e+00 -3.748837922e+00 -9.980267284e-01 6.279051953e-02 0.000000000e+00 -3.992106914e+00 0.000000000e+00 0.000000000e+00 1.000000000e+00 0.000000000e+00
1.873813146e-01 9.822872507e-01 0.000000000e+00 -3.250474742e+00 -9.822872507e-01 1.873813146e-01 0.000000000e+00 -3.929149003e+00 0.000000000e+00 0.000000000e+00 1.000000000e+00 0.000000000e+00
3.090169944e-01 9.510565163e-01 0.000000000e+00 -2.763932023e+00 -9.510565163e-01 3.090169944e-01 0.000000000e+00 -3.804226065e+00 0.000000000e+00 0.000000000e+00 1.000000000e+00 0.000000000e+00
4.257792916e-01 9.048270525e-01 0.000000000e+00 -2.296882834e+00 -9.048270525e-01 4.257792916e-01 0.000000000e+00 -3.619308210e+00 0.000000000e+00 0.000000000e+00 1.000000000e+00 0.000000000e+00
5.358267950e-01 8.443279255e-01 0.000000000e+00 -1.856692820e+00 -8.443279255e-01 5.358267950e-01 0.000000000e+00 -3.377311702e+00 0.000000000e+00 0.000000000e+00 1.000000000e+00 0.000000000e+00
6.374239897e-01 7.705132428e-01 0.000000000e+00 -1.450304041e+00 -7.705132428e-01 6.374239897e-01 0.000000000e+00 -3.082052971e+00 0.000000000e+00 0.000000000e+00 1.000000000e+00 0.000000000e+00
7.289686274e-01 6.845471059e-01 0.000000000e+00 -1.084125490e+00 -6.845471059e-01 7.289686274e-01 0.000000000e+00 -2.738188424e+00 0.000000000e+00 0.000000000e+00 1.000000000e+00 0.000000000e+00
8.090169944e-01 5.877852523e-01 0.000000000e+00 -7.639320225e-01 -5.877852523e-01 8.090169944e-01 0.000000000e+00 -2.351141009e+00 0.000000000e+00 0.000000000e+00 1.000000000e+00 0.000000000e+00
8.763066800e-01 4.817536741e-01 0.000000000e+00 -4.947732798e-01 -4.817536741e-01 8.763066800e-01 0.000000000e+00 -1.927014696e+00 0.000000000e+00 0.000000000e+00 1.000000000e+00 0.000000000e+00
9.297764859e-01 3.681245527e-01 0.000000000e+00 -2.808940564e-01 -3.681245527e-01 9.297764859e-01 0.000000000e+00 -1.472498211e+00 0.000000000e+00 0.000000000e+00 1.000000000e+00 0.000000000e+00
9.685831611e-01 2.486898872e-01 0.000000000e+00 -1.256673555e-01 -2.486898872e-01 9.685831611e-01 0.000000000e+00 -9.947595487e-01 0.000000000e+00 0.000000000e+00 1.000000000e+00 0.000000000e+00
9.921147013e-01 1.253332336e-01 0.000000000e+00 -3.154119474e-02 -1.253332336e-01 9.921147013e-01 0.000000000e+00 -5.013329343e-01 0.000000000e+00 0.000000000e+00 1.000000000e+00 0.000000000e+00
1.000000000e+00 -6.432490599e-16 0.000000000e+00 0.000000000e+00 6.432490599e-16 1.000000000e+00 0.000000000e+00 2.572996239e-15 0.000000000e+00 0.000000000e+00 1.000000000e+00 0.000000000e+00
9.921147013e-01 -1.253332336e-01 0.000000000e+00 -3.154119474e-02 1.253332336e-01 9.921147013e-01 0.000000000e+00 5.013329343e-01 0.000000000e+00 0.000000000e+00 1.000000000e+00 0.000000000e+00
9.685831611e-01 -2.486898872e-01 0.000000000e+00 -1.256673555e-01 2.486898872e-01 9.685831611e-01 0.000000000e+00 9.947595487e-01 0.000000000e+00 0.000000000e+00 1.000000000e+00 0.000000000e+00
9.297764859e-01 -3.681245527e-01 0.000000000e+00 -2.808940564e-01 3.681245527e-01 9.297764859e-01 0.000000000e+00 1.472498211e+00 0.000000000e+00 0.000000000e+00 1.000000000e+00 0.000000000e+00
8.763066800e-01 -4.817536741e-01 0.000000000e+00 -4.947732798e-01 4.817536741e-01 8.763066800e-01 0.000000000e+00 1.927014696e+00 0.000000000e+00 0.000000000e+00 1.000000000e+00 0.000000000e+00
8.090169944e-01 -5.877852523e-01 0.000000000e+00 -7.639320225e-01 5.877852523e-01 8.090169944e-01 0.000000000e+00 2.351141009e+00 0.000000000e+00 0.000000000e+00 1.000000000e+00 0.000000000e+00
7.289686274e-01 -6.845471059e-01 0.000000000e+00 -1.084125490e+00 6.845471059e-01 7.289686274e-01 0.000000000e+00 2.738188424e+00 0.000000000e+00 0.000000000e+00 1.000000000e+00 0.000000000e+00
6.374239897e-01 -7.705132428e-01 0.000000000e+00 -1.450304041e+00 7.705132428e-01 6.374239897e-01 0.000000000e+00 3.082052971e+00 0.000000000e+00 0.000000000e+00 1.000000000e+00 0.000000000e+00
5.358267950e-01 -8.443279255e-01 0.000000000e+00 -1.856692820e+00 8.443279255e-01 5.358267950e-01 0.000000000e+00 3.377311702e+00 0.000000000e+00 0.000000000e+00 1.000000000e+00 0.000000000e+00
4.257792916e-01 -9.048270525e-01 0.000000000e+00 -2.296882834e+00 9.048270525e-01 4.257792916e-01 0.000000000e+00 3.619308210e+00 0.000000000e+00 0.000000000e+00 1.000000000e+00 0.000000000e+00
3.090169944e-01 -9.510565163e-01 0.000000000e+00 -2.763932023e+00 9.510565163e-01 3.090169944e-01 0.000000000e+00 3.804226065e+00 0.000000000e+00 0.000000000e+00 1.000000000e+00 0.000000000e+00
1.873813146e-01 -9.822872507e-01 0.000000000e+00 -3.250474742e+00 9.822872507e-01 1.873813146e-01 0.000000000e+00 3.929149003e+00 0.000000000e+00 0.000000000e+00 1.000000000e+00 0.000000000e+00
6.279051953e-02 -9.980267284e-01 0.000000000e+00 -3.748837922e+00 9.980267284e-01 6.279051953e-02 0.000000000e+00 3.992106914e+00 0.000000000e+00 0.000000000e+00 1.000000000e+00 0.000000000e+00
-6.279051953e-02 -9.980267284e-01 0.000000000e+00 -4.251162078e+00 9.980267284e-01 -6.279051953e-02 0.000000000e+00 3.992106914e+00 0.000000000e+00 0.000000000e+00 1.000000000e+00 0.000000000e+00
-1.873813146e-01 -9.822872507e-01 0.000000000e+00 -4.749525258e+00 9.822872507e-01 -1.873813146e-01 0.000000000e+00 3.929149003e+00 0.000000000e+00 0.000000000e+00 1.000000000e+00 0.000000000e+00
-3.090169944e-01 -9.510565163e-01 0.000000000e+00 -5.236067977e+00 9.510565163e-01 -3.090169944e-01 0.000000000e+00 3.804226065e+00 0.000000000e+00 0.000000000e+00 1.000000000e+00 0.000000000e+00
-4.257792916e-01 -9.048270525e-01 0.000000000e+00 -5.703117166e+00 9.048270525e-01 -4.257792916e-01 0.000000000e+00 3.619308210e+00 0.000000000e+00 0.000000000e+00 1.000000000e+00 0.000000000e+00
-5.358267950e-01 -8.443279255e-01 0.000000000e+00 -6.143307180e+00 8.443279255e-01 -5.358267950e-01 0.000000000e+00 3.377311702e+00 0.000000000e+00 0.000000000e+00 1.000000000e+00 0.000000000e+00
-6.374239897e-01 -7.705132428e-01 0.000000000e+00 -6.549695959e+00 7.705132428e-01 -6.374239897e-01 0.000000000e+00 3.082052971e+00 0.000000000e+00 0.000000000e+00 1.000000000e+00 0.000000000e+00
-7.289686274e-01 -6.845471059e-01 0.000000000e+00 -6.915874510e+00 6.845471059e-01 -7.289686274e-01 0.000000000e+00 2.738188424e+00 0.000000000e+00 0.000000000e+00 1.000000000e+00 0.000000000e+00
-8.090169944e-01 -5.877852523e-01 0.000000000e+00 -7.236067977e+00 5.877852523e-01 -8.090169944e-01 0.000000000e+00 2.351141009e+00 0.000000000e+00 0.000000000e+00 1.000000000e+00 0.000000000e+00
-8.763066800e-01 -4.817536741e-01 0.000000000e+00 -7.505226720e+00 4.817536741e-01 -8.763066800e-01 0.000000000e+00 1.927014696e+00 0.000000000e+00 0.000000000e+00 1.000000000e+00 0.000000000e+00
-9.297764859e-01 -3.681245527e-01 0.000000000e+00 -7.719105944e+00 3.681245527e-01 -9.297764859e-01 0.000000000e+00 1.472498211e+00 0.000000000e+00 0.000000000e+00 1.000000000e+00 0.000000000e+00
-9.685831611e-01 -2.486898872e-01 0.000000000e+00 -7.874332645e+00 2.486898872e-01 -9.685831611e-01 0.000000000e+00 9.947595487e-01 0.000000000e+00 0.000000000e+00 1.000000000e+00 0.000000000e+00
-9.921147013e-01 -1.253332336e-01 0.000000000e+00 -7.968458805e+00 1.253332336e-01 -9.921147013e-01 0.000000000e+00 5.013329343e-01 0.000000000e+00 0.000000000e+00 1.000000000e+00 0.000000000e+00
-1.000000000e+00 -3.673940397e-16 0.000000000e+00 -8.000000000e+00 3.673940397e-16 -1.000000000e+00 0.000000000e+00 1.469576159e-15 0.000000000e+00 0.000000000e+00 1.000000000e+00 0.000000000e+00
-9.921147013e-01 1.253332336e-01 0.000000000e+00 -7.968458805e+00 -1.253332336e-01 -9.921147013e-01 0.000000000e+00 -5.013329343e-01 0.000000000e+00 0.000000000e+00 1.000000000e+00 0.000000000e+00
-9.685831611e-01 2.486898872e-01 0.000000000e+00 -7.874332645e+00 -2.486898872e-01 -9.685831611e-01 0.000000000e+00 -9.947595487e-01 0.000000000e+00 0.000000000e+00 1.000000000e+00 0.000000000e+00
-9.297764859e-01 3.681245527e-01 0.000000000e+00 -7.719105944e+00 -3.681245527e-01 -9.297764859e-01 0.000000000e+00 -1.472498211e+00 0.000000000e+00 0.000000000e+00 1.000000000e+00 0.000000000e+00
-8.763066800e-01 4.817536741e-01 0.000000000e+00 -7.505226720e+00 -4.817536741e-01 -8.763066800e-01 0.000000000e+00 -1.927014696e+00 0.000000000e+00 0.000000000e+00 1.000000000e+00 0.000000000e+00
-8.090169944e-01 5.877852523e-01 0.000000000e+00 -7.236067977e+00 -5.877852523e-01 -8.090169944e-01 0.000000000e+00 -2.351141009e+00 0.000000000e+00 0.000000000e+00 1.000000000e+00 0.000000000e+00
-7.289686274e-01 6.845471059e-01 0.000000000e+00 -6.915874510e+00 -6.845471059e-01 -7.289686274e-01 0.000000000e+00 -2.738188424e+00 0.000000000e+00 0.000000000e+00 1.000000000e+00 0.000000000e+00
-6.374239897e-01 7.705132428e-01 0.000000000e+00 -6.549695959e+00 -7.705132428e-01 -6.374239897e-01 0.000000000e+00 -3.082052971e+00 0.000000000e+00 0.000000000e+00 1.000000000e+00 0.000000000e+00
-5.358267950e-01 8.443279255e-01 0.000000000e+00 -6.143307180e+00 -8.443279255e-01 -5.358267950e-01 0.000000000e+00 -3.377311702e+00 0.000000000e+00 0.000000000e+00 1.000000000e+00 0.000000000e+00
-4.257792916e-01 9.048270525e-01 0.000000000e+00 -5.703117166e+00 -9.048270525e-01 -4.257792916e-01 0.000000000e+00 -3.619308210e+00 0.000000000e+00 0.000000000e+00 1.000000000e+00 0.000000000e+00
-3.090169944e-01 9.510565163e-01 0.000000000e+00 -5.236067977e+00 -9.510565163e-01 -3.090169944e-01 0.000000000e+00 -3.804226065e+00 0.000000000e+00 0.000000000e+00 1.000000000e+00 0.000000000e+00
-1.873813146e-01 9.822872507e-01 0.000000000e+00 -4.749525258e+00 -9.822872507e-01 -1.873813146e-01 0.000000000e+00 -3.929149003e+00 0.000000000e+00 0.000000000e+00 1.000000000e+00 0.000000000e+00
-6.279051953e-02 9.980267284e-01 0.000000000e+00 -4.251162078e+00 -9.980267284e-01 -6.279051953e-02 0.000000000e+00 -3.992106914e+00 0.000000000e+00 0.000000000e+00 1.000000000e+00 0.000000000e+00
6.279051953e-02 9.980267284e-01 0.000000000e+00 -3.748837922e+00 -9.980267284e-01 6.279051953e-02 0.000000000e+00 -3.992106914e+00 0.000000000e+00 0.000000000e+00 1.000000000e+00 0.000000000e+00
1.873813146e-01 9.822872507e-01 0.000000000e+00 -3.250474742e+00 -9.822872507e-01 1.873813146e-01 0.000000000e+00 -3.929149003e+00 0.000000000e+00 0.000000000e+00 1.000000000e+00 0.000000000e+00
3.090169944e-01 9.510565163e-01 0.000000000e+00 -2.763932023e+00 -9.510565163e-01 3.090169944e-01 0.000000000e+00 -3.804226065e+00 0.000000000e+00 0.000000000e+00 1.000000000e+00 0.000000000e+00
4.257792916e-01 9.048270525e-01 0.000000000e+00 -2.296882834e+00 -9.048270525e-01 4.257792916e-01 0.000000000e+00 -3.619308210e+00 0.000000000e+00 0.000000000e+00 1.000000000e+00 0.000000000e+00
5.358267950e-01 8.443279255e-01 0.000000000e+00 -1.856692820e+00 -8.443279255e-01 5.358267950e-01 0.000000000e+00 -3.377311702e+00 0.000000000e+00 0.000000000e+00 1.000000000e+00 0.000000000e+00
6.374239897e-01 7.705132428e-01 0.000000000e+00 -1.450304041e+00 -7.705132428e-01 6.374239897e-01 0.000000000e+00 -3.082052971e+00 0.000000000e+00 0.000000000e+00 1.000000000e+00 0.000000000e+00
7.289686274e-01 6.845471059e-01 0.000000000e+00 -1.084125490e+00 -6.845471059e-01 7.289686274e-01 0.000000000e+00 -2.738188424e+00 0.000000000e+00 0.000000000e+00 1.000000000e+00 0.000000000e+00
8.090169944e-01 5.877852523e-01 0.000000000e+00 -7.639320225e-01 -5.877852523e-01 8.090169944e-01 0.000000000e+00 -2.351141009e+00 0.000000000e+00 0.000000000e+00 1.000000000e+00 0.000000000e+00
8.763066800e-01 4.817536741e-01 0.000000000e+00 -4.947732798e-01 -4.817536741e-01 8.763066800e-01 0.000000000e+00 -1.927014696e+00 0.000000000e+00 0.000000000e+00 1.000000000e+00 0.000000000e+00
9.297764859e-01 3.681245527e-01 0.000000000e+00 -2.808940564e-01 -3.681245527e-01 9.297764859e-01 0.000000000e+00 -1.472498211e+00 0.000000000e+00 0.000000000e+00 1.000000000e+00 0.000000000e+00
9.685831611e-01 2.486898872e-01 0.000000000e+00 -1.256673555e-01 -2.486898872e-01 9.685831611e-01 0.000000000e+00 -9.947595487e-01 0.000000000e+00 0.000000000e+00 1.000000000e+00 0.000000000e+00
9.921147013e-01 1.253332336e-01 0.000000000e+00 -3.154119474e-02 -1.253332336e-01 9.921147013e-01 0.000000000e+00 -5.013329343e-01 0.000000000e+00 0.000000000e+00 1.000000000e+00 0.000000000e+00
1.000000000e+00 4.898587197e-16 0.000000000e+00 0.000000000e+00 -4.898587197e-16 1.000000000e+00 0.000000000e+00 -1.959434879e-15 0.000000000e+00 0.000000000e+00 1.000000000e+00 0.000000000e+00
