1.000000000e+00 0.000000000e+00 0.000000000e+00 0.000000000e+00 0.000000000e+00 1.000000000e+00 0.000000000e+00 0.000000000e+00 0.000000000e+00 0.000000000e+00 1.000000000e+00 0.000000000e+00
9.940423100e-01 -1.089948894e-01 0.000000000e+00 -2.724872235e-02 1.089948894e-01 9.940423100e-01 0.000000000e+00 2.485105775e-01 0.000000000e+00 0.000000000e+00 1.000000000e+00 0.000000000e+00
9.768194142e-01 -2.140650183e-01 0.000000000e+00 -8.076497693e-02 2.140650183e-01 9.768194142e-01 0.000000000e+00 4.927154310e-01 0.000000000e+00 0.000000000e+00 1.000000000e+00 0.000000000e+00
9.501919380e-01 -3.116653348e-01 0.000000000e+00 -1.586813106e-01 3.116653348e-01 9.501919380e-01 0.000000000e+00 7.302634156e-01 0.000000000e+00 0.000000000e+00 1.000000000e+00 0.000000000e+00
9.169806478e-01 -3.989316877e-01 0.000000000e+00 -2.584142326e-01 3.989316877e-01 9.169806478e-01 0.000000000e+00 9.595085775e-01 0.000000000e+00 0.000000000e+00 1.000000000e+00 0.000000000e+00
8.806074663e-01 -4.738464838e-01 0.000000000e+00 -3.768758535e-01 4.738464838e-01 8.806074663e-01 0.000000000e+00 1.179660444e+00 0.000000000e+00 0.000000000e+00 1.000000000e+00 0.000000000e+00
8.446954471e-01 -5.352472341e-01 0.000000000e+00 -5.106876620e-01 5.352472341e-01 8.446954471e-01 0.000000000e+00 1.390834306e+00 0.000000000e+00 0.000000000e+00 1.000000000e+00 0.000000000e+00
8.126915104e-01 -5.826941813e-01 0.000000000e+00 -6.563612074e-01 5.826941813e-01 8.126915104e-01 0.000000000e+00 1.594007183e+00 0.000000000e+00 0.000000000e+00 1.000000000e+00 0.000000000e+00
7.875564351e-01 -6.162425347e-01 0.000000000e+00 -8.104218410e-01 6.162425347e-01 7.875564351e-01 0.000000000e+00 1.790896292e+00 0.000000000e+00 0.000000000e+00 1.000000000e+00 0.000000000e+00
7.715409410e-01 -6.361796730e-01 0.000000000e+00 -9.694667593e-01 6.361796730e-01 7.715409410e-01 0.000000000e+00 1.983781527e+00 0.000000000e+00 0.000000000e+00 1.000000000e+00 0.000000000e+00
7.660444431e-01 -6.427876097e-01 0.000000000e+00 -1.130163662e+00 6.427876097e-01 7.660444431e-01 0.000000000e+00 2.175292638e+00 0.000000000e+00 0.000000000e+00 1.000000000e+00 0.000000000e+00
7.715409410e-01 -6.361796730e-01 0.000000000e+00 -1.289208580e+00 6.361796730e-01 7.715409410e-01 0.000000000e+00 2.368177874e+00 0.000000000e+00 0.000000000e+00 1.000000000e+00 0.000000000e+00
7.875564351e-01 -6.162425347e-01 0.000000000e+00 -1.443269214e+00 6.162425347e-01 7.875564351e-01 0.000000000e+00 2.565066982e+00 0.000000000e+00 0.000000000e+00 1.000000000e+00 0.000000000e+00
8.126915104e-01 -5.826941813e-01 0.000000000e+00 -1.588942759e+00 5.826941813e-01 8.126915104e-01 0.000000000e+00 2.768239860e+00 0.000000000e+00 0.000000000e+00 1.000000000e+00 0.000000000e+00
8.446954471e-01 -5.352472341e-01 0.000000000e+00 -1.722754568e+00 5.352472341e-01 8.446954471e-01 0.000000000e+00 2.979413722e+00 0.000000000e+00 0.000000000e+00 1.000000000e+00 0.000000000e+00
8.806074663e-01 -4.738464838e-01 0.000000000e+00 -1.841216188e+00 4.738464838e-01 8.806074663e-01 0.000000000e+00 3.199565588e+00 0.000000000e+00 0.000000000e+00 1.000000000e+00 0.000000000e+00
9.169806478e-01 -3.989316877e-01 0.000000000e+00 -1.940949110e+00 3.989316877e-01 9.169806478e-01 0.000000000e+00 3.428810750e+00 0.000000000e+00 0.000000000e+00 1.000000000e+00 0.000000000e+00
9.501919380e-01 -3.116653348e-01 0.000000000e+00 -2.018865444e+00 3.116653348e-01 9.501919380e-01 0.000000000e+00 3.666358735e+00 0.000000000e+00 0.000000000e+00 1.000000000e+00 0.000000000e+00
9.768194142e-01 -2.140650183e-01 0.000000000e+00 -2.072381699e+00 2.140650183e-01 9.768194142e-01 0.000000000e+00 3.910563588e+00 0.000000000e+00 0.000000000e+00 1.000000000e+00 0.000000000e+00
9.940423100e-01 -1.089948894e-01 0.000000000e+00 -2.099630421e+00 1.089948894e-01 9.940423100e-01 0.000000000e+00 4.159074166e+00 0.000000000e+00 0.000000000e+00 1.000000000e+00 0.000000000e+00
1.000000000e+00 0.000000000e+00 0.000000000e+00 -2.099630421e+00 0.000000000e+00 1.000000000e+00 0.000000000e+00 4.409074166e+00 0.000000000e+00 0.000000000e+00 1.000000000e+00 0.000000000e+00
9.940423100e-01 1.089948894e-01 0.000000000e+00 -2.072381699e+00 -1.089948894e-01 9.940423100e-01 0.000000000e+00 4.657584743e+00 0.000000000e+00 0.000000000e+00 1.000000000e+00 0.000000000e+00
9.768194142e-01 2.140650183e-01 0.000000000e+00 -2.018865444e+00 -2.140650183e-01 9.768194142e-01 0.000000000e+00 4.901789597e+00 0.000000000e+00 0.000000000e+00 1.000000000e+00 0.000000000e+00
9.501919380e-01 3.116653348e-01 0.000000000e+00 -1.940949110e+00 -3.116653348e-01 9.501919380e-01 0.000000000e+00 5.139337581e+00 0.000000000e+00 0.000000000e+00 1.000000000e+00 0.000000000e+00
9.169806478e-01 3.989316877e-01 0.000000000e+00 -1.841216188e+00 -3.989316877e-01 9.169806478e-01 0.000000000e+00 5.368582743e+00 0.000000000e+00 0.000000000e+00 1.000000000e+00 0.000000000e+00
8.806074663e-01 4.738464838e-01 0.000000000e+00 -1.722754568e+00 -4.738464838e-01 8.806074663e-01 0.000000000e+00 5.588734610e+00 0.000000000e+00 0.000000000e+00 1.000000000e+00 0.000000000e+00
8.446954471e-01 5.352472341e-01 0.000000000e+00 -1.588942759e+00 -5.352472341e-01 8.446954471e-01 0.000000000e+00 5.799908472e+00 0.000000000e+00 0.000000000e+00 1.000000000e+00 0.000000000e+00
8.126915104e-01 5.826941813e-01 0.000000000e+00 -1.443269214e+00 -5.826941813e-01 8.126915104e-01 0.000000000e+00 6.003081349e+00 0.000000000e+00 0.000000000e+00 1.000000000e+00 0.000000000e+00
7.875564351e-01 6.162425347e-01 0.000000000e+00 -1.289208580e+00 -6.162425347e-01 7.875564351e-01 0.000000000e+00 6.199970458e+00 0.000000000e+00 0.000000000e+00 1.000000000e+00 0.000000000e+00
7.715409410e-01 6.361796730e-01 0.000000000e+00 -1.130163662e+00 -6.361796730e-01 7.715409410e-01 0.000000000e+00 6.392855693e+00 0.000000000e+00 0.000000000e+00 1.000000000e+00 0.000000000e+00
7.660444431e-01 6.427876097e-01 0.000000000e+00 -9.694667593e-01 -6.427876097e-01 7.660444431e-01 0.000000000e+00 6.584366804e+00 0.000000000e+00 0.000000000e+00 1.000000000e+00 0.000000000e+00
7.715409410e-01 6.361796730e-01 0.000000000e+00 -8.104218410e-01 -6.361796730e-01 7.715409410e-01 0.000000000e+00 6.777252039e+00 0.000000000e+00 0.000000000e+00 1.000000000e+00 0.000000000e+00
7.875564351e-01 6.162425347e-01 0.000000000e+00 -6.563612074e-01 -6.162425347e-01 7.875564351e-01 0.000000000e+00 6.974141148e+00 0.000000000e+00 0.000000000e+00 1.000000000e+00 0.000000000e+00
8.126915104e-01 5.826941813e-01 0.000000000e+00 -5.106876620e-01 -5.826941813e-01 8.126915104e-01 0.000000000e+00 7.177314026e+00 0.000000000e+00 0.000000000e+00 1.000000000e+00 0.000000000e+00
8.446954471e-01 5.352472341e-01 0.000000000e+00 -3.768758535e-01 -5.352472341e-01 8.446954471e-01 0.000000000e+00 7.388487887e+00 0.000000000e+00 0.000000000e+00 1.000000000e+00 0.000000000e+00
8.806074663e-01 4.738464838e-01 0.000000000e+00 -2.584142326e-01 -4.738464838e-01 8.806074663e-01 0.000000000e+00 7.608639754e+00 0.000000000e+00 0.000000000e+00 1.000000000e+00 0.000000000e+00
9.169806478e-01 3.989316877e-01 0.000000000e+00 -1.586813106e-01 -3.989316877e-01 9.169806478e-01 0.000000000e+00 7.837884916e+00 0.000000000e+00 0.000000000e+00 1.000000000e+00 0.000000000e+00
9.501919380e-01 3.116653348e-01 0.000000000e+00 -8.076497693e-02 -3.116653348e-01 9.501919380e-01 0.000000000e+00 8.075432901e+00 0.000000000e+00 0.000000000e+00 1.000000000e+00 0.000000000e+00
9.768194142e-01 2.140650183e-01 0.000000000e+00 -2.724872235e-02 -2.140650183e-01 9.768194142e-01 0.000000000e+00 8.319637754e+00 0.000000000e+00 0.000000000e+00 1.000000000e+00 0.000000000e+00
9.940423100e-01 1.089948894e-01 0.000000000e+00 7.050590129e-16 -1.089948894e-01 9.940423100e-01 0.000000000e+00 8.568148332e+00 0.000000000e+00 0.000000000e+00 1.000000000e+00 0.000000000e+00
1.000000000e+00 2.220446049e-16 0.000000000e+00 7.631153356e-16 -2.220446049e-16 1.000000000e+00 0.000000000e+00 8.818148332e+00 0.000000000e+00 0.000000000e+00 1.000000000e+00 0.000000000e+00
9.940423100e-01 -1.089948894e-01 0.000000000e+00 -2.724872235e-02 1.089948894e-01 9.940423100e-01 0.000000000e+00 9.066658909e+00 0.000000000e+00 0.000000000e+00 1.000000000e+00 0.000000000e+00
9.768194142e-01 -2.140650183e-01 0.000000000e+00 -8.076497693e-02 2.140650183e-01 9.768194142e-01 0.000000000e+00 9.310863763e+00 0.000000000e+00 0.000000000e+00 1.000000000e+00 0.000000000e+00
9.501919380e-01 -3.116653348e-01 0.000000000e+00 -1.586813106e-01 3.116653348e-01 9.501919380e-01 0.000000000e+00 9.548411747e+00 0.000000000e+00 0.000000000e+00 1.000000000e+00 0.000000000e+00
9.169806478e-01 -3.989316877e-01 0.000000000e+00 -2.584142326e-01 3.989316877e-01 9.169806478e-01 0.000000000e+00 9.777656909e+00 0.000000000e+00 0.000000000e+00 1.000000000e+00 0.000000000e+00
8.806074663e-01 -4.738464838e-01 0.000000000e+00 -3.768758535e-01 4.738464838e-01 8.806074663e-01 0.000000000e+00 9.997808776e+00 0.000000000e+00 0.000000000e+00 1.000000000e+00 0.000000000e+00
8.446954471e-01 -5.352472341e-01 0.000000000e+00 -5.106876620e-01 5.352472341e-01 8.446954471e-01 0.000000000e+00 1.020898264e+01 0.000000000e+00 0.000000000e+00 1.000000000e+00 0.000000000e+00
8.126915104e-01 -5.826941813e-01 0.000000000e+00 -6.563612074e-01 5.826941813e-01 8.126915104e-01 0.000000000e+00 1.041215552e+01 0.000000000e+00 0.000000000e+00 1.000000000e+00 0.000000000e+00
7.875564351e-01 -6.162425347e-01 0.000000000e+00 -8.104218410e-01 6.162425347e-01 7.875564351e-01 0.000000000e+00 1.060904462e+01 0.000000000e+00 0.000000000e+00 1.000000000e+00 0.000000000e+00
7.715409410e-01 -6.361796730e-01 0.000000000e+00 -9.694667593e-01 6.361796730e-01 7.715409410e-01 0.000000000e+00 1.080192986e+01 0.000000000e+00 0.000000000e+00 1.000000000e+00 0.000000000e+00
7.660444431e-01 -6.427876097e-01 0.000000000e+00 -1.130163662e+00 6.427876097e-01 7.660444431e-01 0.000000000e+00 1.099344097e+01 0.000000000e+00 0.000000000e+00 1.000000000e+00 0.000000000e+00
7.715409410e-01 -6.361796730e-01 0.000000000e+00 -1.289208580e+00 6.361796730e-01 7.715409410e-01 0.000000000e+00 1.118632621e+01 0.000000000e+00 0.000000000e+00 1.000000000e+00 0.000000000e+00
7.875564351e-01 -6.162425347e-01 0.000000000e+00 -1.443269214e+00 6.162425347e-01 7.875564351e-01 0.000000000e+00 1.138321531e+01 0.000000000e+00 0.000000000e+00 1.000000000e+00 0.000000000e+00
8.126915104e-01 -5.826941813e-01 0.000000000e+00 -1.588942759e+00 5.826941813e-01 8.126915104e-01 0.000000000e+00 1.158638819e+01 0.000000000e+00 0.000000000e+00 1.000000000e+00 0.000000000e+00
8.446954471e-01 -5.352472341e-01 0.000000000e+00 -1.722754568e+00 5.352472341e-01 8.446954471e-01 0.000000000e+00 1.179756205e+01 0.000000000e+00 0.000000000e+00 1.000000000e+00 0.000000000e+00
8.806074663e-01 -4.738464838e-01 0.000000000e+00 -1.841216188e+00 4.738464838e-01 8.806074663e-01 0.000000000e+00 1.201771392e+01 0.000000000e+00 0.000000000e+00 1.000000000e+00 0.000000000e+00
9.169806478e-01 -3.989316877e-01 0.000000000e+00 -1.940949110e+00 3.989316877e-01 9.169806478e-01 0.000000000e+00 1.224695908e+01 0.000000000e+00 0.000000000e+00 1.000000000e+00 0.000000000e+00
9.501919380e-01 -3.116653348e-01 0.000000000e+00 -2.018865444e+00 3.116653348e-01 9.501919380e-01 0.000000000e+00 1.248450707e+01 0.000000000e+00 0.000000000e+00 1.000000000e+00 0.000000000e+00
9.768194142e-01 -2.140650183e-01 0.000000000e+00 -2.072381699e+00 2.140650183e-01 9.768194142e-01 0.000000000e+00 1.272871192e+01 0.000000000e+00 0.000000000e+00 1.000000000e+00 0.000000000e+00
9.940423100e-01 -1.089948894e-01 0.000000000e+00 -2.099630421e+00 1.089948894e-01 9.940423100e-01 0.000000000e+00 1.297722250e+01 0.000000000e+00 0.000000000e+00 1.000000000e+00 0.000000000e+00
1.000000000e+00 -2.220446049e-16 0.000000000e+00 -2.099630421e+00 2.220446049e-16 1.000000000e+00 0.000000000e+00 1.322722250e+01 0.000000000e+00 0.000000000e+00 1.000000000e+00 0.000000000e+00
9.940423100e-01 1.089948894e-01 0.000000000e+00 -2.072381699e+00 -1.089948894e-01 9.940423100e-01 0.000000000e+00 1.347573307e+01 0.000000000e+00 0.000000000e+00 1.000000000e+00 0.000000000e+00
9.768194142e-01 2.140650183e-01 0.000000000e+00 -2.018865444e+00 -2.140650183e-01 9.768194142e-01 0.000000000e+00 1.371993793e+01 0.000000000e+00 0.000000000e+00 1.000000000e+00 0.000000000e+00
9.501919380e-01 3.116653348e-01 0.000000000e+00 -1.940949110e+00 -3.116653348e-01 9.501919380e-01 0.000000000e+00 1.395748591e+01 0.000000000e+00 0.000000000e+00 1.000000000e+00 0.000000000e+00
9.169806478e-01 3.989316877e-01 0.000000000e+00 -1.841216188e+00 -3.989316877e-01 9.169806478e-01 0.000000000e+00 1.418673107e+01 0.000000000e+00 0.000000000e+00 1.000000000e+00 0.000000000e+00
8.806074663e-01 4.738464838e-01 0.000000000e+00 -1.722754568e+00 -4.738464838e-01 8.806074663e-01 0.000000000e+00 1.440688294e+01 0.000000000e+00 0.000000000e+00 1.000000000e+00 0.000000000e+00
8.446954471e-01 5.352472341e-01 0.000000000e+00 -1.588942759e+00 -5.352472341e-01 8.446954471e-01 0.000000000e+00 1.461805680e+01 0.000000000e+00 0.000000000e+00 1.000000000e+00 0.000000000e+00
8.126915104e-01 5.826941813e-01 0.000000000e+00 -1.443269214e+00 -5.826941813e-01 8.126915104e-01 0.000000000e+00 1.482122968e+01 0.000000000e+00 0.000000000e+00 1.000000000e+00 0.000000000e+00
7.875564351e-01 6.162425347e-01 0.000000000e+00 -1.289208580e+00 -6.162425347e-01 7.875564351e-01 0.000000000e+00 1.501811879e+01 0.000000000e+00 0.000000000e+00 1.000000000e+00 0.000000000e+00
7.715409410e-01 6.361796730e-01 0.000000000e+00 -1.130163662e+00 -6.361796730e-01 7.715409410e-01 0.000000000e+00 1.521100402e+01 0.000000000e+00 0.000000000e+00 1.000000000e+00 0.000000000e+00
7.660444431e-01 6.427876097e-01 0.000000000e+00 -9.694667593e-01 -6.427876097e-01 7.660444431e-01 0.000000000e+00 1.540251514e+01 0.000000000e+00 0.000000000e+00 1.000000000e+00 0.000000000e+00
7.715409410e-01 6.361796730e-01 0.000000000e+00 -8.104218410e-01 -6.361796730e-01 7.715409410e-01 0.000000000e+00 1.559540037e+01 0.000000000e+00 0.000000000e+00 1.000000000e+00 0.000000000e+00
7.875564351e-01 6.162425347e-01 0.000000000e+00 -6.563612074e-01 -6.162425347e-01 7.875564351e-01 0.000000000e+00 1.579228948e+01 0.000000000e+00 0.000000000e+00 1.000000000e+00 0.000000000e+00
8.126915104e-01 5.826941813e-01 0.000000000e+00 -5.106876620e-01 -5.826941813e-01 8.126915104e-01 0.000000000e+00 1.599546236e+01 0.000000000e+00 0.000000000e+00 1.000000000e+00 0.000000000e+00
8.446954471e-01 5.352472341e-01 0.000000000e+00 -3.768758535e-01 -5.352472341e-01 8.446954471e-01 0.000000000e+00 1.620663622e+01 0.000000000e+00 0.000000000e+00 1.000000000e+00 0.000000000e+00
8.806074663e-01 4.738464838e-01 0.000000000e+00 -2.584142326e-01 -4.738464838e-01 8.806074663e-01 0.000000000e+00 1.642678809e+01 0.000000000e+00 0.000000000e+00 1.000000000e+00 0.000000000e+00
9.169806478e-01 3.989316877e-01 0.000000000e+00 -1.586813106e-01 -3.989316877e-01 9.169806478e-01 0.000000000e+00 1.665603325e+01 0.000000000e+00 0.000000000e+00 1.000000000e+00 0.000000000e+00
9.501919380e-01 3.116653348e-01 0.000000000e+00 -8.076497693e-02 -3.116653348e-01 9.501919380e-01 0.000000000e+00 1.689358123e+01 0.000000000e+00 0.000000000e+00 1.000000000e+00 0.000000000e+00
9.768194142e-01 2.140650183e-01 0.000000000e+00 -2.724872235e-02 -2.140650183e-01 9.768194142e-01 0.000000000e+00 1.713778609e+01 0.000000000e+00 0.000000000e+00 1.000000000e+00 0.000000000e+00
9.940423100e-01 1.089948894e-01 0.000000000e+00 2.119315501e-15 -1.089948894e-01 9.940423100e-01 0.000000000e+00 1.738629666e+01 0.000000000e+00 0.000000000e+00 1.000000000e+00 0.000000000e+00
1.000000000e+00 4.440892099e-16 0.000000000e+00 2.220120062e-15 -4.440892099e-16 1.000000000e+00 0.000000000e+00 1.763629666e+01 0.000000000e+00 0.000000000e+00 1.000000000e+00 0.000000000e+00
