1.000000000e+00 0.000000000e+00 0.000000000e+00 0.000000000e+00 0.000000000e+00 1.000000000e+00 0.000000000e+00 0.000000000e+00 0.000000000e+00 0.000000000e+00 1.000000000e+00 0.000000000e+00
9.999987033e-01 -4.312456893e-04 1.551576456e-03 -7.415402639e-02 4.278393908e-04 9.999974994e-01 2.195041597e-03 -3.707604927e-02 -1.552519178e-03 -2.194374925e-03 9.999963872e-01 1.302262159e+00
9.999974688e-01 -2.010662699e-03 1.009808872e-03 -8.541877794e-02 2.008153066e-03 9.999949081e-01 2.480150816e-03 -6.556129913e-02 -1.014790476e-03 -2.478116688e-03 9.999964146e-01 2.599053966e+00
9.999959610e-01 -2.616204104e-03 1.110654048e-03 -8.826522461e-02 2.614556676e-03 9.999954836e-01 1.482164630e-03 -8.385765069e-02 -1.114526677e-03 -1.479254776e-03 9.999982848e-01 3.897180663e+00
9.999913643e-01 -2.991733154e-03 2.884580663e-03 -1.615200024e-01 2.984965161e-03 9.999927891e-01 2.347723230e-03 -1.160416184e-01 -2.891583624e-03 -2.339092583e-03 9.999930837e-01 5.128981090e+00
9.999847357e-01 -2.556907465e-03 4.898020720e-03 -2.352143115e-01 2.541650072e-03 9.999919068e-01 3.118707960e-03 -1.385238535e-01 -4.905955327e-03 -3.106211301e-03 9.999831414e-01 6.397085394e+00
9.999855726e-01 -2.634230547e-03 4.681397373e-03 -2.162549663e-01 2.619661132e-03 9.999917152e-01 3.115605172e-03 -1.254024230e-01 -4.689565811e-03 -3.103296547e-03 9.999841886e-01 7.781187044e+00
9.999849411e-01 -1.259349547e-03 5.341499774e-03 -2.573049859e-01 1.240451885e-03 9.999929658e-01 3.539733074e-03 -1.429675683e-01 -5.345919962e-03 -3.533053896e-03 9.999794691e-01 9.051913208e+00
9.999869509e-01 -2.644683125e-04 5.101773011e-03 -2.709942973e-01 2.556973689e-04 9.999984885e-01 1.719770842e-03 -1.586039160e-01 -5.102220124e-03 -1.718443891e-03 9.999855070e-01 1.032893344e+01
9.999883912e-01 2.742372803e-03 3.961919642e-03 -2.402733021e-01 -2.739989409e-03 9.999960621e-01 -6.068782343e-04 -1.684356291e-01 -3.963568326e-03 5.960155713e-04 9.999919674e-01 1.169680562e+01
9.999717858e-01 5.991701847e-03 4.530696728e-03 -2.661890226e-01 -5.985116249e-03 9.999810149e-01 -1.465715054e-03 -1.937203757e-01 -4.539392839e-03 1.438556953e-03 9.999886622e-01 1.301977865e+01
9.999472526e-01 9.148510949e-03 4.668704339e-03 -2.714669907e-01 -9.139362143e-03 9.999562804e-01 -1.977189963e-03 -2.071393439e-01 -4.686588569e-03 1.934416691e-03 9.999871469e-01 1.437411561e+01
9.999385685e-01 1.015873969e-02 4.433876792e-03 -2.768670191e-01 -1.015375131e-02 9.999477925e-01 -1.146124748e-03 -2.289925212e-01 -4.445288493e-03 1.101033858e-03 9.999895135e-01 1.571665394e+01
9.999598960e-01 7.982858355e-03 4.059608941e-03 -2.365028036e-01 -7.988689248e-03 9.999670786e-01 1.422137291e-03 -2.396745621e-01 -4.048122573e-03 -1.454511211e-03 9.999907485e-01 1.711993908e+01
9.999806704e-01 4.172817475e-03 4.609380505e-03 -2.362299777e-01 -4.187489878e-03 9.999861822e-01 3.178110254e-03 -2.638758341e-01 -4.596055139e-03 -3.197350557e-03 9.999843265e-01 1.847279589e+01
9.999886420e-01 2.357036432e-03 4.142502959e-03 -2.370853103e-01 -2.359595632e-03 9.999970283e-01 6.130120169e-04 -2.831809024e-01 -4.141045756e-03 -6.227796862e-04 9.999912319e-01 1.988428421e+01
9.999870648e-01 1.596138281e-03 4.829336635e-03 -2.548598483e-01 -1.589245725e-03 9.999977137e-01 -1.430727183e-03 -3.013931195e-01 -4.831609232e-03 1.423033674e-03 9.999873152e-01 2.125185547e+01
9.999773041e-01 4.648762853e-03 4.876505372e-03 -2.390314147e-01 -4.631151457e-03 9.999827363e-01 -3.616575364e-03 -3.169766965e-01 -4.893233786e-03 3.593909448e-03 9.999815699e-01 2.262213605e+01
9.999524688e-01 7.549936547e-03 6.169167925e-03 -2.679581884e-01 -7.538188982e-03 9.999697340e-01 -1.925277267e-03 -3.292804055e-01 -6.183516931e-03 1.878681403e-03 9.999791171e-01 2.396073653e+01
9.999556634e-01 7.654352427e-03 5.484723496e-03 -2.593071977e-01 -7.664218129e-03 9.999690452e-01 1.780005015e-03 -3.568261595e-01 -5.470928931e-03 -1.821962213e-03 9.999833746e-01 2.531170898e+01
9.999697050e-01 5.045436099e-03 5.927281518e-03 -2.454181062e-01 -5.066940539e-03 9.999806156e-01 3.618647148e-03 -3.700534331e-01 -5.908908969e-03 -3.648570704e-03 9.999758861e-01 2.671290803e+01
9.999861662e-01 5.491591234e-04 5.231236873e-03 -2.384026641e-01 -5.607962585e-04 9.999973711e-01 2.223340506e-03 -3.963289483e-01 -5.230002153e-03 -2.226243407e-03 9.999838453e-01 2.805557803e+01
9.999875282e-01 4.903369347e-04 4.970209146e-03 -2.448947205e-01 -4.878232114e-04 9.999997525e-01 -5.069577478e-04 -4.030783309e-01 -4.970456496e-03 5.045268417e-04 9.999875199e-01 2.939316597e+01
9.999824881e-01 2.721791590e-04 5.911796580e-03 -2.504499079e-01 -2.515919512e-04 9.999939032e-01 -3.482859044e-03 -4.211906434e-01 -5.912708499e-03 3.481310693e-03 9.999764599e-01 3.075398515e+01
9.999730358e-01 3.667055669e-03 6.362423175e-03 -2.524017102e-01 -3.640571691e-03 9.999846820e-01 -4.169161878e-03 -4.461491410e-01 -6.377614264e-03 4.145886602e-03 9.999710684e-01 3.213185595e+01
9.999701642e-01 3.973666516e-03 6.624249245e-03 -2.330303604e-01 -3.934276898e-03 9.999745667e-01 -5.948740002e-03 -4.706496276e-01 -6.647719078e-03 5.922500885e-03 9.999603651e-01 3.345101684e+01
9.999647219e-01 4.631214210e-03 7.007620232e-03 -2.379994585e-01 -4.593154515e-03 9.999746676e-01 -5.437568087e-03 -4.953491782e-01 -7.032625255e-03 5.405189178e-03 9.999606623e-01 3.483627186e+01
9.999533759e-01 4.843909838e-03 8.353601499e-03 -3.029496826e-01 -4.796462306e-03 9.999723051e-01 -5.690600834e-03 -4.597799311e-01 -8.380934904e-03 5.650267780e-03 9.999489159e-01 3.615156828e+01
9.999531072e-01 5.329665793e-03 8.085667452e-03 -3.086376635e-01 -5.299801247e-03 9.999790721e-01 -3.710457992e-03 -4.960740844e-01 -8.105273737e-03 3.667431568e-03 9.999604265e-01 3.750795009e+01
9.998995919e-01 9.156319247e-03 1.081517554e-02 -4.014332732e-01 -9.107498720e-03 9.999481526e-01 -4.554735419e-03 -4.812652010e-01 -1.085631941e-02 4.455778889e-03 9.999311408e-01 3.878710376e+01
9.998505800e-01 1.191971081e-02 1.251950824e-02 -4.399463285e-01 -1.185998350e-02 9.999179823e-01 -4.834199806e-03 -5.079557088e-01 -1.257610369e-02 4.684996319e-03 9.999099422e-01 4.012948622e+01
9.998306090e-01 1.414633076e-02 1.177432304e-02 -4.131676416e-01 -1.409401652e-02 9.998904841e-01 -4.514262682e-03 -5.309325337e-01 -1.183689382e-02 4.347550503e-03 9.999204902e-01 4.156666900e+01
9.998186942e-01 1.557885113e-02 1.094888451e-02 -3.871154603e-01 -1.553170436e-02 9.998697911e-01 -4.378003636e-03 -5.603810578e-01 -1.101566313e-02 4.207155041e-03 9.999304751e-01 4.300519199e+01
9.998167744e-01 1.501616109e-02 1.187150428e-02 -4.345477228e-01 -1.494747181e-02 9.998711449e-01 -5.853776193e-03 -5.516508360e-01 -1.195787582e-02 5.675254656e-03 9.999123965e-01 4.436124320e+01
9.998013988e-01 1.570073894e-02 1.227394590e-02 -4.661902046e-01 -1.559549476e-02 9.998411927e-01 -8.623800919e-03 -5.100603526e-01 -1.240739675e-02 8.430669963e-03 9.998874838e-01 4.570033885e+01
9.998093449e-01 1.504293283e-02 1.244926019e-02 -4.731589110e-01 -1.494651927e-02 9.998578577e-01 -7.801664501e-03 -5.551623887e-01 -1.256485054e-02 7.614103966e-03 9.998920692e-01 4.711791986e+01
9.998248383e-01 1.522518049e-02 1.088515167e-02 -4.478843292e-01 -1.515343713e-02 9.998631105e-01 -6.643314731e-03 -5.902797305e-01 -1.098480728e-02 6.477203615e-03 9.999186866e-01 4.856192873e+01
9.998157014e-01 1.638887148e-02 9.998406577e-03 -4.438406899e-01 -1.631273492e-02 9.998376768e-01 -7.649487039e-03 -6.150018492e-01 -1.012215006e-02 7.484975893e-03 9.999207555e-01 5.000723103e+01
9.998118937e-01 1.700621494e-02 9.325544275e-03 -4.448928384e-01 -1.693515293e-02 9.998273479e-01 -7.646894418e-03 -6.437989879e-01 -9.453978930e-03 7.487526471e-03 9.999272770e-01 5.143555029e+01
9.998000467e-01 1.827220839e-02 8.123603211e-03 -4.424125308e-01 -1.821163910e-02 9.998062605e-01 -7.468449711e-03 -6.557204018e-01 -8.258494417e-03 7.319012240e-03 9.999391128e-01 5.287801739e+01
9.998432254e-01 1.607957212e-02 7.414309022e-03 -4.478902428e-01 -1.602828941e-02 9.998475573e-01 -6.925031875e-03 -6.814046393e-01 -7.524530314e-03 6.805107515e-03 9.999485347e-01 5.429757528e+01
9.998570518e-01 1.530100755e-02 7.194100860e-03 -4.555156940e-01 -1.524725381e-02 9.998558623e-01 -7.468321209e-03 -6.978758636e-01 -7.307336758e-03 7.357563344e-03 9.999462331e-01 5.572602341e+01
9.998921087e-01 1.319877351e-02 6.446958802e-03 -4.549197950e-01 -1.314365194e-02 9.998773294e-01 -8.518832409e-03 -7.328933890e-01 -6.558606089e-03 8.433176719e-03 9.999429315e-01 5.717318969e+01
9.999082889e-01 1.188227823e-02 6.498102713e-03 -4.630825295e-01 -1.182717305e-02 9.998943194e-01 -8.453872835e-03 -7.624574089e-01 -6.597867259e-03 8.376243336e-03 9.999431517e-01 5.857431572e+01
9.999210211e-01 1.067601580e-02 6.631304216e-03 -4.632217650e-01 -1.062261903e-02 9.999112880e-01 -8.035921780e-03 -7.952453563e-01 -6.716507568e-03 7.964845293e-03 9.999457234e-01 6.003308738e+01
9.999306992e-01 9.492146198e-03 6.963902356e-03 -4.859727447e-01 -9.439795492e-03 9.999272260e-01 -7.512183079e-03 -8.255952889e-01 -7.034702305e-03 7.445924665e-03 9.999475342e-01 6.153733269e+01
9.999491278e-01 7.380404903e-03 6.875419971e-03 -4.759461491e-01 -7.324536526e-03 9.999402402e-01 -8.115859312e-03 -8.574582957e-01 -6.934907425e-03 8.065087176e-03 9.999434291e-01 6.300803887e+01
9.999553185e-01 5.567443280e-03 7.639668213e-03 -5.124238396e-01 -5.500088494e-03 9.999460710e-01 -8.809321240e-03 -8.900844889e-01 -7.688301609e-03 8.766908776e-03 9.999320134e-01 6.441377627e+01
9.999560753e-01 5.678027071e-03 7.457048799e-03 -4.629156157e-01 -5.610665972e-03 9.999435489e-01 -9.023276815e-03 -9.215452682e-01 -7.507862250e-03 8.981041460e-03 9.999314841e-01 6.585001729e+01
9.999506991e-01 5.939556629e-03 7.957455325e-03 -4.329703595e-01 -5.869119687e-03 9.999436493e-01 -8.845993419e-03 -9.644290139e-01 -8.009548196e-03 8.798854045e-03 9.999292111e-01 6.717547974e+01
9.999370454e-01 8.464695667e-03 7.365739435e-03 -3.685464758e-01 -8.395432670e-03 9.999207250e-01 -9.384053093e-03 -9.171426912e-01 -7.444588670e-03 9.321623755e-03 9.999288402e-01 6.855177413e+01
9.998920450e-01 1.265564196e-02 7.465463906e-03 -3.237886937e-01 -1.258445321e-02 9.998756178e-01 -9.506865452e-03 -9.083301971e-01 -7.584850820e-03 9.411890356e-03 9.999269405e-01 7.000823396e+01
9.998210469e-01 1.716968214e-02 7.942057950e-03 -3.105571639e-01 -1.709877661e-02 9.998140937e-01 -8.911224236e-03 -9.597382664e-01 -8.093584359e-03 8.773830069e-03 9.999287544e-01 7.139180650e+01
9.997418654e-01 2.054590818e-02 9.698873984e-03 -4.052330355e-01 -2.044486005e-02 9.997368352e-01 -1.040519759e-02 -9.322693853e-01 -9.910105816e-03 1.020421953e-02 9.998988267e-01 7.280475374e+01
9.996571246e-01 2.367090566e-02 1.119470915e-02 -4.655320170e-01 -2.354753131e-02 9.996619013e-01 -1.102709429e-02 -9.691210870e-01 -1.145194555e-02 1.075970561e-02 9.998765332e-01 7.420711499e+01
9.996302751e-01 2.447867713e-02 1.183669624e-02 -4.843465291e-01 -2.434303908e-02 9.996378558e-01 -1.147055470e-02 -9.887061335e-01 -1.211319366e-02 1.117817259e-02 9.998641503e-01 7.566132177e+01
9.996364778e-01 2.417951418e-02 1.192742331e-02 -4.656038277e-01 -2.405211054e-02 9.996533163e-01 -1.071182553e-02 -1.054201953e+00 -1.218229500e-02 1.042105184e-02 9.998714884e-01 7.700776485e+01
9.996433184e-01 2.371395282e-02 1.228349928e-02 -4.696482296e-01 -2.357657211e-02 9.996591737e-01 -1.121078708e-02 -1.090589005e+00 -1.254516482e-02 1.091718559e-02 9.998617074e-01 7.837250674e+01
9.996461868e-01 2.312739329e-02 1.313867731e-02 -5.171845345e-01 -2.296559085e-02 9.996601545e-01 -1.233520092e-02 -1.129441788e+00 -1.341949323e-02 1.202909908e-02 9.998375958e-01 7.973723622e+01
9.996698898e-01 2.296217344e-02 1.152606186e-02 -4.433202000e-01 -2.281625715e-02 9.996598240e-01 -1.263545072e-02 -1.169896210e+00 -1.181227838e-02 1.236829804e-02 9.998537369e-01 8.116646560e+01
9.996682268e-01 2.291693668e-02 1.175799276e-02 -4.971809207e-01 -2.276621367e-02 9.996589180e-01 -1.279637362e-02 -1.199467559e+00 -1.204723600e-02 1.252444315e-02 9.998489898e-01 8.262357745e+01
9.996723984e-01 2.231854702e-02 1.252909860e-02 -5.605073759e-01 -2.215331288e-02 9.996677639e-01 -1.317545463e-02 -1.249229143e+00 -1.281899298e-02 1.289357729e-02 9.998347009e-01 8.399714510e+01
9.996917235e-01 2.153651629e-02 1.235460832e-02 -6.022218278e-01 -2.138020262e-02 9.996914123e-01 -1.264781358e-02 -1.280140612e+00 -1.262318568e-02 1.237977053e-02 9.998436860e-01 8.535705175e+01
9.997039441e-01 2.133653825e-02 1.169514102e-02 -6.205485797e-01 -2.120234530e-02 9.997092860e-01 -1.148059671e-02 -1.331584019e+00 -1.193669727e-02 1.122923339e-02 9.998657008e-01 8.670353268e+01
9.997660076e-01 1.968203978e-02 8.974822774e-03 -5.450823378e-01 -1.958534472e-02 9.997505283e-01 -1.073756893e-02 -1.370171557e+00 -9.183921069e-03 1.055928142e-02 9.999020738e-01 8.809718016e+01
9.998291785e-01 1.727664241e-02 6.567453190e-03 -4.835170615e-01 -1.721352160e-02 9.998062354e-01 -9.549158025e-03 -1.431996510e+00 -6.731158038e-03 9.434477826e-03 9.999328388e-01 8.942396388e+01
9.998642937e-01 1.549171147e-02 5.603671537e-03 -4.866855886e-01 -1.543689659e-02 9.998338272e-01 -9.696404578e-03 -1.468008983e+00 -5.752954261e-03 9.608585417e-03 9.999372873e-01 9.080736881e+01
9.998840124e-01 1.421159505e-02 5.476528770e-03 -5.029224912e-01 -1.415514228e-02 9.998476559e-01 -1.021258855e-02 -1.512507140e+00 -5.620831626e-03 1.013388298e-02 9.999328531e-01 9.217191413e+01
9.998881715e-01 1.364801454e-02 6.113603101e-03 -5.384055288e-01 -1.357839990e-02 9.998441011e-01 -1.128718756e-02 -1.537636579e+00 -6.266697697e-03 1.120291238e-02 9.999176082e-01 9.354727904e+01
9.998864031e-01 1.307331369e-02 7.501284420e-03 -6.034898653e-01 -1.299060179e-02 9.998554288e-01 -1.097112988e-02 -1.591427343e+00 -7.643628973e-03 1.087243740e-02 9.999116786e-01 9.472728864e+01
9.998648046e-01 1.454722142e-02 7.664916411e-03 -6.025398673e-01 -1.445457220e-02 9.998234297e-01 -1.200728116e-02 -1.638148569e+00 -7.838235592e-03 1.189486474e-02 9.998985320e-01 9.605836932e+01
9.998551191e-01 1.500080420e-02 8.044662797e-03 -6.176552594e-01 -1.490502563e-02 9.998188523e-01 -1.183650088e-02 -1.698458740e+00 -8.220762557e-03 1.171488009e-02 9.998975851e-01 9.737303123e+01
9.998397312e-01 1.527198365e-02 9.342294998e-03 -6.574920955e-01 -1.516277729e-02 9.998171591e-01 -1.165068503e-02 -1.723397497e+00 -9.518515916e-03 1.150716265e-02 9.998884853e-01 9.869737560e+01
9.998120919e-01 1.687672485e-02 9.537140058e-03 -6.471926313e-01 -1.676638283e-02 9.997929108e-01 -1.153360089e-02 -1.740801871e+00 -9.729814428e-03 1.137153029e-02 9.998880032e-01 1.000535706e+02
9.997971910e-01 1.730090837e-02 1.030802554e-02 -7.007677287e-01 -1.718955461e-02 9.997939720e-01 -1.079503383e-02 -1.749158379e+00 -1.049266569e-02 1.061565413e-02 9.998885997e-01 1.013923918e+02
9.997884821e-01 1.808335684e-02 9.797101972e-03 -6.835672600e-01 -1.795094290e-02 9.997485462e-01 -1.343905084e-02 -1.774273176e+00 -1.003766160e-02 1.326034102e-02 9.998616948e-01 1.027780334e+02
9.997855394e-01 1.717669365e-02 1.156876547e-02 -7.332978200e-01 -1.700973880e-02 9.997519326e-01 -1.437852513e-02 -1.858403433e+00 -1.181287115e-02 1.417865982e-02 9.998296963e-01 1.040352939e+02
9.997639643e-01 1.800881737e-02 1.215311592e-02 -7.332999835e-01 -1.780655295e-02 9.997044536e-01 -1.655089682e-02 -1.892349007e+00 -1.244758619e-02 1.633058512e-02 9.997891626e-01 1.053961313e+02
9.997820365e-01 1.521830312e-02 1.429275272e-02 -7.958438503e-01 -1.499146254e-02 9.997620474e-01 -1.584627890e-02 -1.896521846e+00 -1.453050520e-02 1.562855572e-02 9.997722804e-01 1.066586207e+02
9.998163816e-01 1.191527004e-02 1.500764380e-02 -7.858625918e-01 -1.170489519e-02 9.998330839e-01 -1.402853320e-02 -1.929333757e+00 -1.517229255e-02 1.385029441e-02 9.997889632e-01 1.079749148e+02
9.997856624e-01 1.043282445e-02 1.788254703e-02 -8.175804266e-01 -1.019944949e-02 9.998622716e-01 -1.309232939e-02 -1.977203363e+00 -1.801667407e-02 1.290713108e-02 9.997543725e-01 1.092831032e+02
9.997575745e-01 1.018705416e-02 1.951963457e-02 -8.146999455e-01 -9.903987081e-03 9.998451815e-01 -1.454386400e-02 -2.020109234e+00 -1.966477170e-02 1.434701599e-02 9.997036860e-01 1.105327650e+02
9.997103472e-01 1.204675874e-02 2.083500001e-02 -8.028510020e-01 -1.168676563e-02 9.997817884e-01 -1.731458916e-02 -2.052116558e+00 -2.103903825e-02 1.706608018e-02 9.996329865e-01 1.118678533e+02
9.996543852e-01 1.393241764e-02 2.229344985e-02 -7.913697800e-01 -1.350703941e-02 9.997259742e-01 -1.911900704e-02 -2.106862499e+00 -2.255371486e-02 1.881128072e-02 9.995686398e-01 1.131480268e+02
9.995737958e-01 1.751807594e-02 2.335259761e-02 -7.652125256e-01 -1.707763992e-02 9.996749872e-01 -1.892812945e-02 -2.162810920e+00 -2.367659213e-02 1.852125495e-02 9.995480889e-01 1.145088500e+02
9.995180562e-01 1.924583929e-02 2.435678529e-02 -7.392151120e-01 -1.883577481e-02 9.996788250e-01 -1.695465897e-02 -2.211055739e+00 -2.467526914e-02 1.648770886e-02 9.995595463e-01 1.158588818e+02
9.994914138e-01 1.987382307e-02 2.493882486e-02 -7.064714637e-01 -1.949515656e-02 9.996923226e-01 -1.533619771e-02 -2.247561387e+00 -2.523594062e-02 1.484221164e-02 9.995713362e-01 1.172133597e+02
9.995144458e-01 1.837880835e-02 2.516132142e-02 -6.691678916e-01 -1.801238938e-02 9.997295070e-01 -1.471280560e-02 -2.294335459e+00 -2.542491930e-02 1.425244622e-02 9.995751304e-01 1.185475550e+02
9.994845257e-01 1.826683113e-02 2.640086742e-02 -6.432351606e-01 -1.787909276e-02 9.997298895e-01 -1.484877433e-02 -2.345026454e+00 -2.666497632e-02 1.436909661e-02 9.995411488e-01 1.199028366e+02
9.994124044e-01 2.040242539e-02 2.754245698e-02 -6.129797915e-01 -1.998804552e-02 9.996840976e-01 -1.523755084e-02 -2.394691925e+00 -2.784463925e-02 1.467807744e-02 9.995044923e-01 1.212877784e+02
9.993148235e-01 2.226365999e-02 2.956709119e-02 -6.245477643e-01 -2.177568990e-02 9.996229832e-01 -1.672455727e-02 -2.386581244e+00 -2.992829376e-02 1.606925419e-02 9.994228716e-01 1.227182691e+02
9.992937201e-01 2.279450496e-02 2.987426207e-02 -5.808609237e-01 -2.228347259e-02 9.996014992e-01 -1.732886680e-02 -2.443307372e+00 -3.025736009e-02 1.665092547e-02 9.994034415e-01 1.240429135e+02
9.992468092e-01 2.402909175e-02 3.046993716e-02 -5.406821693e-01 -2.348254704e-02 9.995591141e-01 -1.816995749e-02 -2.483655692e+00 -3.089311097e-02 1.744076031e-02 9.993705197e-01 1.254215197e+02
9.992424059e-01 2.317667222e-02 3.126429385e-02 -4.944112348e-01 -2.260705334e-02 9.995741394e-01 -1.845158651e-02 -2.528789525e+00 -3.167862599e-02 1.773081414e-02 9.993408242e-01 1.267931040e+02
9.992528417e-01 2.233002681e-02 3.154565367e-02 -4.486754563e-01 -2.178746968e-02 9.996105102e-01 -1.743943901e-02 -2.565428370e+00 -3.192279010e-02 1.673910902e-02 9.993501577e-01 1.281297682e+02
9.992550119e-01 2.108505270e-02 3.232401316e-02 -4.122372577e-01 -2.055276609e-02 9.996490848e-01 -1.671200620e-02 -2.606545029e+00 -3.266504370e-02 1.603520808e-02 9.993377142e-01 1.295245834e+02
9.992462738e-01 2.095950208e-02 3.267389856e-02 -3.778127412e-01 -2.040045652e-02 9.996413286e-01 -1.735037363e-02 -2.634593081e+00 -3.302583456e-02 1.667073375e-02 9.993154561e-01 1.309057623e+02
9.992580912e-01 1.926546407e-02 3.334829982e-02 -3.475446233e-01 -1.869368877e-02 9.996743044e-01 -1.737328850e-02 -2.677629914e+00 -3.367214289e-02 1.673699637e-02 9.992927798e-01 1.322736304e+02
9.993283940e-01 1.772682804e-02 3.207055380e-02 -2.957697256e-01 -1.720017027e-02 9.997138594e-01 -1.662388337e-02 -2.727426529e+00 -3.235606584e-02 1.606109968e-02 9.993473501e-01 1.335813407e+02
9.993692256e-01 1.665018659e-02 3.136753587e-02 -2.667723333e-01 -1.612234914e-02 9.997253960e-01 -1.700595200e-02 -2.769935995e+00 -3.164207450e-02 1.648950671e-02 9.993632349e-01 1.349152746e+02
9.994125925e-01 1.506797246e-02 3.078028805e-02 -2.551162414e-01 -1.455269777e-02 9.997513344e-01 -1.689640337e-02 -2.810537150e+00 -3.102722859e-02 1.643854207e-02 9.993833526e-01 1.362739692e+02
9.995068743e-01 1.316617619e-02 2.850719182e-02 -2.061604695e-01 -1.270293731e-02 9.997852984e-01 -1.637047338e-02 -2.843257371e+00 -2.871660782e-02 1.600027561e-02 9.994595278e-01 1.375508819e+02
9.995803397e-01 1.171330422e-02 2.649420570e-02 -1.514756633e-01 -1.128913044e-02 9.998065998e-01 -1.610337099e-02 -2.891417124e+00 -2.667770540e-02 1.579751650e-02 9.995192537e-01 1.388933382e+02
9.996238215e-01 1.152186793e-02 2.488899541e-02 -1.310417356e-01 -1.112298649e-02 9.998084221e-01 -1.610584607e-02 -2.929807044e+00 -2.506979666e-02 1.582294744e-02 9.995604732e-01 1.401736871e+02
9.996687907e-01 1.159443096e-02 2.297559713e-02 -8.358945490e-02 -1.119918201e-02 9.997883539e-01 -1.725762797e-02 -2.950728421e+00 -2.317082681e-02 1.699460419e-02 9.995870628e-01 1.415552537e+02
9.996979913e-01 1.121725004e-02 2.186548550e-02 -6.191516016e-02 -1.083688532e-02 9.997892304e-01 -1.743722080e-02 -3.002458319e+00 -2.205647459e-02 1.719500085e-02 9.996088454e-01 1.429054339e+02
9.997340854e-01 9.297496643e-03 2.110248821e-02 -3.642698030e-02 -8.880851278e-03 9.997654577e-01 -1.975246958e-02 -3.050028216e+00 -2.128118730e-02 1.955980905e-02 9.995821752e-01 1.442561782e+02
9.997982316e-01 4.022427710e-03 1.968035155e-02 1.054899670e-03 -3.627387927e-03 9.997920474e-01 -2.006748709e-02 -3.101504385e+00 -1.975697899e-02 1.999204983e-02 9.996049118e-01 1.456003593e+02
9.998221878e-01 -3.759191152e-03 1.847867118e-02 3.752664855e-02 4.091623130e-03 9.998298798e-01 -1.798527332e-02 -3.145731108e+00 -1.840791750e-02 1.805768308e-02 9.996674790e-01 1.469458988e+02
9.998145772e-01 -1.008877946e-02 1.640206451e-02 7.469118818e-02 1.036643289e-02 9.998029028e-01 -1.693199862e-02 -3.179810635e+00 -1.622800851e-02 1.709888994e-02 9.997221012e-01 1.483284864e+02
9.998016487e-01 -1.375000028e-02 1.440835985e-02 1.141377613e-01 1.404186633e-02 9.996941984e-01 -2.035523824e-02 -3.219268787e+00 -1.412406921e-02 2.055352101e-02 9.996889834e-01 1.496525531e+02
9.998165433e-01 -1.255948481e-02 1.446164178e-02 1.365601224e-01 1.290096954e-02 9.996342782e-01 -2.376709661e-02 -3.260551134e+00 -1.415785035e-02 2.394930558e-02 9.996129181e-01 1.509829329e+02
9.998383915e-01 -9.012655804e-03 1.555515731e-02 1.508244265e-01 9.417653740e-03 9.996133427e-01 -2.616243376e-02 -3.308314969e+00 -1.531334978e-02 2.630469877e-02 9.995366747e-01 1.523127607e+02
9.998120352e-01 -9.672426117e-03 1.680293103e-02 1.534109651e-01 1.010273009e-02 9.996182485e-01 -2.571560140e-02 -3.370227002e+00 -1.654778423e-02 2.588052324e-02 9.995280733e-01 1.536572748e+02
9.997779432e-01 -1.268489048e-02 1.682729588e-02 1.897314317e-01 1.306108474e-02 9.996629167e-01 -2.243793794e-02 -3.422336344e+00 -1.653700090e-02 2.265273818e-02 9.996066132e-01 1.550389913e+02
9.996895570e-01 -1.798837513e-02 1.723972389e-02 2.165947227e-01 1.832776770e-02 9.996372429e-01 -1.973513373e-02 -3.466467802e+00 -1.687846707e-02 2.004497275e-02 9.996565992e-01 1.563768849e+02
9.996041724e-01 -2.174908862e-02 1.784588614e-02 1.915708500e-01 2.208130721e-02 9.995824885e-01 -1.863503387e-02 -3.501304210e+00 -1.743314027e-02 1.902171811e-02 9.996670745e-01 1.576337574e+02
9.995636146e-01 -2.329506629e-02 1.816370765e-02 2.280745969e-01 2.362843972e-02 9.995521950e-01 -1.836045667e-02 -3.554047651e+00 -1.772786580e-02 1.878162450e-02 9.996664310e-01 1.590158300e+02
9.995766377e-01 -2.176195661e-02 1.931224132e-02 2.449379667e-01 2.209992356e-02 9.996032441e-01 -1.746275126e-02 -3.606315819e+00 -1.892455544e-02 1.788215725e-02 9.996609874e-01 1.603586217e+02
9.996038095e-01 -1.518090559e-02 2.370156446e-02 1.117396995e-01 1.569841056e-02 9.996390293e-01 -2.180300223e-02 -3.541702674e+00 -2.336201957e-02 2.216644098e-02 9.994812979e-01 1.617376394e+02
9.996036385e-01 -1.089825851e-02 2.595753858e-02 2.865073206e-02 1.155677128e-02 9.996116968e-01 -2.535540638e-02 -3.547898920e+00 -2.567112941e-02 2.564534181e-02 9.993414379e-01 1.631420903e+02
9.996201957e-01 -6.486185239e-03 2.678420709e-02 4.948169843e-02 7.228907503e-03 9.995893999e-01 -2.772678390e-02 -3.569518412e+00 -2.659336844e-02 2.790987370e-02 9.992566396e-01 1.644849718e+02
9.996346378e-01 -4.081592819e-03 2.671949821e-02 7.467543541e-02 4.811597849e-03 9.996153222e-01 -2.731402912e-02 -3.613441478e+00 -2.659773507e-02 2.743261309e-02 9.992697395e-01 1.658558574e+02
9.996320473e-01 -3.833355952e-04 2.712237297e-02 9.013990379e-02 1.178977058e-03 9.995692245e-01 -2.932533916e-02 -3.653404078e+00 -2.709944787e-02 2.934652548e-02 9.992018822e-01 1.671957379e+02
9.996392830e-01 1.333808547e-03 2.682395970e-02 1.188982939e-01 -4.834412154e-04 9.994978409e-01 -3.168331383e-02 -3.716218160e+00 -2.685274928e-02 3.165891731e-02 9.991379498e-01 1.685285438e+02
9.996230395e-01 6.000931867e-03 2.679118587e-02 1.290295879e-01 -5.065805574e-03 9.993801790e-01 -3.483669600e-02 -3.769820393e+00 -2.698363278e-02 3.468784501e-02 9.990338518e-01 1.698103681e+02
9.995710285e-01 1.194391835e-02 2.674138671e-02 1.432440157e-01 -1.095875268e-02 9.992666524e-01 -3.668873392e-02 -3.833694167e+00 -2.715998322e-02 3.637994326e-02 9.989688859e-01 1.711536287e+02
9.995430854e-01 1.718862315e-02 2.486305742e-02 3.034641116e-01 -1.630058288e-02 9.992371055e-01 -3.548940590e-02 -3.915062788e+00 -2.545410355e-02 3.506790794e-02 9.990607241e-01 1.724218909e+02
9.994501510e-01 2.048692238e-02 2.607070484e-02 2.909995604e-01 -1.961590607e-02 9.992549480e-01 -3.323800744e-02 -3.999463309e+00 -2.673222529e-02 3.270833106e-02 9.991073782e-01 1.736879454e+02
9.994084043e-01 2.246311757e-02 2.604322862e-02 3.176109046e-01 -2.164731671e-02 9.992788844e-01 -3.119462760e-02 -4.067334596e+00 -2.672517703e-02 3.061240698e-02 9.991739816e-01 1.751153891e+02
9.994931661e-01 1.947494236e-02 2.518208936e-02 3.576797951e-01 -1.871610890e-02 9.993738676e-01 -3.002632212e-02 -4.150667108e+00 -2.575108294e-02 2.953979304e-02 9.992318461e-01 1.764927146e+02
9.995800078e-01 1.735704683e-02 2.320648455e-02 3.826108702e-01 -1.665172036e-02 9.994036854e-01 -3.024886454e-02 -4.201717939e+00 -2.371767714e-02 2.984973236e-02 9.992729683e-01 1.779052682e+02
9.996202749e-01 1.738667795e-02 2.137777728e-02 4.005327035e-01 -1.663741131e-02 9.992578615e-01 -3.474079374e-02 -4.259760993e+00 -2.196593900e-02 3.437193092e-02 9.991676876e-01 1.793032690e+02
9.996342824e-01 1.864902678e-02 1.958354723e-02 4.234189691e-01 -1.787065403e-02 9.990717254e-01 -3.919601137e-02 -4.323819495e+00 -2.029633579e-02 3.883170590e-02 9.990396175e-01 1.806745679e+02
9.995842241e-01 2.260644513e-02 1.789769933e-02 4.587947487e-01 -2.187938741e-02 9.989670370e-01 -3.982651641e-02 -4.385897468e+00 -1.877954762e-02 3.941836681e-02 9.990463057e-01 1.821296820e+02
9.995152383e-01 2.557654042e-02 1.775187547e-02 4.685306646e-01 -2.486727790e-02 9.989263589e-01 -3.908641642e-02 -4.457060313e+00 -1.873251163e-02 3.862602800e-02 9.990781366e-01 1.835394812e+02
9.994474984e-01 2.788115981e-02 1.809250605e-02 4.843486147e-01 -2.722091100e-02 9.989893687e-01 -3.576678849e-02 -4.525832660e+00 -1.907144074e-02 3.525453279e-02 9.991963761e-01 1.849373673e+02
9.993884399e-01 2.994264899e-02 1.806056493e-02 4.976730125e-01 -2.929792412e-02 9.989590271e-01 -3.496417900e-02 -4.575238427e+00 -1.908868451e-02 3.441365924e-02 9.992253611e-01 1.863491597e+02
9.993719323e-01 3.015592112e-02 1.861078453e-02 4.765711236e-01 -2.949000279e-02 9.989495123e-01 -3.507437389e-02 -4.605104239e+00 -1.964893418e-02 3.450351272e-02 9.992114026e-01 1.876830759e+02
9.994368959e-01 2.809755403e-02 1.834171865e-02 4.936814816e-01 -2.744625566e-02 9.990158124e-01 -3.484407449e-02 -4.660361939e+00 -1.930270023e-02 3.432104215e-02 9.992244352e-01 1.891559205e+02
9.995126957e-01 2.478586589e-02 1.897451115e-02 5.038213903e-01 -2.413083771e-02 9.991302983e-01 -3.400514143e-02 -4.739367706e+00 -1.980085586e-02 3.353069972e-02 9.992415215e-01 1.905158047e+02
9.995609093e-01 2.188748444e-02 1.997314935e-02 4.873269523e-01 -2.120383187e-02 9.992029418e-01 -3.382127499e-02 -4.813992363e+00 -2.069749222e-02 3.338291708e-02 9.992282996e-01 1.919236365e+02
9.996244063e-01 1.864654373e-02 2.008364331e-02 5.233262934e-01 -1.797849439e-02 9.992954379e-01 -3.294543159e-02 -4.876450941e+00 -2.068381157e-02 3.257198382e-02 9.992553456e-01 1.933375087e+02
9.996875795e-01 1.496791308e-02 2.001761669e-02 5.743438322e-01 -1.431930812e-02 9.993801000e-01 -3.216167067e-02 -4.938711953e+00 -2.048660086e-02 3.186498428e-02 9.992822034e-01 1.948459677e+02
9.997306951e-01 1.213347278e-02 1.978171321e-02 6.107512013e-01 -1.149116008e-02 9.994132390e-01 -3.226656186e-02 -5.011622393e+00 -2.016161152e-02 3.203055748e-02 9.992835197e-01 1.962845997e+02
9.997054462e-01 1.407050491e-02 1.977477341e-02 6.222648691e-01 -1.333136885e-02 9.992254065e-01 -3.702514943e-02 -5.070118784e+00 -2.028041855e-02 3.675061874e-02 9.991186599e-01 1.977093949e+02
9.995838229e-01 2.178102453e-02 1.891475791e-02 6.973847045e-01 -2.096901469e-02 9.988926505e-01 -4.211618582e-02 -5.156136432e+00 -1.981114634e-02 4.170203419e-02 9.989336609e-01 1.991044134e+02
9.993042673e-01 3.162596334e-02 1.976815309e-02 7.174778011e-01 -3.075616705e-02 9.986077844e-01 -4.285500029e-02 -5.233694836e+00 -2.109596223e-02 4.221719204e-02 9.988857137e-01 2.005428491e+02
9.990197052e-01 3.910690729e-02 2.074315331e-02 7.234315967e-01 -3.826740568e-02 9.984892398e-01 -3.943150668e-02 -5.317277999e+00 -2.225385965e-02 3.859906552e-02 9.990069459e-01 2.019769871e+02
9.989210583e-01 4.115263315e-02 2.152161932e-02 7.417881042e-01 -4.031385430e-02 9.984621519e-01 -3.805422991e-02 -5.370930147e+00 -2.305455410e-02 3.714555219e-02 9.990438907e-01 2.034377239e+02
9.989925032e-01 3.971676672e-02 2.089394535e-02 7.683911291e-01 -3.889946784e-02 9.985139350e-01 -3.816743362e-02 -5.437397622e+00 -2.237878265e-02 3.731621670e-02 9.990528965e-01 2.048992321e+02
9.991127061e-01 3.709853670e-02 1.993737958e-02 7.870616312e-01 -3.631558883e-02 9.986064242e-01 -3.829343992e-02 -5.510284730e+00 -2.133022591e-02 3.753542470e-02 9.990676220e-01 2.063369763e+02
9.992264640e-01 3.492519977e-02 1.807495849e-02 8.464758877e-01 -3.420126458e-02 9.986568435e-01 -3.892020560e-02 -5.589690140e+00 -1.940997695e-02 3.827191298e-02 9.990788325e-01 2.078266463e+02
9.992650082e-01 3.434556790e-02 1.702425998e-02 8.671724402e-01 -3.366102729e-02 9.986726661e-01 -3.898514011e-02 -5.681244853e+00 -1.834062988e-02 3.838343227e-02 9.990947570e-01 2.092968765e+02
9.992298540e-01 3.547512060e-02 1.676945421e-02 8.898602303e-01 -3.480457896e-02 9.986439506e-01 -3.871564482e-02 -5.767252849e+00 -1.812015617e-02 3.810217433e-02 9.991095457e-01 2.107941266e+02
9.992323911e-01 3.551445454e-02 1.653336246e-02 8.924579056e-01 -3.487573603e-02 9.986901903e-01 -3.743777239e-02 -5.857521375e+00 -1.784128897e-02 3.683242164e-02 9.991621796e-01 2.122183697e+02
9.992445887e-01 3.569952654e-02 1.535564134e-02 9.210840250e-01 -3.508823488e-02 9.986466448e-01 -3.838873016e-02 -5.929304309e+00 -1.670531920e-02 3.782092853e-02 9.991448892e-01 2.136855529e+02
9.992329239e-01 3.632026842e-02 1.464246942e-02 9.381733279e-01 -3.571496688e-02 9.985742242e-01 -3.967316276e-02 -6.015008482e+00 -1.606253246e-02 3.911977512e-02 9.991054190e-01 2.151679023e+02
9.992968157e-01 3.479075252e-02 1.398133635e-02 9.561351524e-01 -3.421204968e-02 9.986260607e-01 -3.969290358e-02 -6.099922951e+00 -1.534307283e-02 3.918666197e-02 9.991141054e-01 2.165811875e+02
9.993151375e-01 3.470415478e-02 1.284046937e-02 1.022858467e+00 -3.416577149e-02 9.986150770e-01 -4.000784965e-02 -6.145432775e+00 -1.421112492e-02 3.954174523e-02 9.991168572e-01 2.180063359e+02
9.993011206e-01 3.534631038e-02 1.216177541e-02 1.041343125e+00 -3.482987415e-02 9.985789597e-01 -4.033535916e-02 -6.219942892e+00 -1.357019916e-02 3.988357650e-02 9.991121809e-01 2.194759297e+02
9.993152651e-01 3.519306261e-02 1.142143589e-02 1.076813863e+00 -3.469973531e-02 9.985627791e-01 -4.084488361e-02 -6.284669884e+00 -1.284247731e-02 4.042059490e-02 9.991002183e-01 2.210432313e+02
9.992974889e-01 3.598543666e-02 1.046790825e-02 1.094852166e+00 -3.552655341e-02 9.985216236e-01 -4.113916784e-02 -6.363539034e+00 -1.193284366e-02 4.073837842e-02 9.990985896e-01 2.225734561e+02
9.993109359e-01 3.573895740e-02 1.001899807e-02 1.092816135e+00 -3.529394897e-02 9.985132590e-01 -4.154044666e-02 -6.436439138e+00 -1.148871467e-02 4.115821262e-02 9.990865883e-01 2.240204738e+02
9.993117535e-01 3.587406648e-02 9.437731235e-03 1.095695871e+00 -3.545468276e-02 9.985144117e-01 -4.137553648e-02 -6.512424050e+00 -1.090801940e-02 4.101244814e-02 9.990990913e-01 2.255159085e+02
9.992915212e-01 3.629692326e-02 9.949326814e-03 1.067437850e+00 -3.585510582e-02 9.984960570e-01 -4.147331079e-02 -6.603762770e+00 -1.143971717e-02 4.108719366e-02 9.990900737e-01 2.269548371e+02
9.993427376e-01 3.482530592e-02 1.006434036e-02 1.075265323e+00 -3.437123100e-02 9.985165731e-01 -4.222880283e-02 -6.682036320e+00 -1.152004162e-02 4.185512366e-02 9.990572743e-01 2.284802137e+02
9.994155882e-01 3.275972132e-02 9.761288383e-03 1.090494003e+00 -3.232341246e-02 9.985976867e-01 -4.192680719e-02 -6.762743799e+00 -1.112111052e-02 4.158678652e-02 9.990730004e-01 2.299275522e+02
9.994707014e-01 3.090486707e-02 1.015904344e-02 1.094923388e+00 -3.046405529e-02 9.986943566e-01 -4.100638320e-02 -6.855879173e+00 -1.141307617e-02 4.067519292e-02 9.991072367e-01 2.314228049e+02
9.994422673e-01 3.178746306e-02 1.023286643e-02 1.106286718e+00 -3.134268016e-02 9.986661589e-01 -4.103095830e-02 -6.939818980e+00 -1.152348748e-02 4.068734853e-02 9.991054744e-01 2.329448333e+02
9.994085103e-01 3.236261807e-02 1.163144130e-02 1.061672400e+00 -3.185936359e-02 9.986461473e-01 -4.111998919e-02 -7.030921753e+00 -1.294644455e-02 4.072509682e-02 9.990865108e-01 2.344473710e+02
9.994148657e-01 3.229910623e-02 1.125584314e-02 1.088725537e+00 -3.179724286e-02 9.986018899e-01 -4.222796268e-02 -7.102363443e+00 -1.260403169e-02 4.184534888e-02 9.990445962e-01 2.360277394e+02
9.993554984e-01 3.399749269e-02 1.152208158e-02 1.096464579e+00 -3.348854342e-02 9.985642529e-01 -4.180849560e-02 -7.186561908e+00 -1.292692281e-02 4.139569223e-02 9.990592031e-01 2.375644006e+02
9.993679988e-01 3.356302337e-02 1.171010056e-02 1.114698345e+00 -3.307140627e-02 9.986556687e-01 -3.991412682e-02 -7.264779079e+00 -1.303399707e-02 3.950163155e-02 9.991344935e-01 2.390561906e+02
9.993182836e-01 3.452005575e-02 1.308945454e-02 1.100826507e+00 -3.397695395e-02 9.986353109e-01 -3.966210363e-02 -7.346832199e+00 -1.444072953e-02 3.919032553e-02 9.991274112e-01 2.405577002e+02
9.992988947e-01 3.476832547e-02 1.388821929e-02 1.107499539e+00 -3.417391228e-02 9.985761760e-01 -4.096052340e-02 -7.444431488e+00 -1.529257372e-02 4.045719097e-02 9.990642386e-01 2.420774211e+02
9.992972032e-01 3.479655866e-02 1.393912520e-02 1.126498393e+00 -3.419145697e-02 9.985524428e-01 -4.152063525e-02 -7.551149772e+00 -1.536372274e-02 4.101485568e-02 9.990404084e-01 2.435654873e+02
9.992593036e-01 3.555455541e-02 1.472133488e-02 1.117694235e+00 -3.492330308e-02 9.985436931e-01 -4.112001717e-02 -7.631787216e+00 -1.616190003e-02 4.057544208e-02 9.990457580e-01 2.450520739e+02
9.992710372e-01 3.510317559e-02 1.500537224e-02 1.118206885e+00 -3.447680268e-02 9.985990522e-01 -4.014079053e-02 -7.718107608e+00 -1.639341972e-02 3.959419213e-02 9.990813559e-01 2.465797119e+02
9.992483575e-01 3.501421990e-02 1.663503405e-02 1.069612561e+00 -3.433858721e-02 9.986373209e-01 -3.929837977e-02 -7.808906077e+00 -1.798836795e-02 3.869761787e-02 9.990890416e-01 2.480864388e+02
9.992460167e-01 3.516148369e-02 1.646414890e-02 1.086046708e+00 -3.450065270e-02 9.986498933e-01 -3.883420590e-02 -7.899374247e+00 -1.780738884e-02 3.823690168e-02 9.991100221e-01 2.496193840e+02
9.991732874e-01 3.717787613e-02 1.644832360e-02 1.113615381e+00 -3.650974092e-02 9.985638116e-01 -3.920909265e-02 -7.976662671e+00 -1.788241150e-02 3.857615397e-02 9.990956409e-01 2.511740831e+02
9.991146023e-01 3.867688227e-02 1.655627315e-02 1.133285617e+00 -3.798470213e-02 9.984670537e-01 -4.025798059e-02 -8.047766500e+00 -1.808794645e-02 3.959345116e-02 9.990521432e-01 2.527365801e+02
9.991001867e-01 3.928991290e-02 1.597246617e-02 1.166482613e+00 -3.862893488e-02 9.984617121e-01 -3.977454985e-02 -8.147012337e+00 -1.751063452e-02 3.912176082e-02 9.990810105e-01 2.542981719e+02
9.991813568e-01 3.753734565e-02 1.508521828e-02 1.210843542e+00 -3.691484849e-02 9.985327886e-01 -3.961772447e-02 -8.232907933e+00 -1.655022929e-02 3.902842314e-02 9.991010320e-01 2.558836320e+02
9.992373960e-01 3.603040713e-02 1.504779824e-02 1.221241472e+00 -3.541943852e-02 9.986087048e-01 -3.906556135e-02 -8.309555769e+00 -1.643441039e-02 3.850278523e-02 9.991233386e-01 2.574017799e+02
9.993092832e-01 3.418289303e-02 1.457691193e-02 1.254006148e+00 -3.360447999e-02 9.987036671e-01 -3.823250219e-02 -8.401642000e+00 -1.586491293e-02 3.771624481e-02 9.991625440e-01 2.589382984e+02
9.993760890e-01 3.248507351e-02 1.386191486e-02 1.274969093e+00 -3.191807199e-02 9.987162982e-01 -3.933182437e-02 -8.484314113e+00 -1.512181750e-02 3.886483922e-02 9.991300490e-01 2.604713849e+02
9.994212181e-01 3.108311962e-02 1.382275171e-02 1.281062930e+00 -3.050331294e-02 9.987200978e-01 -4.034494007e-02 -8.567348833e+00 -1.505910654e-02 3.989994943e-02 9.990901948e-01 2.619634489e+02
9.995043936e-01 2.828429491e-02 1.381904220e-02 1.318289143e+00 -2.772783753e-02 9.988574200e-01 -3.892327691e-02 -8.640728035e+00 -1.490417028e-02 3.852081412e-02 9.991466422e-01 2.634842529e+02
9.995027979e-01 2.706035208e-02 1.618315270e-02 1.292758176e+00 -2.643990950e-02 9.989506661e-01 -3.739649643e-02 -8.726455846e+00 -1.717813353e-02 3.695002172e-02 9.991694589e-01 2.649580948e+02
9.995043173e-01 2.706423662e-02 1.608250125e-02 1.308710364e+00 -2.642812864e-02 9.989079175e-01 -3.852955227e-02 -8.806628658e+00 -1.710771075e-02 3.808542342e-02 9.991280332e-01 2.664532294e+02
9.995156343e-01 2.645090557e-02 1.639653774e-02 1.341521351e+00 -2.578456529e-02 9.988829251e-01 -3.959871325e-02 -8.893564628e+00 -1.742564341e-02 3.915675539e-02 9.990811256e-01 2.680485741e+02
9.994929722e-01 2.682190891e-02 1.715761523e-02 1.352972459e+00 -2.612701154e-02 9.988772344e-01 -3.951771608e-02 -8.985283256e+00 -1.819829183e-02 3.904940229e-02 9.990715522e-01 2.695636383e+02
9.994319135e-01 2.876784048e-02 1.755737892e-02 1.381010250e+00 -2.805934654e-02 9.988315809e-01 -3.934648670e-02 -9.082562719e+00 -1.866877799e-02 3.883148591e-02 9.990713650e-01 2.710773960e+02
9.993799780e-01 2.989562540e-02 1.859868806e-02 1.393462595e+00 -2.913730819e-02 9.987832215e-01 -3.978810907e-02 -9.160265637e+00 -1.976554798e-02 3.922152386e-02 9.990350320e-01 2.725830113e+02
9.992965857e-01 3.172406443e-02 1.999794030e-02 1.405339974e+00 -3.089956524e-02 9.987108973e-01 -4.027108784e-02 -9.236269704e+00 -2.124972349e-02 3.962483292e-02 9.989886495e-01 2.741727141e+02
9.992945204e-01 3.158223485e-02 2.032299013e-02 1.428907484e+00 -3.074395452e-02 9.987138697e-01 -4.031644408e-02 -9.326364985e+00 -2.157013552e-02 3.966319257e-02 9.989802603e-01 2.757014113e+02
9.992757667e-01 3.186016945e-02 2.080556942e-02 1.467978976e+00 -3.098263928e-02 9.986696522e-01 -4.121894990e-02 -9.407579902e+00 -2.209113351e-02 4.054448631e-02 9.989334945e-01 2.772111209e+02
9.992238834e-01 3.302094755e-02 2.147668152e-02 1.495240049e+00 -3.209751256e-02 9.986016048e-01 -4.200695844e-02 -9.500355167e+00 -2.283375820e-02 4.128500809e-02 9.988864638e-01 2.787208112e+02
9.992638886e-01 3.178982351e-02 2.147296073e-02 1.560015624e+00 -3.088860487e-02 9.986785974e-01 -4.107253539e-02 -9.603493223e+00 -2.275027495e-02 4.037903163e-02 9.989254020e-01 2.801208838e+02
9.992732465e-01 3.082386480e-02 2.242472248e-02 1.586357349e+00 -2.991444176e-02 9.987590478e-01 -3.981821974e-02 -9.696080808e+00 -2.362424590e-02 3.911845865e-02 9.989552749e-01 2.816885981e+02
9.993045689e-01 2.989829221e-02 2.228162154e-02 1.621160428e+00 -2.900231298e-02 9.987984108e-01 -3.950443517e-02 -9.778520097e+00 -2.343596333e-02 3.883074400e-02 9.989709350e-01 2.831689485e+02
9.993384703e-01 2.922003431e-02 2.165205388e-02 1.660473811e+00 -2.829324650e-02 9.987194451e-01 -4.193998307e-02 -9.869002016e+00 -2.284981498e-02 4.129963163e-02 9.988854921e-01 2.847568883e+02
9.994388628e-01 2.599701894e-02 2.112142167e-02 1.694152401e+00 -2.505000106e-02 9.987206118e-01 -4.392763432e-02 -9.958629347e+00 -2.223638672e-02 4.337389326e-02 9.988114179e-01 2.863266894e+02
9.994611817e-01 2.584735873e-02 2.023018565e-02 1.729212260e+00 -2.494188653e-02 9.987289742e-01 -4.379884091e-02 -1.006250800e+01 -2.133655691e-02 4.327066230e-02 9.988355226e-01 2.878699387e+02
9.995387190e-01 2.433797330e-02 1.816623966e-02 1.783763604e+00 -2.353674000e-02 9.987940144e-01 -4.308756896e-02 -1.016819324e+01 -1.919299554e-02 4.264011942e-02 9.989061263e-01 2.893214616e+02
9.995347821e-01 2.507563913e-02 1.736178985e-02 1.803344473e+00 -2.430110800e-02 9.987591283e-01 -4.347021817e-02 -1.026368852e+01 -1.843028960e-02 4.302808432e-02 9.989038534e-01 2.909827653e+02
9.995320886e-01 2.578287963e-02 1.645742840e-02 1.837747573e+00 -2.505040888e-02 9.987497221e-01 -4.326048613e-02 -1.038051116e+01 -1.755223195e-02 4.282797875e-02 9.989282674e-01 2.925341114e+02
9.995442276e-01 2.581796422e-02 1.564512166e-02 1.852960435e+00 -2.512056722e-02 9.987487206e-01 -4.324292186e-02 -1.044155448e+01 -1.674198945e-02 4.283019860e-02 9.989420803e-01 2.941028274e+02
9.995988243e-01 2.432636119e-02 1.450581092e-02 1.863275873e+00 -2.368006653e-02 9.987868659e-01 -4.317465571e-02 -1.052700574e+01 -1.553849570e-02 4.281383652e-02 9.989622268e-01 2.956765834e+02
9.996340544e-01 2.349525801e-02 1.340634636e-02 1.880963104e+00 -2.291277654e-02 9.988522331e-01 -4.206211094e-02 -1.061463425e+01 -1.437921914e-02 4.173954188e-02 9.990250491e-01 2.972955885e+02
9.996154519e-01 2.465994841e-02 1.268208672e-02 1.889227413e+00 -2.412340521e-02 9.988740643e-01 -4.084929516e-02 -1.070130660e+01 -1.367514902e-02 4.052765152e-02 9.990848311e-01 2.989237658e+02
9.995893102e-01 2.508403231e-02 1.385648615e-02 1.857862818e+00 -2.448584509e-02 9.988270594e-01 -4.177258374e-02 -1.073706515e+01 -1.488805816e-02 4.141614039e-02 9.990310551e-01 3.005140889e+02
9.995726130e-01 2.531849338e-02 1.461387462e-02 1.864423149e+00 -2.468644623e-02 9.988159302e-01 -4.192036463e-02 -1.082178043e+01 -1.565793124e-02 4.154168378e-02 9.990140728e-01 3.020932369e+02
9.995972442e-01 2.398841560e-02 1.516262727e-02 1.874028504e+00 -2.334159331e-02 9.988664159e-01 -4.148557858e-02 -1.092563771e+01 -1.614061246e-02 4.111495014e-02 9.990240445e-01 3.036453082e+02
9.996377718e-01 2.249408439e-02 1.477637728e-02 1.914296758e+00 -2.184578643e-02 9.988507819e-01 -4.266001699e-02 -1.100677340e+01 -1.571899403e-02 4.232176275e-02 9.989803710e-01 3.052746695e+02
9.996738183e-01 2.108175223e-02 1.441584811e-02 1.943817172e+00 -2.041059000e-02 9.987685998e-01 -4.521827025e-02 -1.108817243e+01 -1.535137680e-02 4.490928492e-02 9.988731107e-01 3.068710030e+02
9.996738629e-01 2.070047905e-02 1.495520127e-02 1.913370161e+00 -1.997857554e-02 9.986994681e-01 -4.690659894e-02 -1.113544551e+01 -1.590674063e-02 4.659251734e-02 9.987873212e-01 3.082943957e+02
9.997006729e-01 2.124138591e-02 1.213953064e-02 1.940606298e+00 -2.063368116e-02 9.986262481e-01 -4.816500642e-02 -1.122996040e+01 -1.314594542e-02 4.790010612e-02 9.987656201e-01 3.098978373e+02
9.997113477e-01 2.189218665e-02 9.897138557e-03 1.940677268e+00 -2.139309654e-02 9.986184225e-01 -4.799564215e-02 -1.129993242e+01 -1.093419445e-02 4.777005766e-02 9.987985107e-01 3.114420328e+02
9.996673649e-01 2.415746612e-02 9.031964319e-03 1.957957192e+00 -2.372588629e-02 9.986973782e-01 -4.517332363e-02 -1.139504366e+01 -1.011147212e-02 4.494400604e-02 9.989383337e-01 3.130731829e+02
9.997000786e-01 2.260858929e-02 9.413002357e-03 1.986417529e+00 -2.219584528e-02 9.988769874e-01 -4.185819501e-02 -1.150313636e+01 -1.034878618e-02 4.163671130e-02 9.990792195e-01 3.147613929e+02
9.997175821e-01 2.179928156e-02 9.462947280e-03 1.994383181e+00 -2.139014149e-02 9.989147256e-01 -4.137430036e-02 -1.158054345e+01 -1.035460741e-02 4.116020173e-02 9.990989040e-01 3.163493143e+02
9.997241935e-01 2.097327377e-02 1.056686634e-02 1.990564451e+00 -2.050057745e-02 9.988641005e-01 -4.301435878e-02 -1.165214817e+01 -1.145701537e-02 4.278586828e-02 9.990185715e-01 3.179282575e+02
9.997408965e-01 2.010876045e-02 1.066665741e-02 2.001297433e+00 -1.963184488e-02 9.988789659e-01 -4.307437931e-02 -1.174305563e+01 -1.152087210e-02 4.285381242e-02 9.990149249e-01 3.195817559e+02
9.997470627e-01 1.958252225e-02 1.106053367e-02 2.006023902e+00 -1.909771780e-02 9.989200163e-01 -4.235656125e-02 -1.185411243e+01 -1.187803677e-02 4.213461675e-02 9.990413336e-01 3.211554141e+02
9.997476003e-01 1.931656716e-02 1.147196337e-02 2.003678427e+00 -1.881146545e-02 9.989144456e-01 -4.261524598e-02 -1.192979432e+01 -1.228269019e-02 4.238868546e-02 9.990256928e-01 3.226485882e+02
9.997057793e-01 2.127722309e-02 1.164623033e-02 2.011041246e+00 -2.074943443e-02 9.988290542e-01 -4.370333426e-02 -1.202411913e+01 -1.256247882e-02 4.344882314e-02 9.989766683e-01 3.242568884e+02
9.996764970e-01 2.223766626e-02 1.234453288e-02 2.010678773e+00 -2.166996283e-02 9.987805823e-01 -4.435945297e-02 -1.212274370e+01 -1.331593045e-02 4.407759699e-02 9.989393632e-01 3.258589152e+02
9.996841569e-01 2.123386133e-02 1.344282284e-02 2.007458899e+00 -2.064615811e-02 9.988855245e-01 -4.244343309e-02 -1.222075016e+01 -1.432907912e-02 4.215248498e-02 9.990084311e-01 3.274585570e+02
9.996995682e-01 2.026678080e-02 1.378516940e-02 2.012834920e+00 -1.967735910e-02 9.989394237e-01 -4.162726755e-02 -1.231118776e+01 -1.461419988e-02 4.134350566e-02 9.990381072e-01 3.290527468e+02
9.996931533e-01 2.050182890e-02 1.390230763e-02 2.042652118e+00 -1.988331285e-02 9.988661058e-01 -4.325686709e-02 -1.240895551e+01 -1.477338878e-02 4.296716993e-02 9.989672514e-01 3.307109077e+02
9.996641931e-01 2.200968971e-02 1.367752415e-02 2.057398909e+00 -2.140120572e-02 9.988395361e-01 -4.314590939e-02 -1.251189450e+01 -1.461127996e-02 4.283870519e-02 9.989751528e-01 3.323086255e+02
9.996065632e-01 2.435011590e-02 1.392087068e-02 2.062552887e+00 -2.368616987e-02 9.986596972e-01 -4.601928468e-02 -1.256432349e+01 -1.502278741e-02 4.567144690e-02 9.988435487e-01 3.337038046e+02
9.995583644e-01 2.640536865e-02 1.363204526e-02 2.052011977e+00 -2.570141124e-02 9.984453102e-01 -4.946109662e-02 -1.264055104e+01 -1.491689015e-02 4.908889004e-02 9.986830164e-01 3.352399153e+02
9.995342250e-01 2.771303624e-02 1.277969581e-02 2.052834459e+00 -2.704139616e-02 9.983815164e-01 -5.003109622e-02 -1.268933618e+01 -1.414552567e-02 4.966221217e-02 9.986658945e-01 3.368352171e+02
9.995118457e-01 2.865498169e-02 1.244838527e-02 2.046539609e+00 -2.804394671e-02 9.985123743e-01 -4.676083287e-02 -1.278945632e+01 -1.376979754e-02 4.638890452e-02 9.988285450e-01 3.384506805e+02
9.994740502e-01 3.027442254e-02 1.162249123e-02 2.046479083e+00 -2.973307399e-02 9.985791632e-01 -4.422215769e-02 -1.288965059e+01 -1.294477785e-02 4.385332666e-02 9.989541123e-01 3.401992393e+02
9.994516284e-01 3.081129516e-02 1.212874961e-02 1.985813214e+00 -3.022583369e-02 9.984928560e-01 -4.580846485e-02 -1.297433439e+01 -1.352188797e-02 4.541674322e-02 9.988766080e-01 3.419399703e+02
9.994912823e-01 3.073233081e-02 8.526455897e-03 2.046166138e+00 -3.028994571e-02 9.983928457e-01 -4.789827526e-02 -1.306122184e+01 -9.984778207e-03 4.761564267e-02 9.988158263e-01 3.436032961e+02
9.995196290e-01 2.972431656e-02 8.773613557e-03 1.953351165e+00 -2.927890441e-02 9.984586949e-01 -4.714849245e-02 -1.314076366e+01 -1.016154746e-02 4.686896189e-02 9.988493597e-01 3.451731216e+02
9.995629396e-01 2.811741063e-02 9.129124951e-03 1.896310741e+00 -2.764633389e-02 9.984564286e-01 -4.817094985e-02 -1.317639472e+01 -1.046947587e-02 4.789750940e-02 9.987973862e-01 3.468155383e+02
9.995686169e-01 2.796778726e-02 8.965654361e-03 1.879785768e+00 -2.749701483e-02 9.984243179e-01 -4.891620998e-02 -1.327233069e+01 -1.031960549e-02 4.864857962e-02 9.987626452e-01 3.483405560e+02
9.996047914e-01 2.689163110e-02 8.191530656e-03 1.901579443e+00 -2.645404219e-02 9.984228166e-01 -4.951830819e-02 -1.338872421e+01 -9.510239186e-03 4.928203903e-02 9.987396237e-01 3.499302791e+02
9.995883601e-01 2.759976800e-02 7.833461486e-03 1.930423790e+00 -2.717405036e-02 9.983767306e-01 -5.005471830e-02 -1.348439639e+01 -9.202244280e-03 4.982124690e-02 9.987157564e-01 3.515511140e+02
9.995764997e-01 2.804944561e-02 7.749179806e-03 1.959546130e+00 -2.762096071e-02 9.983290813e-01 -5.075557009e-02 -1.358968687e+01 -9.159897159e-03 5.052003530e-02 9.986810413e-01 3.532362068e+02
9.995481443e-01 2.914787650e-02 7.342247941e-03 1.966687010e+00 -2.873703703e-02 9.982886781e-01 -5.093032435e-02 -1.369712129e+01 -8.814193796e-03 5.069631674e-02 9.986752192e-01 3.548284311e+02
9.995379301e-01 2.944275502e-02 7.553172905e-03 1.985048580e+00 -2.901314850e-02 9.982369736e-01 -5.178012925e-02 -1.380378651e+01 -9.064406122e-03 5.153706188e-02 9.986299454e-01 3.564913041e+02
9.995784361e-01 2.815885158e-02 7.073130944e-03 1.988245682e+00 -2.775511956e-02 9.982694151e-01 -5.184426824e-02 -1.390300290e+01 -8.520765345e-03 5.162609697e-02 9.986301331e-01 3.580310700e+02
9.995765630e-01 2.839488994e-02 6.358061136e-03 2.006789709e+00 -2.801930210e-02 9.982053740e-01 -5.292400252e-02 -1.401020834e+01 -7.849422021e-03 5.272344410e-02 9.985783019e-01 3.596407923e+02
9.996235552e-01 2.683522511e-02 5.711269976e-03 2.017499921e+00 -2.648431339e-02 9.981601405e-01 -5.454278182e-02 -1.410128312e+01 -7.164429870e-03 5.437099041e-02 9.984951008e-01 3.611529759e+02
9.996386410e-01 2.639536885e-02 5.086448122e-03 2.040409288e+00 -2.609223836e-02 9.982790151e-01 -5.251859744e-02 -1.421943194e+01 -6.463942172e-03 5.236690256e-02 9.986069922e-01 3.627194672e+02
9.996647226e-01 2.526914235e-02 5.649144191e-03 2.033424739e+00 -2.494121720e-02 9.983320402e-01 -5.206796800e-02 -1.433512857e+01 -6.955434540e-03 5.190961425e-02 9.986275652e-01 3.643980492e+02
9.996896096e-01 2.443472416e-02 4.860930167e-03 2.053893814e+00 -2.414287384e-02 9.983005529e-01 -5.303892618e-02 -1.444408768e+01 -6.148660805e-03 5.290510659e-02 9.985806145e-01 3.660090596e+02
9.996815405e-01 2.501598789e-02 3.319339205e-03 2.104308644e+00 -2.480139340e-02 9.982439570e-01 -5.379491780e-02 -1.456049647e+01 -4.659243315e-03 5.369546206e-02 9.985464881e-01 3.676686611e+02
9.996426428e-01 2.650244163e-02 3.493878537e-03 2.097939336e+00 -2.628095432e-02 9.982563316e-01 -5.285459238e-02 -1.467232302e+01 -4.888562121e-03 5.274388195e-02 9.985961070e-01 3.692365230e+02
9.996566214e-01 2.595520876e-02 3.600904437e-03 2.076212637e+00 -2.573436739e-02 9.983290131e-01 -5.173899780e-02 -1.477733045e+01 -4.937783862e-03 5.162856473e-02 9.986541491e-01 3.707212425e+02
9.996517941e-01 2.611126798e-02 3.806868312e-03 2.081515138e+00 -2.587715245e-02 9.983007881e-01 -5.221024371e-02 -1.488001741e+01 -5.163675300e-03 5.209355289e-02 9.986288591e-01 3.723260405e+02
9.996253597e-01 2.704573260e-02 4.203410433e-03 2.068531596e+00 -2.678210927e-02 9.982055415e-01 -5.355759178e-02 -1.497845383e+01 -5.644371893e-03 5.342495075e-02 9.985559152e-01 3.738872725e+02
9.996185433e-01 2.731781228e-02 4.062629471e-03 2.078655592e+00 -2.706271210e-02 9.982114272e-01 -5.330624925e-02 -1.510265920e+01 -5.511573273e-03 5.317596945e-02 9.985699469e-01 3.755315077e+02
9.996129925e-01 2.749557060e-02 4.225966835e-03 2.076509389e+00 -2.723119979e-02 9.982036999e-01 -5.336511233e-02 -1.522105761e+01 -5.685679944e-03 5.322938148e-02 9.985661250e-01 3.771097041e+02
9.995268283e-01 3.039829868e-02 4.697126884e-03 2.073622637e+00 -3.010378327e-02 9.981128632e-01 -5.352078522e-02 -1.533604833e+01 -6.315203577e-03 5.335405941e-02 9.985556883e-01 3.786974014e+02
9.994869329e-01 3.168452713e-02 4.686326052e-03 2.082293986e+00 -3.139048873e-02 9.980876510e-01 -5.325108608e-02 -1.543466286e+01 -6.364599643e-03 5.307665864e-02 9.985701579e-01 3.802865389e+02
9.994335541e-01 3.327262760e-02 5.050062676e-03 2.083026691e+00 -3.294926531e-02 9.979759157e-01 -5.439133724e-02 -1.553480299e+01 -6.849583632e-03 5.419413164e-02 9.985069250e-01 3.819249022e+02
9.993737336e-01 3.498853217e-02 5.286131782e-03 2.075867125e+00 -3.464484662e-02 9.978801695e-01 -5.508994323e-02 -1.565790708e+01 -7.202442330e-03 5.487230502e-02 9.984674031e-01 3.835459389e+02
9.993705588e-01 3.517765804e-02 4.584607521e-03 2.087919493e+00 -3.487238920e-02 9.978739037e-01 -5.505986560e-02 -1.577012007e+01 -6.511737328e-03 5.486533243e-02 9.984725297e-01 3.851827504e+02
9.993864807e-01 3.473361449e-02 4.498686669e-03 2.092412139e+00 -3.444218897e-02 9.979610647e-01 -5.373498747e-02 -1.588406523e+01 -6.355924478e-03 5.354707541e-02 9.985450981e-01 3.867556286e+02
9.994103796e-01 3.410977302e-02 3.926382631e-03 2.097323917e+00 -3.385365272e-02 9.980162210e-01 -5.308062622e-02 -1.600371454e+01 -5.729161668e-03 5.291640641e-02 9.985825107e-01 3.883618746e+02
9.994489575e-01 3.301261994e-02 3.456630050e-03 2.101757065e+00 -3.278240781e-02 9.980470069e-01 -5.317410810e-02 -1.612385342e+01 -5.205295897e-03 5.303149025e-02 9.985792737e-01 3.900039054e+02
9.994044450e-01 3.429109278e-02 3.856977100e-03 2.092645242e+00 -3.403814639e-02 9.980076411e-01 -5.312393896e-02 -1.623409396e+01 -5.670970537e-03 5.296101638e-02 9.985804779e-01 3.915683827e+02
