1.000000000e+00 0.000000000e+00 0.000000000e+00 0.000000000e+00 0.000000000e+00 1.000000000e+00 0.000000000e+00 0.000000000e+00 0.000000000e+00 0.000000000e+00 1.000000000e+00 0.000000000e+00
9.847144670e-01 -1.741764004e-01 0.000000000e+00 8.889069247e-01 1.741764004e-01 9.847144670e-01 0.000000000e+00 1.353935405e-01 0.000000000e+00 0.000000000e+00 1.000000000e+00 0.000000000e+00
9.393566781e-01 -3.429417318e-01 0.000000000e+00 1.738533713e+00 3.429417318e-01 9.393566781e-01 0.000000000e+00 4.002032806e-01 0.000000000e+00 0.000000000e+00 1.000000000e+00 0.000000000e+00
8.652975163e-01 -5.012586241e-01 0.000000000e+00 2.524249334e+00 5.012586241e-01 8.652975163e-01 0.000000000e+00 8.058950087e-01 0.000000000e+00 0.000000000e+00 1.000000000e+00 0.000000000e+00
7.646185834e-01 -6.444830657e-01 0.000000000e+00 3.221881892e+00 6.444830657e-01 7.646185834e-01 0.000000000e+00 1.338884213e+00 0.000000000e+00 0.000000000e+00 1.000000000e+00 0.000000000e+00
6.404205107e-01 -7.680244589e-01 0.000000000e+00 3.811072074e+00 7.680244589e-01 6.404205107e-01 0.000000000e+00 1.981204777e+00 0.000000000e+00 0.000000000e+00 1.000000000e+00 0.000000000e+00
4.968272313e-01 -8.678494698e-01 0.000000000e+00 4.274232096e+00 8.678494698e-01 4.968272313e-01 0.000000000e+00 2.712409684e+00 0.000000000e+00 0.000000000e+00 1.000000000e+00 0.000000000e+00
3.380946459e-01 -9.411121136e-01 0.000000000e+00 4.596651244e+00 9.411121136e-01 3.380946459e-01 0.000000000e+00 3.509846001e+00 0.000000000e+00 0.000000000e+00 1.000000000e+00 0.000000000e+00
1.685527381e-01 -9.856926369e-01 0.000000000e+00 4.768728789e+00 9.856926369e-01 1.685527381e-01 0.000000000e+00 4.348869322e+00 0.000000000e+00 0.000000000e+00 1.000000000e+00 0.000000000e+00
-5.880960444e-03 -9.999827070e-01 0.000000000e+00 4.786145392e+00 9.999827070e-01 -5.880960444e-03 0.000000000e+00 5.202760611e+00 0.000000000e+00 0.000000000e+00 1.000000000e+00 0.000000000e+00
-1.802140489e-01 -9.836274176e-01 0.000000000e+00 4.648286329e+00 9.836274176e-01 -1.802140489e-01 0.000000000e+00 6.044098441e+00 0.000000000e+00 0.000000000e+00 1.000000000e+00 0.000000000e+00
-3.490098774e-01 -9.371190455e-01 0.000000000e+00 4.360487439e+00 9.371190455e-01 -3.490098774e-01 0.000000000e+00 6.846618816e+00 0.000000000e+00 0.000000000e+00 1.000000000e+00 0.000000000e+00
-5.071497771e-01 -8.618579370e-01 0.000000000e+00 3.932294591e+00 8.618579370e-01 -5.071497771e-01 0.000000000e+00 7.585234383e+00 0.000000000e+00 0.000000000e+00 1.000000000e+00 0.000000000e+00
-6.497083481e-01 -7.601835715e-01 0.000000000e+00 3.376875921e+00 7.601835715e-01 -6.497083481e-01 0.000000000e+00 8.235118031e+00 0.000000000e+00 0.000000000e+00 1.000000000e+00 0.000000000e+00
-7.721228212e-01 -6.354733267e-01 0.000000000e+00 2.710626968e+00 6.354733267e-01 -7.721228212e-01 0.000000000e+00 8.774885624e+00 0.000000000e+00 0.000000000e+00 1.000000000e+00 0.000000000e+00
-8.710329123e-01 -4.912246591e-01 0.000000000e+00 1.952714211e+00 4.912246591e-01 -8.710329123e-01 0.000000000e+00 9.188070164e+00 0.000000000e+00 0.000000000e+00 1.000000000e+00 0.000000000e+00
-9.434320652e-01 -3.315658885e-01 0.000000000e+00 1.127722590e+00 3.315658885e-01 -9.434320652e-01 0.000000000e+00 9.460409172e+00 0.000000000e+00 0.000000000e+00 1.000000000e+00 0.000000000e+00
-9.868588089e-01 -1.615849350e-01 0.000000000e+00 2.621530469e-01 1.615849350e-01 -9.868588089e-01 0.000000000e+00 9.582963135e+00 0.000000000e+00 0.000000000e+00 1.000000000e+00 0.000000000e+00
-9.999159658e-01 1.296384419e-02 0.000000000e+00 -6.167306041e-01 -1.296384419e-02 -9.999159658e-01 0.000000000e+00 9.551923593e+00 0.000000000e+00 0.000000000e+00 1.000000000e+00 0.000000000e+00
-9.822553356e-01 1.875485422e-01 0.000000000e+00 -1.481263953e+00 -1.875485422e-01 -9.822553356e-01 0.000000000e+00 9.366264154e+00 0.000000000e+00 0.000000000e+00 1.000000000e+00 0.000000000e+00
-9.346239171e-01 3.556376437e-01 0.000000000e+00 -2.305792544e+00 -3.556376437e-01 -9.346239171e-01 0.000000000e+00 9.031866507e+00 0.000000000e+00 0.000000000e+00 1.000000000e+00 0.000000000e+00
-8.582994334e-01 5.131491816e-01 0.000000000e+00 -3.066126875e+00 -5.131491816e-01 -8.582994334e-01 0.000000000e+00 8.559375479e+00 0.000000000e+00 0.000000000e+00 1.000000000e+00 0.000000000e+00
-7.558716775e-01 6.547197928e-01 0.000000000e+00 -3.738896764e+00 -6.547197928e-01 -7.558716775e-01 0.000000000e+00 7.961645428e+00 0.000000000e+00 0.000000000e+00 1.000000000e+00 0.000000000e+00
-6.303068405e-01 7.763461128e-01 0.000000000e+00 -4.303244981e+00 -7.763461128e-01 -6.303068405e-01 0.000000000e+00 7.256147917e+00 0.000000000e+00 0.000000000e+00 1.000000000e+00 0.000000000e+00
-4.854992047e-01 8.742371087e-01 0.000000000e+00 -4.741898082e+00 -8.742371087e-01 -4.854992047e-01 0.000000000e+00 6.463406994e+00 0.000000000e+00 0.000000000e+00 1.000000000e+00 0.000000000e+00
-3.256866000e-01 9.454777832e-01 0.000000000e+00 -5.041650251e+00 -9.454777832e-01 -3.256866000e-01 0.000000000e+00 5.606067058e+00 0.000000000e+00 0.000000000e+00 1.000000000e+00 0.000000000e+00
-1.559446580e-01 9.877657939e-01 0.000000000e+00 -5.192546837e+00 -9.877657939e-01 -1.559446580e-01 0.000000000e+00 4.709592838e+00 0.000000000e+00 0.000000000e+00 1.000000000e+00 0.000000000e+00
1.849364307e-02 9.998289780e-01 0.000000000e+00 -5.189431196e+00 -9.998289780e-01 1.849364307e-02 0.000000000e+00 3.800202693e+00 0.000000000e+00 0.000000000e+00 1.000000000e+00 0.000000000e+00
1.928354537e-01 9.812311082e-01 0.000000000e+00 -5.032431972e+00 -9.812311082e-01 1.928354537e-01 0.000000000e+00 2.903721425e+00 0.000000000e+00 0.000000000e+00 1.000000000e+00 0.000000000e+00
3.609041292e-01 9.326029217e-01 0.000000000e+00 -4.725661799e+00 -9.326029217e-01 3.609041292e-01 0.000000000e+00 2.046719691e+00 0.000000000e+00 0.000000000e+00 1.000000000e+00 0.000000000e+00
5.180072233e-01 8.553762427e-01 0.000000000e+00 -4.278727138e+00 -8.553762427e-01 5.180072233e-01 0.000000000e+00 1.255325415e+00 0.000000000e+00 0.000000000e+00 1.000000000e+00 0.000000000e+00
6.594640809e-01 7.517360747e-01 0.000000000e+00 -3.704642677e+00 -7.517360747e-01 6.594640809e-01 0.000000000e+00 5.541593774e-01 0.000000000e+00 0.000000000e+00 1.000000000e+00 0.000000000e+00
7.805628126e-01 6.250773517e-01 0.000000000e+00 -3.021843293e+00 -6.250773517e-01 7.805628126e-01 0.000000000e+00 -3.532626037e-02 0.000000000e+00 0.000000000e+00 1.000000000e+00 0.000000000e+00
8.775325821e-01 4.795170146e-01 0.000000000e+00 -2.252048839e+00 -4.795170146e-01 8.775325821e-01 0.000000000e+00 -4.964584076e-01 0.000000000e+00 0.000000000e+00 1.000000000e+00 0.000000000e+00
9.476246225e-01 3.193862469e-01 0.000000000e+00 -1.418806447e+00 -3.193862469e-01 9.476246225e-01 0.000000000e+00 -8.162815887e-01 0.000000000e+00 0.000000000e+00 1.000000000e+00 0.000000000e+00
9.887758508e-01 1.494065488e-01 0.000000000e+00 -5.471219243e-01 -1.494065488e-01 9.887758508e-01 0.000000000e+00 -1.006116544e+00 0.000000000e+00 0.000000000e+00 1.000000000e+00 0.000000000e+00
9.996733750e-01 -2.555666729e-02 0.000000000e+00 3.452733706e-01 2.555666729e-02 9.996733750e-01 0.000000000e+00 -1.100953959e+00 0.000000000e+00 0.000000000e+00 1.000000000e+00 0.000000000e+00
