1.000000000e+00 0.000000000e+00 0.000000000e+00 0.000000000e+00 0.000000000e+00 1.000000000e+00 0.000000000e+00 0.000000000e+00 0.000000000e+00 0.000000000e+00 1.000000000e+00 0.000000000e+00
9.982285247e-01 -5.949632357e-02 0.000000000e+00 2.823251976e-01 5.949632357e-02 9.982285247e-01 0.000000000e+00 1.363771324e-02 0.000000000e+00 0.000000000e+00 1.000000000e+00 0.000000000e+00
9.929418012e-01 -1.186026110e-01 0.000000000e+00 5.640656017e-01 1.186026110e-01 9.929418012e-01 0.000000000e+00 4.054160478e-02 0.000000000e+00 0.000000000e+00 1.000000000e+00 0.000000000e+00
9.840174817e-01 -1.780718835e-01 0.000000000e+00 8.446288684e-01 1.780718835e-01 9.840174817e-01 0.000000000e+00 8.216778880e-02 0.000000000e+00 0.000000000e+00 1.000000000e+00 0.000000000e+00
9.717767915e-01 -2.359022415e-01 0.000000000e+00 1.123585959e+00 2.359022415e-01 9.717767915e-01 0.000000000e+00 1.363989126e-01 0.000000000e+00 0.000000000e+00 1.000000000e+00 0.000000000e+00
9.559677556e-01 -2.934717195e-01 0.000000000e+00 1.399298478e+00 2.934717195e-01 9.559677556e-01 0.000000000e+00 2.031525643e-01 0.000000000e+00 0.000000000e+00 1.000000000e+00 0.000000000e+00
9.368018545e-01 -3.498603798e-01 0.000000000e+00 1.669733022e+00 3.498603798e-01 9.368018545e-01 0.000000000e+00 2.840251703e-01 0.000000000e+00 0.000000000e+00 1.000000000e+00 0.000000000e+00
9.142446511e-01 -4.051625822e-01 0.000000000e+00 1.934268541e+00 4.051625822e-01 9.142446511e-01 0.000000000e+00 3.793742886e-01 0.000000000e+00 0.000000000e+00 1.000000000e+00 0.000000000e+00
8.886195574e-01 -4.586450503e-01 0.000000000e+00 2.193208232e+00 4.586450503e-01 8.886195574e-01 0.000000000e+00 4.883011507e-01 0.000000000e+00 0.000000000e+00 1.000000000e+00 0.000000000e+00
8.597925936e-01 -5.106434137e-01 0.000000000e+00 2.447023497e+00 5.106434137e-01 8.597925936e-01 0.000000000e+00 6.101204640e-01 0.000000000e+00 0.000000000e+00 1.000000000e+00 0.000000000e+00
8.280821827e-01 -5.606067238e-01 0.000000000e+00 2.694081775e+00 5.606067238e-01 8.280821827e-01 0.000000000e+00 7.458967061e-01 0.000000000e+00 0.000000000e+00 1.000000000e+00 0.000000000e+00
7.932919141e-01 -6.088414728e-01 0.000000000e+00 2.933017570e+00 6.088414728e-01 7.932919141e-01 0.000000000e+00 8.962692603e-01 0.000000000e+00 0.000000000e+00 1.000000000e+00 0.000000000e+00
7.556132757e-01 -6.550179980e-01 0.000000000e+00 3.163396468e+00 6.550179980e-01 7.556132757e-01 0.000000000e+00 1.060514560e+00 0.000000000e+00 0.000000000e+00 1.000000000e+00 0.000000000e+00
7.146320782e-01 -6.995005309e-01 0.000000000e+00 3.383763103e+00 6.995005309e-01 7.146320782e-01 0.000000000e+00 1.237732654e+00 0.000000000e+00 0.000000000e+00 1.000000000e+00 0.000000000e+00
6.717850462e-01 -7.407461452e-01 0.000000000e+00 3.593188071e+00 7.407461452e-01 6.717850462e-01 0.000000000e+00 1.427291803e+00 0.000000000e+00 0.000000000e+00 1.000000000e+00 0.000000000e+00
6.269553181e-01 -7.790552157e-01 0.000000000e+00 3.791455758e+00 7.790552157e-01 6.269553181e-01 0.000000000e+00 1.627879872e+00 0.000000000e+00 0.000000000e+00 1.000000000e+00 0.000000000e+00
5.797770290e-01 -8.147751816e-01 0.000000000e+00 3.977959832e+00 8.147751816e-01 5.797770290e-01 0.000000000e+00 1.838311807e+00 0.000000000e+00 0.000000000e+00 1.000000000e+00 0.000000000e+00
5.305631992e-01 -8.476453808e-01 0.000000000e+00 4.151305002e+00 8.476453808e-01 5.305631992e-01 0.000000000e+00 2.057566937e+00 0.000000000e+00 0.000000000e+00 1.000000000e+00 0.000000000e+00
4.789617660e-01 -8.778357629e-01 0.000000000e+00 4.311103775e+00 8.778357629e-01 4.789617660e-01 0.000000000e+00 2.284442689e+00 0.000000000e+00 0.000000000e+00 1.000000000e+00 0.000000000e+00
4.261257880e-01 -9.046639226e-01 0.000000000e+00 4.456880917e+00 9.046639226e-01 4.261257880e-01 0.000000000e+00 2.518478348e+00 0.000000000e+00 0.000000000e+00 1.000000000e+00 0.000000000e+00
3.711466026e-01 -9.285742832e-01 0.000000000e+00 4.589763725e+00 9.285742832e-01 3.711466026e-01 0.000000000e+00 2.759783397e+00 0.000000000e+00 0.000000000e+00 1.000000000e+00 0.000000000e+00
3.153928446e-01 -9.489611971e-01 0.000000000e+00 4.710139861e+00 9.489611971e-01 3.153928446e-01 0.000000000e+00 3.008050421e+00 0.000000000e+00 0.000000000e+00 1.000000000e+00 0.000000000e+00
2.582208030e-01 -9.660859263e-01 0.000000000e+00 4.814855800e+00 9.660859263e-01 2.582208030e-01 0.000000000e+00 3.260911355e+00 0.000000000e+00 0.000000000e+00 1.000000000e+00 0.000000000e+00
2.004035585e-01 -9.797134345e-01 0.000000000e+00 4.904935658e+00 9.797134345e-01 2.004035585e-01 0.000000000e+00 3.517784026e+00 0.000000000e+00 0.000000000e+00 1.000000000e+00 0.000000000e+00
1.414369261e-01 -9.899472693e-01 0.000000000e+00 4.981311043e+00 9.899472693e-01 1.414369261e-01 0.000000000e+00 3.777771457e+00 0.000000000e+00 0.000000000e+00 1.000000000e+00 0.000000000e+00
8.230569984e-02 -9.966071301e-01 0.000000000e+00 5.042834530e+00 9.966071301e-01 8.230569984e-02 0.000000000e+00 4.038206332e+00 0.000000000e+00 0.000000000e+00 1.000000000e+00 0.000000000e+00
2.272548563e-02 -9.997417428e-01 0.000000000e+00 5.088689610e+00 9.997417428e-01 2.272548563e-02 0.000000000e+00 4.299457203e+00 0.000000000e+00 0.000000000e+00 1.000000000e+00 0.000000000e+00
-3.674203204e-02 -9.993247836e-01 0.000000000e+00 5.118850977e+00 9.993247836e-01 -3.674203204e-02 0.000000000e+00 4.561923544e+00 0.000000000e+00 0.000000000e+00 1.000000000e+00 0.000000000e+00
-9.611075026e-02 -9.953706464e-01 0.000000000e+00 5.133267214e+00 9.953706464e-01 -9.611075026e-02 0.000000000e+00 4.823724753e+00 0.000000000e+00 0.000000000e+00 1.000000000e+00 0.000000000e+00
-1.552644701e-01 -9.878729394e-01 0.000000000e+00 5.131524569e+00 9.878729394e-01 -1.552644701e-01 0.000000000e+00 5.084778995e+00 0.000000000e+00 0.000000000e+00 1.000000000e+00 0.000000000e+00
-2.140516395e-01 -9.768223460e-01 0.000000000e+00 5.113867220e+00 9.768223460e-01 -2.140516395e-01 0.000000000e+00 5.345354856e+00 0.000000000e+00 0.000000000e+00 1.000000000e+00 0.000000000e+00
-2.719873509e-01 -9.623008266e-01 0.000000000e+00 5.080154456e+00 9.623008266e-01 -2.719873509e-01 0.000000000e+00 5.603909934e+00 0.000000000e+00 0.000000000e+00 1.000000000e+00 0.000000000e+00
-3.290560239e-01 -9.443104009e-01 0.000000000e+00 5.031813867e+00 9.443104009e-01 -3.290560239e-01 0.000000000e+00 5.858584770e+00 0.000000000e+00 0.000000000e+00 1.000000000e+00 0.000000000e+00
-3.845825556e-01 -9.230906012e-01 0.000000000e+00 4.969162401e+00 9.230906012e-01 -3.845825556e-01 0.000000000e+00 6.109932880e+00 0.000000000e+00 0.000000000e+00 1.000000000e+00 0.000000000e+00
-4.388445886e-01 -8.985629789e-01 0.000000000e+00 4.891571766e+00 8.985629789e-01 -4.388445886e-01 0.000000000e+00 6.358173913e+00 0.000000000e+00 0.000000000e+00 1.000000000e+00 0.000000000e+00
-4.914634285e-01 -8.708982136e-01 0.000000000e+00 4.798770162e+00 8.708982136e-01 -4.914634285e-01 0.000000000e+00 6.600607608e+00 0.000000000e+00 0.000000000e+00 1.000000000e+00 0.000000000e+00
-5.424122466e-01 -8.401124655e-01 0.000000000e+00 4.690205642e+00 8.401124655e-01 -5.424122466e-01 0.000000000e+00 6.835517615e+00 0.000000000e+00 0.000000000e+00 1.000000000e+00 0.000000000e+00
-5.913615689e-01 -8.064065320e-01 0.000000000e+00 4.566612671e+00 8.064065320e-01 -5.913615689e-01 0.000000000e+00 7.061804116e+00 0.000000000e+00 0.000000000e+00 1.000000000e+00 0.000000000e+00
-6.383925402e-01 -7.697109617e-01 0.000000000e+00 4.428889400e+00 7.697109617e-01 -6.383925402e-01 0.000000000e+00 7.279330941e+00 0.000000000e+00 0.000000000e+00 1.000000000e+00 0.000000000e+00
-6.833795100e-01 -7.300633160e-01 0.000000000e+00 4.278507171e+00 7.300633160e-01 -6.833795100e-01 0.000000000e+00 7.488654621e+00 0.000000000e+00 0.000000000e+00 1.000000000e+00 0.000000000e+00
-7.258122203e-01 -6.878928847e-01 0.000000000e+00 4.117028551e+00 6.878928847e-01 -7.258122203e-01 0.000000000e+00 7.687910941e+00 0.000000000e+00 0.000000000e+00 1.000000000e+00 0.000000000e+00
-7.655764583e-01 -6.433449203e-01 0.000000000e+00 3.944514852e+00 6.433449203e-01 -7.655764583e-01 0.000000000e+00 7.876756960e+00 0.000000000e+00 0.000000000e+00 1.000000000e+00 0.000000000e+00
-8.024235907e-01 -5.967548752e-01 0.000000000e+00 3.760639500e+00 5.967548752e-01 -8.024235907e-01 0.000000000e+00 8.054613016e+00 0.000000000e+00 0.000000000e+00 1.000000000e+00 0.000000000e+00
-8.367306929e-01 -5.476145977e-01 0.000000000e+00 3.566509020e+00 5.476145977e-01 -8.367306929e-01 0.000000000e+00 8.219534013e+00 0.000000000e+00 0.000000000e+00 1.000000000e+00 0.000000000e+00
-8.679623136e-01 -4.966300657e-01 0.000000000e+00 3.362822014e+00 4.966300657e-01 -8.679623136e-01 0.000000000e+00 8.372169650e+00 0.000000000e+00 0.000000000e+00 1.000000000e+00 0.000000000e+00
-8.959061665e-01 -4.442433352e-01 0.000000000e+00 3.151253111e+00 4.442433352e-01 -8.959061665e-01 0.000000000e+00 8.512309942e+00 0.000000000e+00 0.000000000e+00 1.000000000e+00 0.000000000e+00
-9.209311679e-01 -3.897252673e-01 0.000000000e+00 2.933268762e+00 3.897252673e-01 -9.209311679e-01 0.000000000e+00 8.639644537e+00 0.000000000e+00 0.000000000e+00 1.000000000e+00 0.000000000e+00
-9.423973201e-01 -3.344955772e-01 0.000000000e+00 2.707168865e+00 3.344955772e-01 -9.423973201e-01 0.000000000e+00 8.754622227e+00 0.000000000e+00 0.000000000e+00 1.000000000e+00 0.000000000e+00
-9.607726894e-01 -2.773370502e-01 0.000000000e+00 2.473869089e+00 2.773370502e-01 -9.607726894e-01 0.000000000e+00 8.856055021e+00 0.000000000e+00 0.000000000e+00 1.000000000e+00 0.000000000e+00
-9.756631929e-01 -2.192745629e-01 0.000000000e+00 2.234758285e+00 2.192745629e-01 -9.756631929e-01 0.000000000e+00 8.943316335e+00 0.000000000e+00 0.000000000e+00 1.000000000e+00 0.000000000e+00
-9.870945047e-01 -1.601388108e-01 0.000000000e+00 1.990084200e+00 1.601388108e-01 -9.870945047e-01 0.000000000e+00 9.017172127e+00 0.000000000e+00 0.000000000e+00 1.000000000e+00 0.000000000e+00
-9.948925387e-01 -1.009397662e-01 0.000000000e+00 1.741599403e+00 1.009397662e-01 -9.948925387e-01 0.000000000e+00 9.076475399e+00 0.000000000e+00 0.000000000e+00 1.000000000e+00 0.000000000e+00
-9.991341556e-01 -4.160455677e-02 0.000000000e+00 1.490308375e+00 4.160455677e-02 -9.991341556e-01 0.000000000e+00 9.120980529e+00 0.000000000e+00 0.000000000e+00 1.000000000e+00 0.000000000e+00
-9.998333419e-01 1.825618636e-02 0.000000000e+00 1.235880450e+00 -1.825618636e-02 -9.998333419e-01 0.000000000e+00 9.150773315e+00 0.000000000e+00 0.000000000e+00 1.000000000e+00 0.000000000e+00
-9.970212625e-01 7.712718130e-02 0.000000000e+00 9.791146136e-01 -7.712718130e-02 -9.970212625e-01 0.000000000e+00 9.165083056e+00 0.000000000e+00 0.000000000e+00 1.000000000e+00 0.000000000e+00
-9.907046816e-01 1.360302682e-01 0.000000000e+00 7.221903957e-01 -1.360302682e-01 -9.907046816e-01 0.000000000e+00 9.162835501e+00 0.000000000e+00 0.000000000e+00 1.000000000e+00 0.000000000e+00
-9.809477476e-01 1.942717594e-01 0.000000000e+00 4.660321816e-01 -1.942717594e-01 -9.809477476e-01 0.000000000e+00 9.142983031e+00 0.000000000e+00 0.000000000e+00 1.000000000e+00 0.000000000e+00
-9.676388882e-01 2.523390220e-01 0.000000000e+00 2.114279692e-01 -2.523390220e-01 -9.676388882e-01 0.000000000e+00 9.106279427e+00 0.000000000e+00 0.000000000e+00 1.000000000e+00 0.000000000e+00
-9.509617338e-01 3.093085527e-01 0.000000000e+00 -4.003256217e-02 -3.093085527e-01 -9.509617338e-01 0.000000000e+00 9.053305423e+00 0.000000000e+00 0.000000000e+00 1.000000000e+00 0.000000000e+00
-9.310281079e-01 3.649474789e-01 0.000000000e+00 -2.877233940e-01 -3.649474789e-01 -9.310281079e-01 0.000000000e+00 8.984377228e+00 0.000000000e+00 0.000000000e+00 1.000000000e+00 0.000000000e+00
-9.076473883e-01 4.197335089e-01 0.000000000e+00 -5.300284958e-01 -4.197335089e-01 -9.076473883e-01 0.000000000e+00 8.898863346e+00 0.000000000e+00 0.000000000e+00 1.000000000e+00 0.000000000e+00
-8.809432456e-01 4.732219331e-01 0.000000000e+00 -7.657806379e-01 -4.732219331e-01 -8.809432456e-01 0.000000000e+00 8.797293155e+00 0.000000000e+00 0.000000000e+00 1.000000000e+00 0.000000000e+00
-8.512969511e-01 5.246841918e-01 0.000000000e+00 -9.952892163e-01 -5.246841918e-01 -8.512969511e-01 0.000000000e+00 8.682090631e+00 0.000000000e+00 0.000000000e+00 1.000000000e+00 0.000000000e+00
-8.185760541e-01 5.743981577e-01 0.000000000e+00 -1.217901976e+00 -5.743981577e-01 -8.185760541e-01 0.000000000e+00 8.554776627e+00 0.000000000e+00 0.000000000e+00 1.000000000e+00 0.000000000e+00
-7.828561580e-01 6.222027289e-01 0.000000000e+00 -1.431202950e+00 -6.222027289e-01 -7.828561580e-01 0.000000000e+00 8.415009848e+00 0.000000000e+00 0.000000000e+00 1.000000000e+00 0.000000000e+00
-7.444488323e-01 6.676795161e-01 0.000000000e+00 -1.634780445e+00 -6.676795161e-01 -7.444488323e-01 0.000000000e+00 8.262233229e+00 0.000000000e+00 0.000000000e+00 1.000000000e+00 0.000000000e+00
-7.031495388e-01 7.110420003e-01 0.000000000e+00 -1.829273189e+00 -7.110420003e-01 -7.031495388e-01 0.000000000e+00 8.097118269e+00 0.000000000e+00 0.000000000e+00 1.000000000e+00 0.000000000e+00
-6.594099036e-01 7.517835986e-01 0.000000000e+00 -2.012705336e+00 -7.517835986e-01 -6.594099036e-01 0.000000000e+00 7.918933636e+00 0.000000000e+00 0.000000000e+00 1.000000000e+00 0.000000000e+00
-6.135557452e-01 7.896514089e-01 0.000000000e+00 -2.184771206e+00 -7.896514089e-01 -6.135557452e-01 0.000000000e+00 7.728607378e+00 0.000000000e+00 0.000000000e+00 1.000000000e+00 0.000000000e+00
-5.653490996e-01 8.248517416e-01 0.000000000e+00 -2.345990363e+00 -8.248517416e-01 -5.653490996e-01 0.000000000e+00 7.528751784e+00 0.000000000e+00 0.000000000e+00 1.000000000e+00 0.000000000e+00
-5.152632901e-01 8.570319375e-01 0.000000000e+00 -2.494464266e+00 -8.570319375e-01 -5.152632901e-01 0.000000000e+00 7.320144293e+00 0.000000000e+00 0.000000000e+00 1.000000000e+00 0.000000000e+00
-4.637007904e-01 8.859918606e-01 0.000000000e+00 -2.628723949e+00 -8.859918606e-01 -4.637007904e-01 0.000000000e+00 7.102289365e+00 0.000000000e+00 0.000000000e+00 1.000000000e+00 0.000000000e+00
-4.101027226e-01 9.120393396e-01 0.000000000e+00 -2.748714645e+00 -9.120393396e-01 -4.101027226e-01 0.000000000e+00 6.875013773e+00 0.000000000e+00 0.000000000e+00 1.000000000e+00 0.000000000e+00
-3.553579574e-01 9.347302938e-01 0.000000000e+00 -2.853693072e+00 -9.347302938e-01 -3.553579574e-01 0.000000000e+00 6.641040615e+00 0.000000000e+00 0.000000000e+00 1.000000000e+00 0.000000000e+00
-2.991666916e-01 9.542008649e-01 0.000000000e+00 -2.943434116e+00 -9.542008649e-01 -2.991666916e-01 0.000000000e+00 6.401945287e+00 0.000000000e+00 0.000000000e+00 1.000000000e+00 0.000000000e+00
-2.422124283e-01 9.702232421e-01 0.000000000e+00 -3.018018877e+00 -9.702232421e-01 -2.422124283e-01 0.000000000e+00 6.157200817e+00 0.000000000e+00 0.000000000e+00 1.000000000e+00 0.000000000e+00
-1.839141325e-01 9.829423136e-01 0.000000000e+00 -3.078213156e+00 -9.829423136e-01 -1.839141325e-01 0.000000000e+00 5.907583170e+00 0.000000000e+00 0.000000000e+00 1.000000000e+00 0.000000000e+00
-1.244805627e-01 9.922220465e-01 0.000000000e+00 -3.125432430e+00 -9.922220465e-01 -1.244805627e-01 0.000000000e+00 5.653874629e+00 0.000000000e+00 0.000000000e+00 1.000000000e+00 0.000000000e+00
-6.498224102e-02 9.978864206e-01 0.000000000e+00 -3.158872715e+00 -9.978864206e-01 -6.498224102e-02 0.000000000e+00 5.397412435e+00 0.000000000e+00 0.000000000e+00 1.000000000e+00 0.000000000e+00
-5.704476021e-03 9.999837293e-01 0.000000000e+00 -3.179176916e+00 -9.999837293e-01 -5.704476021e-03 0.000000000e+00 5.138390632e+00 0.000000000e+00 0.000000000e+00 1.000000000e+00 0.000000000e+00
5.440488901e-02 9.985189573e-01 0.000000000e+00 -3.189973405e+00 -9.985189573e-01 5.440488901e-02 0.000000000e+00 4.876495601e+00 0.000000000e+00 0.000000000e+00 1.000000000e+00 0.000000000e+00
