1.000000000e+00 0.000000000e+00 0.000000000e+00 0.000000000e+00 0.000000000e+00 1.000000000e+00 0.000000000e+00 0.000000000e+00 0.000000000e+00 0.000000000e+00 1.000000000e+00 0.000000000e+00
9.982236557e-01 -5.957795900e-02 0.000000000e+00 2.831143628e-01 5.957795900e-02 9.982236557e-01 0.000000000e+00 1.327691286e-02 0.000000000e+00 0.000000000e+00 1.000000000e+00 0.000000000e+00
9.928772466e-01 -1.191418199e-01 0.000000000e+00 5.662576217e-01 1.191418199e-01 9.928772466e-01 0.000000000e+00 3.939034696e-02 0.000000000e+00 0.000000000e+00 1.000000000e+00 0.000000000e+00
9.840268596e-01 -1.780200541e-01 0.000000000e+00 8.477461743e-01 1.780200541e-01 9.840268596e-01 0.000000000e+00 8.218682257e-02 0.000000000e+00 0.000000000e+00 1.000000000e+00 0.000000000e+00
9.715583273e-01 -2.368003731e-01 0.000000000e+00 1.127346772e+00 2.368003731e-01 9.715583273e-01 0.000000000e+00 1.421764768e-01 0.000000000e+00 0.000000000e+00 1.000000000e+00 0.000000000e+00
9.557888643e-01 -2.940538162e-01 0.000000000e+00 1.405174344e+00 2.940538162e-01 9.557888643e-01 0.000000000e+00 2.180352565e-01 0.000000000e+00 0.000000000e+00 1.000000000e+00 0.000000000e+00
9.365331557e-01 -3.505790185e-01 0.000000000e+00 1.680409872e+00 3.505790185e-01 9.365331557e-01 0.000000000e+00 3.083669679e-01 0.000000000e+00 0.000000000e+00 1.000000000e+00 0.000000000e+00
9.140697647e-01 -4.055569814e-01 0.000000000e+00 1.952618703e+00 4.055569814e-01 9.140697647e-01 0.000000000e+00 4.140127063e-01 0.000000000e+00 0.000000000e+00 1.000000000e+00 0.000000000e+00
8.882375950e-01 -4.593843432e-01 0.000000000e+00 2.220895294e+00 4.593843432e-01 8.882375950e-01 0.000000000e+00 5.363114774e-01 0.000000000e+00 0.000000000e+00 1.000000000e+00 0.000000000e+00
8.592172087e-01 -5.116109736e-01 0.000000000e+00 2.483926878e+00 5.116109736e-01 8.592172087e-01 0.000000000e+00 6.744212888e-01 0.000000000e+00 0.000000000e+00 1.000000000e+00 0.000000000e+00
8.273438089e-01 -5.616958446e-01 0.000000000e+00 2.738643611e+00 5.616958446e-01 8.273438089e-01 0.000000000e+00 8.269494055e-01 0.000000000e+00 0.000000000e+00 1.000000000e+00 0.000000000e+00
7.927102966e-01 -6.095985447e-01 0.000000000e+00 2.983611684e+00 6.095985447e-01 7.927102966e-01 0.000000000e+00 9.928060851e-01 0.000000000e+00 0.000000000e+00 1.000000000e+00 0.000000000e+00
7.548477436e-01 -6.559000564e-01 0.000000000e+00 3.219701203e+00 6.559000564e-01 7.548477436e-01 0.000000000e+00 1.170652453e+00 0.000000000e+00 0.000000000e+00 1.000000000e+00 0.000000000e+00
7.142984613e-01 -6.998412021e-01 0.000000000e+00 3.446510581e+00 6.998412021e-01 7.142984613e-01 0.000000000e+00 1.360094382e+00 0.000000000e+00 0.000000000e+00 1.000000000e+00 0.000000000e+00
6.716542660e-01 -7.408647292e-01 0.000000000e+00 3.663948866e+00 7.408647292e-01 6.716542660e-01 0.000000000e+00 1.560335074e+00 0.000000000e+00 0.000000000e+00 1.000000000e+00 0.000000000e+00
6.265062312e-01 -7.794164113e-01 0.000000000e+00 3.871086418e+00 7.794164113e-01 6.265062312e-01 0.000000000e+00 1.770722592e+00 0.000000000e+00 0.000000000e+00 1.000000000e+00 0.000000000e+00
5.786994190e-01 -8.155409140e-01 0.000000000e+00 4.067141517e+00 8.155409140e-01 5.786994190e-01 0.000000000e+00 1.991505999e+00 0.000000000e+00 0.000000000e+00 1.000000000e+00 0.000000000e+00
5.290176414e-01 -8.486108266e-01 0.000000000e+00 4.251997876e+00 8.486108266e-01 5.290176414e-01 0.000000000e+00 2.221392734e+00 0.000000000e+00 0.000000000e+00 1.000000000e+00 0.000000000e+00
4.776252411e-01 -8.785636739e-01 0.000000000e+00 4.424977243e+00 8.785636739e-01 4.776252411e-01 0.000000000e+00 2.459495400e+00 0.000000000e+00 0.000000000e+00 1.000000000e+00 0.000000000e+00
4.243668544e-01 -9.054903494e-01 0.000000000e+00 4.584259522e+00 9.054903494e-01 4.243668544e-01 0.000000000e+00 2.706652061e+00 0.000000000e+00 0.000000000e+00 1.000000000e+00 0.000000000e+00
3.695808778e-01 -9.291985658e-01 0.000000000e+00 4.729027860e+00 9.291985658e-01 3.695808778e-01 0.000000000e+00 2.961815979e+00 0.000000000e+00 0.000000000e+00 1.000000000e+00 0.000000000e+00
3.137800438e-01 -9.494956999e-01 0.000000000e+00 4.861214070e+00 9.494956999e-01 3.137800438e-01 0.000000000e+00 3.223409753e+00 0.000000000e+00 0.000000000e+00 1.000000000e+00 0.000000000e+00
2.567278345e-01 -9.664837396e-01 0.000000000e+00 4.980396074e+00 9.664837396e-01 2.567278345e-01 0.000000000e+00 3.491586224e+00 0.000000000e+00 0.000000000e+00 1.000000000e+00 0.000000000e+00
1.986191802e-01 -9.800767425e-01 0.000000000e+00 5.084666168e+00 9.800767425e-01 1.986191802e-01 0.000000000e+00 3.764913077e+00 0.000000000e+00 0.000000000e+00 1.000000000e+00 0.000000000e+00
1.403529882e-01 -9.901015295e-01 0.000000000e+00 5.174224300e+00 9.901015295e-01 1.403529882e-01 0.000000000e+00 4.042136554e+00 0.000000000e+00 0.000000000e+00 1.000000000e+00 0.000000000e+00
8.128261116e-02 -9.966910941e-01 0.000000000e+00 5.248224057e+00 9.966910941e-01 8.128261116e-02 0.000000000e+00 4.322933928e+00 0.000000000e+00 0.000000000e+00 1.000000000e+00 0.000000000e+00
2.144704182e-02 -9.997699857e-01 0.000000000e+00 5.306476657e+00 9.997699857e-01 2.144704182e-02 0.000000000e+00 4.606505561e+00 0.000000000e+00 0.000000000e+00 1.000000000e+00 0.000000000e+00
-3.798057053e-02 -9.992784778e-01 0.000000000e+00 5.349701462e+00 9.992784778e-01 -3.798057053e-02 0.000000000e+00 4.892220881e+00 0.000000000e+00 0.000000000e+00 1.000000000e+00 0.000000000e+00
-9.716636043e-02 -9.952681540e-01 0.000000000e+00 5.379418289e+00 9.952681540e-01 -9.716636043e-02 0.000000000e+00 5.179153371e+00 0.000000000e+00 0.000000000e+00 1.000000000e+00 0.000000000e+00
-1.561426933e-01 -9.877345085e-01 0.000000000e+00 5.395590464e+00 9.877345085e-01 -1.561426933e-01 0.000000000e+00 5.466023991e+00 0.000000000e+00 0.000000000e+00 1.000000000e+00 0.000000000e+00
-2.151183294e-01 -9.765879911e-01 0.000000000e+00 5.396397971e+00 9.765879911e-01 -2.151183294e-01 0.000000000e+00 5.750758440e+00 0.000000000e+00 0.000000000e+00 1.000000000e+00 0.000000000e+00
-2.727170625e-01 -9.620942801e-01 0.000000000e+00 5.380944223e+00 9.620942801e-01 -2.727170625e-01 0.000000000e+00 6.032177243e+00 0.000000000e+00 0.000000000e+00 1.000000000e+00 0.000000000e+00
-3.294425259e-01 -9.441756310e-01 0.000000000e+00 5.349359530e+00 9.441756310e-01 -3.294425259e-01 0.000000000e+00 6.309821792e+00 0.000000000e+00 0.000000000e+00 1.000000000e+00 0.000000000e+00
-3.847889861e-01 -9.230045700e-01 0.000000000e+00 5.304583498e+00 9.230045700e-01 -3.847889861e-01 0.000000000e+00 6.583919855e+00 0.000000000e+00 0.000000000e+00 1.000000000e+00 0.000000000e+00
-4.387312498e-01 -8.986183230e-01 0.000000000e+00 5.248018623e+00 8.986183230e-01 -4.387312498e-01 0.000000000e+00 6.853078595e+00 0.000000000e+00 0.000000000e+00 1.000000000e+00 0.000000000e+00
-4.914420360e-01 -8.709102854e-01 0.000000000e+00 5.178129976e+00 8.709102854e-01 -4.914420360e-01 0.000000000e+00 7.116476530e+00 0.000000000e+00 0.000000000e+00 1.000000000e+00 0.000000000e+00
-5.424947142e-01 -8.400592152e-01 0.000000000e+00 5.093710568e+00 8.400592152e-01 -5.424947142e-01 0.000000000e+00 7.373982924e+00 0.000000000e+00 0.000000000e+00 1.000000000e+00 0.000000000e+00
-5.911925299e-01 -8.065304660e-01 0.000000000e+00 4.996091866e+00 8.065304660e-01 -5.911925299e-01 0.000000000e+00 7.623687749e+00 0.000000000e+00 0.000000000e+00 1.000000000e+00 0.000000000e+00
-6.387199468e-01 -7.694392955e-01 0.000000000e+00 4.886181978e+00 7.694392955e-01 -6.387199468e-01 0.000000000e+00 7.866301592e+00 0.000000000e+00 0.000000000e+00 1.000000000e+00 0.000000000e+00
-6.831130700e-01 -7.303126273e-01 0.000000000e+00 4.764351481e+00 7.303126273e-01 -6.831130700e-01 0.000000000e+00 8.100998582e+00 0.000000000e+00 0.000000000e+00 1.000000000e+00 0.000000000e+00
-7.251725362e-01 -6.885672028e-01 0.000000000e+00 4.632204978e+00 6.885672028e-01 -7.251725362e-01 0.000000000e+00 8.326043708e+00 0.000000000e+00 0.000000000e+00 1.000000000e+00 0.000000000e+00
-7.648063912e-01 -6.442601834e-01 0.000000000e+00 4.490360021e+00 6.442601834e-01 -7.648063912e-01 0.000000000e+00 8.541028013e+00 0.000000000e+00 0.000000000e+00 1.000000000e+00 0.000000000e+00
-8.019011872e-01 -5.974566813e-01 0.000000000e+00 4.336307531e+00 5.974566813e-01 -8.019011872e-01 0.000000000e+00 8.745622791e+00 0.000000000e+00 0.000000000e+00 1.000000000e+00 0.000000000e+00
-8.360525525e-01 -5.486493683e-01 0.000000000e+00 4.169038326e+00 5.486493683e-01 -8.360525525e-01 0.000000000e+00 8.937123643e+00 0.000000000e+00 0.000000000e+00 1.000000000e+00 0.000000000e+00
-8.673766470e-01 -4.976522402e-01 0.000000000e+00 3.990665124e+00 4.976522402e-01 -8.673766470e-01 0.000000000e+00 9.114213061e+00 0.000000000e+00 0.000000000e+00 1.000000000e+00 0.000000000e+00
-8.956995697e-01 -4.446597360e-01 0.000000000e+00 3.803575096e+00 4.446597360e-01 -8.956995697e-01 0.000000000e+00 9.278650494e+00 0.000000000e+00 0.000000000e+00 1.000000000e+00 0.000000000e+00
-9.202608364e-01 -3.913054982e-01 0.000000000e+00 3.608630916e+00 3.913054982e-01 -9.202608364e-01 0.000000000e+00 9.430407030e+00 0.000000000e+00 0.000000000e+00 1.000000000e+00 0.000000000e+00
-9.419793856e-01 -3.356707271e-01 0.000000000e+00 3.405862149e+00 3.356707271e-01 -9.419793856e-01 0.000000000e+00 9.568661963e+00 0.000000000e+00 0.000000000e+00 1.000000000e+00 0.000000000e+00
-9.604002238e-01 -2.786241376e-01 0.000000000e+00 3.196426712e+00 2.786241376e-01 -9.604002238e-01 0.000000000e+00 9.693650233e+00 0.000000000e+00 0.000000000e+00 1.000000000e+00 0.000000000e+00
-9.752801042e-01 -2.209722115e-01 0.000000000e+00 2.981628622e+00 2.209722115e-01 -9.752801042e-01 0.000000000e+00 9.806250366e+00 0.000000000e+00 0.000000000e+00 1.000000000e+00 0.000000000e+00
-9.867300294e-01 -1.623694830e-01 0.000000000e+00 2.761312387e+00 1.623694830e-01 -9.867300294e-01 0.000000000e+00 9.904912313e+00 0.000000000e+00 0.000000000e+00 1.000000000e+00 0.000000000e+00
-9.946854158e-01 -1.029607870e-01 0.000000000e+00 2.535872331e+00 1.029607870e-01 -9.946854158e-01 0.000000000e+00 9.989448563e+00 0.000000000e+00 0.000000000e+00 1.000000000e+00 0.000000000e+00
-9.990509961e-01 -4.355579504e-02 0.000000000e+00 2.307225238e+00 4.355579504e-02 -9.990509961e-01 0.000000000e+00 1.005993599e+01 0.000000000e+00 0.000000000e+00 1.000000000e+00 0.000000000e+00
-9.998726415e-01 1.595934942e-02 0.000000000e+00 2.077148169e+00 -1.595934942e-02 -9.998726415e-01 0.000000000e+00 1.011528097e+01 0.000000000e+00 0.000000000e+00 1.000000000e+00 0.000000000e+00
-9.971256459e-01 7.576573291e-02 0.000000000e+00 1.846288944e+00 -7.576573291e-02 -9.971256459e-01 0.000000000e+00 1.015613719e+01 0.000000000e+00 0.000000000e+00 1.000000000e+00 0.000000000e+00
-9.908375870e-01 1.350587880e-01 0.000000000e+00 1.615169745e+00 -1.350587880e-01 -9.908375870e-01 0.000000000e+00 1.018252454e+01 0.000000000e+00 0.000000000e+00 1.000000000e+00 0.000000000e+00
-9.809908795e-01 1.940538440e-01 0.000000000e+00 1.385178433e+00 -1.940538440e-01 -9.809908795e-01 0.000000000e+00 1.019389543e+01 0.000000000e+00 0.000000000e+00 1.000000000e+00 0.000000000e+00
-9.676927885e-01 2.521322412e-01 0.000000000e+00 1.156830679e+00 -2.521322412e-01 -9.676927885e-01 0.000000000e+00 1.019063684e+01 0.000000000e+00 0.000000000e+00 1.000000000e+00 0.000000000e+00
-9.509680262e-01 3.092892064e-01 0.000000000e+00 9.314325814e-01 -3.092892064e-01 -9.509680262e-01 0.000000000e+00 1.017227177e+01 0.000000000e+00 0.000000000e+00 1.000000000e+00 0.000000000e+00
-9.308432100e-01 3.654188261e-01 0.000000000e+00 7.101123511e-01 -3.654188261e-01 -9.308432100e-01 0.000000000e+00 1.013782123e+01 0.000000000e+00 0.000000000e+00 1.000000000e+00 0.000000000e+00
-9.072797351e-01 4.205276236e-01 0.000000000e+00 4.943731282e-01 -4.205276236e-01 -9.072797351e-01 0.000000000e+00 1.008837087e+01 0.000000000e+00 0.000000000e+00 1.000000000e+00 0.000000000e+00
-8.808939991e-01 4.733135983e-01 0.000000000e+00 2.855787929e-01 -4.733135983e-01 -8.808939991e-01 0.000000000e+00 1.002532262e+01 0.000000000e+00 0.000000000e+00 1.000000000e+00 0.000000000e+00
-8.514758571e-01 5.243938070e-01 0.000000000e+00 8.369059660e-02 -5.243938070e-01 -8.514758571e-01 0.000000000e+00 9.948153998e+00 0.000000000e+00 0.000000000e+00 1.000000000e+00 0.000000000e+00
-8.185996647e-01 5.743645088e-01 0.000000000e+00 -1.113461175e-01 -5.743645088e-01 -8.185996647e-01 0.000000000e+00 9.856577764e+00 0.000000000e+00 0.000000000e+00 1.000000000e+00 0.000000000e+00
-7.831584034e-01 6.218222537e-01 0.000000000e+00 -2.993361666e-01 -6.218222537e-01 -7.831584034e-01 0.000000000e+00 9.751576797e+00 0.000000000e+00 0.000000000e+00 1.000000000e+00 0.000000000e+00
-7.444675784e-01 6.676586139e-01 0.000000000e+00 -4.788083116e-01 -6.676586139e-01 -7.444675784e-01 0.000000000e+00 9.634283171e+00 0.000000000e+00 0.000000000e+00 1.000000000e+00 0.000000000e+00
-7.029718848e-01 7.112176384e-01 0.000000000e+00 -6.487250475e-01 -7.112176384e-01 -7.029718848e-01 0.000000000e+00 9.504959719e+00 0.000000000e+00 0.000000000e+00 1.000000000e+00 0.000000000e+00
-6.594020137e-01 7.517905189e-01 0.000000000e+00 -8.084220615e-01 -7.517905189e-01 -6.594020137e-01 0.000000000e+00 9.363776543e+00 0.000000000e+00 0.000000000e+00 1.000000000e+00 0.000000000e+00
-6.141290244e-01 7.892056395e-01 0.000000000e+00 -9.576095014e-01 -7.892056395e-01 -6.141290244e-01 0.000000000e+00 9.211986919e+00 0.000000000e+00 0.000000000e+00 1.000000000e+00 0.000000000e+00
-5.660427636e-01 8.243758790e-01 0.000000000e+00 -1.096070945e+00 -8.243758790e-01 -5.660427636e-01 0.000000000e+00 9.050393639e+00 0.000000000e+00 0.000000000e+00 1.000000000e+00 0.000000000e+00
-5.161370757e-01 8.565059948e-01 0.000000000e+00 -1.222630912e+00 -8.565059948e-01 -5.161370757e-01 0.000000000e+00 8.879167733e+00 0.000000000e+00 0.000000000e+00 1.000000000e+00 0.000000000e+00
-4.641764068e-01 8.857427749e-01 0.000000000e+00 -1.337202390e+00 -8.857427749e-01 -4.641764068e-01 0.000000000e+00 8.697703380e+00 0.000000000e+00 0.000000000e+00 1.000000000e+00 0.000000000e+00
-4.102638281e-01 9.119668806e-01 0.000000000e+00 -1.438738955e+00 -9.119668806e-01 -4.102638281e-01 0.000000000e+00 8.506218479e+00 0.000000000e+00 0.000000000e+00 1.000000000e+00 0.000000000e+00
-3.551083046e-01 9.348251665e-01 0.000000000e+00 -1.526430320e+00 -9.348251665e-01 -3.551083046e-01 0.000000000e+00 8.306047257e+00 0.000000000e+00 0.000000000e+00 1.000000000e+00 0.000000000e+00
-2.987431012e-01 9.543335683e-01 0.000000000e+00 -1.600404921e+00 -9.543335683e-01 -2.987431012e-01 0.000000000e+00 8.098962523e+00 0.000000000e+00 0.000000000e+00 1.000000000e+00 0.000000000e+00
-2.418268757e-01 9.703194125e-01 0.000000000e+00 -1.659277161e+00 -9.703194125e-01 -2.418268757e-01 0.000000000e+00 7.886279015e+00 0.000000000e+00 0.000000000e+00 1.000000000e+00 0.000000000e+00
-1.838685699e-01 9.829508375e-01 0.000000000e+00 -1.703096294e+00 -9.829508375e-01 -1.838685699e-01 0.000000000e+00 7.669557672e+00 0.000000000e+00 0.000000000e+00 1.000000000e+00 0.000000000e+00
-1.247523944e-01 9.921879056e-01 0.000000000e+00 -1.732463501e+00 -9.921879056e-01 -1.247523944e-01 0.000000000e+00 7.448438901e+00 0.000000000e+00 0.000000000e+00 1.000000000e+00 0.000000000e+00
-6.492436435e-02 9.978901878e-01 0.000000000e+00 -1.746401624e+00 -9.978901878e-01 -6.492436435e-02 0.000000000e+00 7.224307886e+00 0.000000000e+00 0.000000000e+00 1.000000000e+00 0.000000000e+00
-5.482728857e-03 9.999849697e-01 0.000000000e+00 -1.747445433e+00 -9.999849697e-01 -5.482728857e-03 0.000000000e+00 6.999425738e+00 0.000000000e+00 0.000000000e+00 1.000000000e+00 0.000000000e+00
5.375652671e-02 9.985540726e-01 0.000000000e+00 -1.739157376e+00 -9.985540726e-01 5.375652671e-02 0.000000000e+00 6.771934263e+00 0.000000000e+00 0.000000000e+00 1.000000000e+00 0.000000000e+00
