1.000000000e+00 5.240776030e-18 0.000000000e+00 0.000000000e+00 5.240776030e-18 1.000000000e+00 0.000000000e+00 -5.551115123e-17 0.000000000e+00 0.000000000e+00 1.000000000e+00 0.000000000e+00
9.931303409e-01 -1.170133584e-01 0.000000000e+00 -1.813514057e-02 1.170133584e-01 9.931303409e-01 0.000000000e+00 3.111293057e-01 0.000000000e+00 0.000000000e+00 1.000000000e+00 0.000000000e+00
9.633494712e-01 -2.682495039e-01 0.000000000e+00 -7.603776610e-02 2.682495039e-01 9.633494712e-01 0.000000000e+00 6.129993811e-01 0.000000000e+00 0.000000000e+00 1.000000000e+00 0.000000000e+00
9.117981114e-01 -4.106387756e-01 0.000000000e+00 -1.760755275e-01 4.106387756e-01 9.117981114e-01 0.000000000e+00 8.973022461e-01 0.000000000e+00 0.000000000e+00 1.000000000e+00 0.000000000e+00
8.414401324e-01 -5.403503526e-01 0.000000000e+00 -3.137059011e-01 5.403503526e-01 8.414401324e-01 0.000000000e+00 1.157438480e+00 0.000000000e+00 0.000000000e+00 1.000000000e+00 0.000000000e+00
7.562099799e-01 -6.543290199e-01 0.000000000e+00 -4.824074958e-01 6.543290199e-01 7.562099799e-01 0.000000000e+00 1.389027549e+00 0.000000000e+00 0.000000000e+00 1.000000000e+00 0.000000000e+00
6.601034080e-01 -7.511747405e-01 0.000000000e+00 -6.761982192e-01 7.511747405e-01 6.601034080e-01 0.000000000e+00 1.588605945e+00 0.000000000e+00 0.000000000e+00 1.000000000e+00 0.000000000e+00
5.565849892e-01 -8.307906775e-01 0.000000000e+00 -8.879489599e-01 8.307906775e-01 5.565849892e-01 0.000000000e+00 1.755113018e+00 0.000000000e+00 0.000000000e+00 1.000000000e+00 0.000000000e+00
4.500088202e-01 -8.930241104e-01 0.000000000e+00 -1.111714389e+00 8.930241104e-01 4.500088202e-01 0.000000000e+00 1.888384712e+00 0.000000000e+00 0.000000000e+00 1.000000000e+00 0.000000000e+00
3.426363944e-01 -9.394680948e-01 0.000000000e+00 -1.344077648e+00 9.394680948e-01 3.426363944e-01 0.000000000e+00 1.987617484e+00 0.000000000e+00 0.000000000e+00 1.000000000e+00 0.000000000e+00
2.381189382e-01 -9.712360018e-01 0.000000000e+00 -1.581626556e+00 9.712360018e-01 2.381189382e-01 0.000000000e+00 2.053903296e+00 0.000000000e+00 0.000000000e+00 1.000000000e+00 0.000000000e+00
1.376942608e-01 -9.904747804e-01 0.000000000e+00 -1.820128419e+00 9.904747804e-01 1.376942608e-01 0.000000000e+00 2.091735034e+00 0.000000000e+00 0.000000000e+00 1.000000000e+00 0.000000000e+00
4.294581619e-02 -9.990774028e-01 0.000000000e+00 -2.055931174e+00 9.990774028e-01 4.294581619e-02 0.000000000e+00 2.105074678e+00 0.000000000e+00 0.000000000e+00 1.000000000e+00 0.000000000e+00
-4.486980810e-02 -9.989928430e-01 0.000000000e+00 -2.286907172e+00 9.989928430e-01 -4.486980810e-02 0.000000000e+00 2.096131404e+00 0.000000000e+00 0.000000000e+00 1.000000000e+00 0.000000000e+00
-1.262512755e-01 -9.919982941e-01 0.000000000e+00 -2.510410546e+00 9.919982941e-01 -1.262512755e-01 0.000000000e+00 2.067818988e+00 0.000000000e+00 0.000000000e+00 1.000000000e+00 0.000000000e+00
-2.000476588e-01 -9.797861676e-01 0.000000000e+00 -2.725399307e+00 9.797861676e-01 -2.000476588e-01 0.000000000e+00 2.022862942e+00 0.000000000e+00 0.000000000e+00 1.000000000e+00 0.000000000e+00
-2.665089207e-01 -9.638324518e-01 0.000000000e+00 -2.932256764e+00 9.638324518e-01 -2.665089207e-01 0.000000000e+00 1.963332488e+00 0.000000000e+00 0.000000000e+00 1.000000000e+00 0.000000000e+00
-3.260376806e-01 -9.453567743e-01 0.000000000e+00 -3.129703897e+00 9.453567743e-01 -3.260376806e-01 0.000000000e+00 1.892254718e+00 0.000000000e+00 0.000000000e+00 1.000000000e+00 0.000000000e+00
-3.788009015e-01 -9.254781883e-01 0.000000000e+00 -3.317293143e+00 9.254781883e-01 -3.788009015e-01 0.000000000e+00 1.810975809e+00 0.000000000e+00 0.000000000e+00 1.000000000e+00 0.000000000e+00
-4.252422956e-01 -9.050795490e-01 0.000000000e+00 -3.496983995e+00 9.050795490e-01 -4.252422956e-01 0.000000000e+00 1.719758023e+00 0.000000000e+00 0.000000000e+00 1.000000000e+00 0.000000000e+00
-4.661607844e-01 -8.847000187e-01 0.000000000e+00 -3.669310615e+00 8.847000187e-01 -4.661607844e-01 0.000000000e+00 1.621356230e+00 0.000000000e+00 0.000000000e+00 1.000000000e+00 0.000000000e+00
-5.015336248e-01 -8.651381526e-01 0.000000000e+00 -3.834239180e+00 8.651381526e-01 -5.015336248e-01 0.000000000e+00 1.517501494e+00 0.000000000e+00 0.000000000e+00 1.000000000e+00 0.000000000e+00
-5.319578748e-01 -8.467708187e-01 0.000000000e+00 -3.991995995e+00 8.467708187e-01 -5.319578748e-01 0.000000000e+00 1.409292104e+00 0.000000000e+00 0.000000000e+00 1.000000000e+00 0.000000000e+00
-5.577592864e-01 -8.300027581e-01 0.000000000e+00 -4.142436694e+00 8.300027581e-01 -5.577592864e-01 0.000000000e+00 1.299440762e+00 0.000000000e+00 0.000000000e+00 1.000000000e+00 0.000000000e+00
-5.791920438e-01 -8.151911288e-01 0.000000000e+00 -4.286678815e+00 8.151911288e-01 -5.791920438e-01 0.000000000e+00 1.189703759e+00 0.000000000e+00 0.000000000e+00 1.000000000e+00 0.000000000e+00
-5.967639913e-01 -8.024168111e-01 0.000000000e+00 -4.426451260e+00 8.024168111e-01 -5.967639913e-01 0.000000000e+00 1.078257764e+00 0.000000000e+00 0.000000000e+00 1.000000000e+00 0.000000000e+00
-6.108286138e-01 -7.917628462e-01 0.000000000e+00 -4.563937795e+00 7.917628462e-01 -6.108286138e-01 0.000000000e+00 9.650099536e-01 0.000000000e+00 0.000000000e+00 1.000000000e+00 0.000000000e+00
-6.209103723e-01 -7.838815660e-01 0.000000000e+00 -4.700463254e+00 7.838815660e-01 -6.209103723e-01 0.000000000e+00 8.519196523e-01 0.000000000e+00 0.000000000e+00 1.000000000e+00 0.000000000e+00
-6.279612250e-01 -7.782446273e-01 0.000000000e+00 -4.837536370e+00 7.782446273e-01 -6.279612250e-01 0.000000000e+00 7.388969848e-01 0.000000000e+00 0.000000000e+00 1.000000000e+00 0.000000000e+00
-6.317739640e-01 -7.751526678e-01 0.000000000e+00 -4.976296918e+00 7.751526678e-01 -6.317739640e-01 0.000000000e+00 6.273445055e-01 0.000000000e+00 0.000000000e+00 1.000000000e+00 0.000000000e+00
-6.323702036e-01 -7.746663318e-01 0.000000000e+00 -5.116518199e+00 7.746663318e-01 -6.323702036e-01 0.000000000e+00 5.188620059e-01 0.000000000e+00 0.000000000e+00 1.000000000e+00 0.000000000e+00
-6.292327582e-01 -7.772169170e-01 0.000000000e+00 -5.258206649e+00 7.772169170e-01 -6.292327582e-01 0.000000000e+00 4.126158093e-01 0.000000000e+00 0.000000000e+00 1.000000000e+00 0.000000000e+00
-6.235998217e-01 -7.817437319e-01 0.000000000e+00 -5.402821238e+00 7.817437319e-01 -6.235998217e-01 0.000000000e+00 3.082432741e-01 0.000000000e+00 0.000000000e+00 1.000000000e+00 0.000000000e+00
-6.144413287e-01 -7.889625172e-01 0.000000000e+00 -5.551631434e+00 7.889625172e-01 -6.144413287e-01 0.000000000e+00 2.067000157e-01 0.000000000e+00 0.000000000e+00 1.000000000e+00 0.000000000e+00
-6.018032760e-01 -7.986443620e-01 0.000000000e+00 -5.703207200e+00 7.986443620e-01 -6.018032760e-01 0.000000000e+00 1.086009466e-01 0.000000000e+00 0.000000000e+00 1.000000000e+00 0.000000000e+00
-5.853849301e-01 -8.107555018e-01 0.000000000e+00 -5.856857210e+00 8.107555018e-01 -5.853849301e-01 0.000000000e+00 1.523909613e-02 0.000000000e+00 0.000000000e+00 1.000000000e+00 0.000000000e+00
-5.650503758e-01 -8.250564058e-01 0.000000000e+00 -6.014294039e+00 8.250564058e-01 -5.650503758e-01 0.000000000e+00 -7.344396702e-02 0.000000000e+00 0.000000000e+00 1.000000000e+00 0.000000000e+00
-5.405538033e-01 -8.413094471e-01 0.000000000e+00 -6.176631222e+00 8.413094471e-01 -5.405538033e-01 0.000000000e+00 -1.577368232e-01 0.000000000e+00 0.000000000e+00 1.000000000e+00 0.000000000e+00
-5.113257596e-01 -8.593869719e-01 0.000000000e+00 -6.344366554e+00 8.593869719e-01 -5.113257596e-01 0.000000000e+00 -2.366072749e-01 0.000000000e+00 0.000000000e+00 1.000000000e+00 0.000000000e+00
-4.773238224e-01 -8.787274711e-01 0.000000000e+00 -6.518074709e+00 8.787274711e-01 -4.773238224e-01 0.000000000e+00 -3.084977135e-01 0.000000000e+00 0.000000000e+00 1.000000000e+00 0.000000000e+00
-4.377709458e-01 -8.990865359e-01 0.000000000e+00 -6.698563221e+00 8.990865359e-01 -4.377709458e-01 0.000000000e+00 -3.711971823e-01 0.000000000e+00 0.000000000e+00 1.000000000e+00 0.000000000e+00
-3.925243771e-01 -9.197416014e-01 0.000000000e+00 -6.886518577e+00 9.197416014e-01 -3.925243771e-01 0.000000000e+00 -4.227650238e-01 0.000000000e+00 0.000000000e+00 1.000000000e+00 0.000000000e+00
-3.408371010e-01 -9.401223700e-01 0.000000000e+00 -7.081592483e+00 9.401223700e-01 -3.408371010e-01 0.000000000e+00 -4.617446784e-01 0.000000000e+00 0.000000000e+00 1.000000000e+00 0.000000000e+00
-2.833147572e-01 -9.590269800e-01 0.000000000e+00 -7.283822901e+00 9.590269800e-01 -2.833147572e-01 0.000000000e+00 -4.865653583e-01 0.000000000e+00 0.000000000e+00 1.000000000e+00 0.000000000e+00
-2.181417708e-01 -9.759170907e-01 0.000000000e+00 -7.493583272e+00 9.759170907e-01 -2.181417708e-01 0.000000000e+00 -4.940644796e-01 0.000000000e+00 0.000000000e+00 1.000000000e+00 0.000000000e+00
-1.457891976e-01 -9.893156776e-01 0.000000000e+00 -7.710384545e+00 9.893156776e-01 -1.457891976e-01 0.000000000e+00 -4.815657305e-01 0.000000000e+00 0.000000000e+00 1.000000000e+00 0.000000000e+00
-6.601910034e-02 -9.978183594e-01 0.000000000e+00 -7.934273268e+00 9.978183594e-01 -6.601910034e-02 0.000000000e+00 -4.480451565e-01 0.000000000e+00 0.000000000e+00 1.000000000e+00 0.000000000e+00
2.105477967e-02 -9.997783236e-01 0.000000000e+00 -8.163229118e+00 9.997783236e-01 2.105477967e-02 0.000000000e+00 -3.920181640e-01 0.000000000e+00 0.000000000e+00 1.000000000e+00 0.000000000e+00
1.144849137e-01 -9.934249869e-01 0.000000000e+00 -8.393765051e+00 9.934249869e-01 1.144849137e-01 0.000000000e+00 -3.094355598e-01 0.000000000e+00 0.000000000e+00 1.000000000e+00 0.000000000e+00
2.145619965e-01 -9.767103714e-01 0.000000000e+00 -8.623508597e+00 9.767103714e-01 2.145619965e-01 0.000000000e+00 -1.980575271e-01 0.000000000e+00 0.000000000e+00 1.000000000e+00 0.000000000e+00
3.186959024e-01 -9.478570155e-01 0.000000000e+00 -8.849352206e+00 9.478570155e-01 3.186959024e-01 0.000000000e+00 -5.676748792e-02 0.000000000e+00 0.000000000e+00 1.000000000e+00 0.000000000e+00
4.256686209e-01 -9.048791219e-01 0.000000000e+00 -9.067015273e+00 9.048791219e-01 4.256686209e-01 0.000000000e+00 1.159852290e-01 0.000000000e+00 0.000000000e+00 1.000000000e+00 0.000000000e+00
5.332742473e-01 -8.459424195e-01 0.000000000e+00 -9.271222643e+00 8.459424195e-01 5.332742473e-01 0.000000000e+00 3.200133516e-01 0.000000000e+00 0.000000000e+00 1.000000000e+00 0.000000000e+00
6.379009034e-01 -7.701184567e-01 0.000000000e+00 -9.456672460e+00 7.701184567e-01 6.379009034e-01 0.000000000e+00 5.550647283e-01 0.000000000e+00 0.000000000e+00 1.000000000e+00 0.000000000e+00
7.359722822e-01 -6.770116689e-01 0.000000000e+00 -9.617007197e+00 6.770116689e-01 7.359722822e-01 0.000000000e+00 8.211077957e-01 0.000000000e+00 0.000000000e+00 1.000000000e+00 0.000000000e+00
8.238252686e-01 -5.668438294e-01 0.000000000e+00 -9.745533338e+00 5.668438294e-01 8.238252686e-01 0.000000000e+00 1.115973394e+00 0.000000000e+00 0.000000000e+00 1.000000000e+00 0.000000000e+00
8.973247198e-01 -4.413709860e-01 0.000000000e+00 -9.836089720e+00 4.413709860e-01 8.973247198e-01 0.000000000e+00 1.435429677e+00 0.000000000e+00 0.000000000e+00 1.000000000e+00 0.000000000e+00
9.532291935e-01 -3.022484156e-01 0.000000000e+00 -9.882534529e+00 3.022484156e-01 9.532291935e-01 0.000000000e+00 1.773824034e+00 0.000000000e+00 0.000000000e+00 1.000000000e+00 0.000000000e+00
9.882356599e-01 -1.529388127e-01 0.000000000e+00 -9.880923484e+00 1.529388127e-01 9.882356599e-01 0.000000000e+00 2.124667240e+00 0.000000000e+00 0.000000000e+00 1.000000000e+00 0.000000000e+00
9.999973459e-01 2.303933579e-03 0.000000000e+00 -9.829665985e+00 -2.303933579e-03 9.999973459e-01 0.000000000e+00 2.479990101e+00 0.000000000e+00 0.000000000e+00 1.000000000e+00 0.000000000e+00
9.875041163e-01 1.575932117e-01 0.000000000e+00 -9.727985840e+00 -1.575932117e-01 9.875041163e-01 0.000000000e+00 2.830388318e+00 0.000000000e+00 0.000000000e+00 1.000000000e+00 0.000000000e+00
9.512926778e-01 3.082892166e-01 0.000000000e+00 -9.577544953e+00 -3.082892166e-01 9.512926778e-01 0.000000000e+00 3.166748190e+00 0.000000000e+00 0.000000000e+00 1.000000000e+00 0.000000000e+00
8.932938195e-01 4.494731939e-01 0.000000000e+00 -9.382787913e+00 -4.494731939e-01 8.932938195e-01 0.000000000e+00 3.481158709e+00 0.000000000e+00 0.000000000e+00 1.000000000e+00 0.000000000e+00
8.159440460e-01 5.781308795e-01 0.000000000e+00 -9.148148042e+00 -5.781308795e-01 8.159440460e-01 0.000000000e+00 3.768587577e+00 0.000000000e+00 0.000000000e+00 1.000000000e+00 0.000000000e+00
7.227265343e-01 6.911341090e-01 0.000000000e+00 -8.879463706e+00 -6.911341090e-01 7.227265343e-01 0.000000000e+00 4.023726068e+00 0.000000000e+00 0.000000000e+00 1.000000000e+00 0.000000000e+00
6.186639546e-01 7.856557206e-01 0.000000000e+00 -8.584332762e+00 -7.856557206e-01 6.186639546e-01 0.000000000e+00 4.241750828e+00 0.000000000e+00 0.000000000e+00 1.000000000e+00 0.000000000e+00
5.070957091e-01 8.618897504e-01 0.000000000e+00 -8.268468685e+00 -8.618897504e-01 5.070957091e-01 0.000000000e+00 4.422063224e+00 0.000000000e+00 0.000000000e+00 1.000000000e+00 0.000000000e+00
3.917620518e-01 9.200665709e-01 0.000000000e+00 -7.937004121e+00 -9.200665709e-01 3.917620518e-01 0.000000000e+00 4.564572742e+00 0.000000000e+00 0.000000000e+00 1.000000000e+00 0.000000000e+00
2.767631954e-01 9.609381529e-01 0.000000000e+00 -7.597487131e+00 -9.609381529e-01 2.767631954e-01 0.000000000e+00 4.668116195e+00 0.000000000e+00 0.000000000e+00 1.000000000e+00 0.000000000e+00
1.648350949e-01 9.863211401e-01 0.000000000e+00 -7.256799419e+00 -9.863211401e-01 1.648350949e-01 0.000000000e+00 4.735334819e+00 0.000000000e+00 0.000000000e+00 1.000000000e+00 0.000000000e+00
5.771038662e-02 9.983333668e-01 0.000000000e+00 -6.919109845e+00 -9.983333668e-01 5.771038662e-02 0.000000000e+00 4.770398350e+00 0.000000000e+00 0.000000000e+00 1.000000000e+00 0.000000000e+00
-4.285590671e-02 9.990812636e-01 0.000000000e+00 -6.587322047e+00 -9.990812636e-01 -4.285590671e-02 0.000000000e+00 4.776051179e+00 0.000000000e+00 0.000000000e+00 1.000000000e+00 0.000000000e+00
-1.358291987e-01 9.907322690e-01 0.000000000e+00 -6.264971839e+00 -9.907322690e-01 -1.358291987e-01 0.000000000e+00 4.754915406e+00 0.000000000e+00 0.000000000e+00 1.000000000e+00 0.000000000e+00
-2.209237024e-01 9.752910938e-01 0.000000000e+00 -5.953709771e+00 -9.752910938e-01 -2.209237024e-01 0.000000000e+00 4.710085665e+00 0.000000000e+00 0.000000000e+00 1.000000000e+00 0.000000000e+00
-2.979376801e-01 9.545853229e-01 0.000000000e+00 -5.654828454e+00 -9.545853229e-01 -2.979376801e-01 0.000000000e+00 4.644430498e+00 0.000000000e+00 0.000000000e+00 1.000000000e+00 0.000000000e+00
-3.671578519e-01 9.301586487e-01 0.000000000e+00 -5.369312025e+00 -9.301586487e-01 -3.671578519e-01 0.000000000e+00 4.560416406e+00 0.000000000e+00 0.000000000e+00 1.000000000e+00 0.000000000e+00
-4.288226716e-01 9.033886851e-01 0.000000000e+00 -5.097592442e+00 -9.033886851e-01 -4.288226716e-01 0.000000000e+00 4.459807901e+00 0.000000000e+00 0.000000000e+00 1.000000000e+00 0.000000000e+00
-4.831325742e-01 8.755472093e-01 0.000000000e+00 -4.839252279e+00 -8.755472093e-01 -4.831325742e-01 0.000000000e+00 4.344354604e+00 0.000000000e+00 0.000000000e+00 1.000000000e+00 0.000000000e+00
-5.311728766e-01 8.472634627e-01 0.000000000e+00 -4.593724888e+00 -8.472634627e-01 -5.311728766e-01 0.000000000e+00 4.216996812e+00 0.000000000e+00 0.000000000e+00 1.000000000e+00 0.000000000e+00
-5.723920829e-01 8.199800628e-01 0.000000000e+00 -4.360998084e+00 -8.199800628e-01 -5.723920829e-01 0.000000000e+00 4.079685232e+00 0.000000000e+00 0.000000000e+00 1.000000000e+00 0.000000000e+00
-6.082381141e-01 7.937546198e-01 0.000000000e+00 -4.138937957e+00 -7.937546198e-01 -6.082381141e-01 0.000000000e+00 3.933905997e+00 0.000000000e+00 0.000000000e+00 1.000000000e+00 0.000000000e+00
-6.387020142e-01 7.694541812e-01 0.000000000e+00 -3.927462155e+00 -7.694541812e-01 -6.387020142e-01 0.000000000e+00 3.781218146e+00 0.000000000e+00 0.000000000e+00 1.000000000e+00 0.000000000e+00
-6.647895919e-01 7.470306543e-01 0.000000000e+00 -3.725841667e+00 -7.470306543e-01 -6.647895919e-01 0.000000000e+00 3.622460307e+00 0.000000000e+00 0.000000000e+00 1.000000000e+00 0.000000000e+00
-6.864501006e-01 7.271769106e-01 0.000000000e+00 -3.532762534e+00 -7.271769106e-01 -6.864501006e-01 0.000000000e+00 3.459747954e+00 0.000000000e+00 0.000000000e+00 1.000000000e+00 0.000000000e+00
-7.046589522e-01 7.095461656e-01 0.000000000e+00 -3.346869434e+00 -7.095461656e-01 -7.046589522e-01 0.000000000e+00 3.294658787e+00 0.000000000e+00 0.000000000e+00 1.000000000e+00 0.000000000e+00
-7.193362771e-01 6.946620189e-01 0.000000000e+00 -3.167303007e+00 -6.946620189e-01 -7.193362771e-01 0.000000000e+00 3.126478703e+00 0.000000000e+00 0.000000000e+00 1.000000000e+00 0.000000000e+00
-7.302786634e-01 6.831493789e-01 0.000000000e+00 -2.994596871e+00 -6.831493789e-01 -7.302786634e-01 0.000000000e+00 2.955808961e+00 0.000000000e+00 0.000000000e+00 1.000000000e+00 0.000000000e+00
-7.382698775e-01 6.745054396e-01 0.000000000e+00 -2.826857067e+00 -6.745054396e-01 -7.382698775e-01 0.000000000e+00 2.783944109e+00 0.000000000e+00 0.000000000e+00 1.000000000e+00 0.000000000e+00
-7.433780813e-01 6.688714587e-01 0.000000000e+00 -2.663351654e+00 -6.688714587e-01 -7.433780813e-01 0.000000000e+00 2.610997814e+00 0.000000000e+00 0.000000000e+00 1.000000000e+00 0.000000000e+00
-7.454756825e-01 6.665328250e-01 0.000000000e+00 -2.503932567e+00 -6.665328250e-01 -7.454756825e-01 0.000000000e+00 2.437087103e+00 0.000000000e+00 0.000000000e+00 1.000000000e+00 0.000000000e+00
-7.447982022e-01 6.672897706e-01 0.000000000e+00 -2.347026917e+00 -6.672897706e-01 -7.447982022e-01 0.000000000e+00 2.262503728e+00 0.000000000e+00 0.000000000e+00 1.000000000e+00 0.000000000e+00
-7.418545942e-01 6.705607811e-01 0.000000000e+00 -2.191906077e+00 -6.705607811e-01 -7.418545942e-01 0.000000000e+00 2.087356014e+00 0.000000000e+00 0.000000000e+00 1.000000000e+00 0.000000000e+00
-7.360243504e-01 6.769550618e-01 0.000000000e+00 -2.037501967e+00 -6.769550618e-01 -7.360243504e-01 0.000000000e+00 1.911227206e+00 0.000000000e+00 0.000000000e+00 1.000000000e+00 0.000000000e+00
-7.271588658e-01 6.864692156e-01 0.000000000e+00 -1.884073342e+00 -6.864692156e-01 -7.271588658e-01 0.000000000e+00 1.734977682e+00 0.000000000e+00 0.000000000e+00 1.000000000e+00 0.000000000e+00
-7.150370126e-01 6.990865974e-01 0.000000000e+00 -1.730818573e+00 -6.990865974e-01 -7.150370126e-01 0.000000000e+00 1.560165226e+00 0.000000000e+00 0.000000000e+00 1.000000000e+00 0.000000000e+00
-6.994616988e-01 7.146700861e-01 0.000000000e+00 -1.576662039e+00 -7.146700861e-01 -6.994616988e-01 0.000000000e+00 1.387491143e+00 0.000000000e+00 0.000000000e+00 1.000000000e+00 0.000000000e+00
-6.804725556e-01 7.327735674e-01 0.000000000e+00 -1.419156730e+00 -7.327735674e-01 -6.804725556e-01 0.000000000e+00 1.216768414e+00 0.000000000e+00 0.000000000e+00 1.000000000e+00 0.000000000e+00
-6.579781747e-01 7.530369988e-01 0.000000000e+00 -1.256393760e+00 -7.530369988e-01 -6.579781747e-01 0.000000000e+00 1.048279496e+00 0.000000000e+00 0.000000000e+00 1.000000000e+00 0.000000000e+00
-6.310178766e-01 7.757682898e-01 0.000000000e+00 -1.089273611e+00 -7.757682898e-01 -6.310178766e-01 0.000000000e+00 8.831193842e-01 0.000000000e+00 0.000000000e+00 1.000000000e+00 0.000000000e+00
-5.987784716e-01 8.009146908e-01 0.000000000e+00 -9.168935429e-01 -8.009146908e-01 -5.987784716e-01 0.000000000e+00 7.225642709e-01 0.000000000e+00 0.000000000e+00 1.000000000e+00 0.000000000e+00
-5.609502512e-01 8.278495127e-01 0.000000000e+00 -7.376426495e-01 -8.278495127e-01 -5.609502512e-01 0.000000000e+00 5.670494438e-01 0.000000000e+00 0.000000000e+00 1.000000000e+00 0.000000000e+00
-5.180086582e-01 8.553753738e-01 0.000000000e+00 -5.493335474e-01 -8.553753738e-01 -5.180086582e-01 0.000000000e+00 4.174440516e-01 0.000000000e+00 0.000000000e+00 1.000000000e+00 0.000000000e+00
-4.688411108e-01 8.832825215e-01 0.000000000e+00 -3.525267166e-01 -8.832825215e-01 -4.688411108e-01 0.000000000e+00 2.756741342e-01 0.000000000e+00 0.000000000e+00 1.000000000e+00 0.000000000e+00
-4.127404630e-01 9.108486758e-01 0.000000000e+00 -1.472031130e-01 -9.108486758e-01 -4.127404630e-01 0.000000000e+00 1.434288569e-01 0.000000000e+00 0.000000000e+00 1.000000000e+00 0.000000000e+00
-3.500009285e-01 9.367493529e-01 0.000000000e+00 6.742138016e-02 -9.367493529e-01 -3.500009285e-01 0.000000000e+00 2.414362130e-02 0.000000000e+00 0.000000000e+00 1.000000000e+00 0.000000000e+00
-2.790003142e-01 9.602910104e-01 0.000000000e+00 2.916099991e-01 -9.602910104e-01 -2.790003142e-01 0.000000000e+00 -8.063889034e-02 0.000000000e+00 0.000000000e+00 1.000000000e+00 0.000000000e+00
-1.997968731e-01 9.798373383e-01 0.000000000e+00 5.257267886e-01 -9.798373383e-01 -1.997968731e-01 0.000000000e+00 -1.690318587e-01 0.000000000e+00 0.000000000e+00 1.000000000e+00 0.000000000e+00
-1.127281494e-01 9.936258674e-01 0.000000000e+00 7.673725045e-01 -9.936258674e-01 -1.127281494e-01 0.000000000e+00 -2.376140652e-01 0.000000000e+00 0.000000000e+00 1.000000000e+00 0.000000000e+00
-1.740203073e-02 9.998485732e-01 0.000000000e+00 1.014774635e+00 -9.998485732e-01 -1.740203073e-02 0.000000000e+00 -2.844920776e-01 0.000000000e+00 0.000000000e+00 1.000000000e+00 0.000000000e+00
8.464759160e-02 9.964109520e-01 0.000000000e+00 1.264915876e+00 -9.964109520e-01 8.464759160e-02 0.000000000e+00 -3.059382313e-01 0.000000000e+00 0.000000000e+00 1.000000000e+00 0.000000000e+00
1.930739245e-01 9.811842129e-01 0.000000000e+00 1.514527964e+00 -9.811842129e-01 1.930739245e-01 0.000000000e+00 -2.986439711e-01 0.000000000e+00 0.000000000e+00 1.000000000e+00 0.000000000e+00
3.057745923e-01 9.521039327e-01 0.000000000e+00 1.760265152e+00 -9.521039327e-01 3.057745923e-01 0.000000000e+00 -2.613627917e-01 0.000000000e+00 0.000000000e+00 1.000000000e+00 0.000000000e+00
4.207951489e-01 9.071556882e-01 0.000000000e+00 1.998287611e+00 -9.071556882e-01 4.207951489e-01 0.000000000e+00 -1.922302489e-01 0.000000000e+00 0.000000000e+00 1.000000000e+00 0.000000000e+00
5.353999954e-01 8.445986295e-01 0.000000000e+00 2.224710118e+00 -8.445986295e-01 5.353999954e-01 0.000000000e+00 -8.985704432e-02 0.000000000e+00 0.000000000e+00 1.000000000e+00 0.000000000e+00
6.460033978e-01 7.633345335e-01 0.000000000e+00 2.432214636e+00 -7.633345335e-01 6.460033978e-01 0.000000000e+00 4.479736838e-02 0.000000000e+00 0.000000000e+00 1.000000000e+00 0.000000000e+00
7.479080331e-01 6.638023607e-01 0.000000000e+00 2.613771202e+00 -6.638023607e-01 7.479080331e-01 0.000000000e+00 2.092343353e-01 0.000000000e+00 0.000000000e+00 1.000000000e+00 0.000000000e+00
8.376151670e-01 5.462607729e-01 0.000000000e+00 2.763750797e+00 -5.462607729e-01 8.376151670e-01 0.000000000e+00 4.010753482e-01 0.000000000e+00 0.000000000e+00 1.000000000e+00 0.000000000e+00
9.104686861e-01 4.135780116e-01 0.000000000e+00 2.875974703e+00 -4.135780116e-01 9.104686861e-01 0.000000000e+00 6.159990413e-01 0.000000000e+00 0.000000000e+00 1.000000000e+00 0.000000000e+00
9.633489175e-01 2.682514924e-01 0.000000000e+00 2.946844832e+00 -2.682514924e-01 9.633489175e-01 0.000000000e+00 8.480340847e-01 0.000000000e+00 0.000000000e+00 1.000000000e+00 0.000000000e+00
9.881347056e-01 1.535897251e-01 0.000000000e+00 2.980724905e+00 -1.535897251e-01 9.881347056e-01 0.000000000e+00 1.090194746e+00 0.000000000e+00 0.000000000e+00 1.000000000e+00 0.000000000e+00
9.971361716e-01 7.562708009e-02 0.000000000e+00 2.986521045e+00 -7.562708009e-02 9.971361716e-01 0.000000000e+00 1.337693985e+00 0.000000000e+00 0.000000000e+00 1.000000000e+00 0.000000000e+00
