1.000000000e+00 0.000000000e+00 0.000000000e+00 0.000000000e+00 0.000000000e+00 1.000000000e+00 0.000000000e+00 0.000000000e+00 0.000000000e+00 0.000000000e+00 1.000000000e+00 0.000000000e+00
9.999997699e-01 -6.783213227e-04 0.000000000e+00 5.475750546e-04 6.783213227e-04 9.999997699e-01 0.000000000e+00 2.989630809e-01 0.000000000e+00 0.000000000e+00 1.000000000e+00 0.000000000e+00
9.999994281e-01 -1.069476825e-03 0.000000000e+00 2.064656775e-03 1.069476825e-03 9.999994281e-01 0.000000000e+00 5.945712728e-01 0.000000000e+00 0.000000000e+00 1.000000000e+00 0.000000000e+00
9.999987122e-01 -1.604849718e-03 0.000000000e+00 4.173699286e-03 1.604849718e-03 9.999987122e-01 0.000000000e+00 8.873696019e-01 0.000000000e+00 0.000000000e+00 1.000000000e+00 0.000000000e+00
9.999971040e-01 -2.406644748e-03 0.000000000e+00 7.103222210e-03 2.406644748e-03 9.999971040e-01 0.000000000e+00 1.180077310e+00 0.000000000e+00 0.000000000e+00 1.000000000e+00 0.000000000e+00
9.999956859e-01 -2.937387202e-03 0.000000000e+00 1.085313220e-02 2.937387202e-03 9.999956859e-01 0.000000000e+00 1.472938781e+00 0.000000000e+00 0.000000000e+00 1.000000000e+00 0.000000000e+00
9.999941521e-01 -3.419894112e-03 0.000000000e+00 1.494292266e-02 3.419894112e-03 9.999941521e-01 0.000000000e+00 1.764732897e+00 0.000000000e+00 0.000000000e+00 1.000000000e+00 0.000000000e+00
9.999912451e-01 -4.184454767e-03 0.000000000e+00 1.951370163e-02 4.184454767e-03 9.999912451e-01 0.000000000e+00 2.054836165e+00 0.000000000e+00 0.000000000e+00 1.000000000e+00 0.000000000e+00
9.999915114e-01 -4.120333623e-03 0.000000000e+00 2.524826786e-02 4.120333623e-03 9.999915114e-01 0.000000000e+00 2.344661533e+00 0.000000000e+00 0.000000000e+00 1.000000000e+00 0.000000000e+00
9.999912594e-01 -4.181036202e-03 0.000000000e+00 3.388864947e-02 4.181036202e-03 9.999912594e-01 0.000000000e+00 2.633770979e+00 0.000000000e+00 0.000000000e+00 1.000000000e+00 0.000000000e+00
9.999867315e-01 -5.151383308e-03 0.000000000e+00 4.483040975e-02 5.151383308e-03 9.999867315e-01 0.000000000e+00 2.920528822e+00 0.000000000e+00 0.000000000e+00 1.000000000e+00 0.000000000e+00
9.999826076e-01 -5.897833760e-03 0.000000000e+00 5.627954728e-02 5.897833760e-03 9.999826076e-01 0.000000000e+00 3.204450759e+00 0.000000000e+00 0.000000000e+00 1.000000000e+00 0.000000000e+00
9.999777574e-01 -6.669690226e-03 0.000000000e+00 6.876590461e-02 6.669690226e-03 9.999777574e-01 0.000000000e+00 3.485656946e+00 0.000000000e+00 0.000000000e+00 1.000000000e+00 0.000000000e+00
9.999724065e-01 -7.428741084e-03 0.000000000e+00 8.190278871e-02 7.428741084e-03 9.999724065e-01 0.000000000e+00 3.765473258e+00 0.000000000e+00 0.000000000e+00 1.000000000e+00 0.000000000e+00
9.999667143e-01 -8.159063880e-03 0.000000000e+00 9.568079461e-02 8.159063880e-03 9.999667143e-01 0.000000000e+00 4.043812475e+00 0.000000000e+00 0.000000000e+00 1.000000000e+00 0.000000000e+00
9.999636811e-01 -8.522708174e-03 0.000000000e+00 1.112716049e-01 8.522708174e-03 9.999636811e-01 0.000000000e+00 4.321156324e+00 0.000000000e+00 0.000000000e+00 1.000000000e+00 0.000000000e+00
9.999561602e-01 -9.363636437e-03 0.000000000e+00 1.284066127e-01 9.363636437e-03 9.999561602e-01 0.000000000e+00 4.598526147e+00 0.000000000e+00 0.000000000e+00 1.000000000e+00 0.000000000e+00
9.999446325e-01 -1.052292439e-02 0.000000000e+00 1.475011702e-01 1.052292439e-02 9.999446325e-01 0.000000000e+00 4.874809291e+00 0.000000000e+00 0.000000000e+00 1.000000000e+00 0.000000000e+00
9.999419657e-01 -1.077336085e-02 0.000000000e+00 1.695244937e-01 1.077336085e-02 9.999419657e-01 0.000000000e+00 5.149753658e+00 0.000000000e+00 0.000000000e+00 1.000000000e+00 0.000000000e+00
9.999332677e-01 -1.155249343e-02 0.000000000e+00 1.937459642e-01 1.155249343e-02 9.999332677e-01 0.000000000e+00 5.423263442e+00 0.000000000e+00 0.000000000e+00 1.000000000e+00 0.000000000e+00
9.999293192e-01 -1.188935015e-02 0.000000000e+00 2.196349565e-01 1.188935015e-02 9.999293192e-01 0.000000000e+00 5.695757125e+00 0.000000000e+00 0.000000000e+00 1.000000000e+00 0.000000000e+00
9.999211851e-01 -1.255481939e-02 0.000000000e+00 2.477179582e-01 1.255481939e-02 9.999211851e-01 0.000000000e+00 5.968198457e+00 0.000000000e+00 0.000000000e+00 1.000000000e+00 0.000000000e+00
9.999116223e-01 -1.329464817e-02 0.000000000e+00 2.786410388e-01 1.329464817e-02 9.999116223e-01 0.000000000e+00 6.240782914e+00 0.000000000e+00 0.000000000e+00 1.000000000e+00 0.000000000e+00
9.998956085e-01 -1.444894636e-02 0.000000000e+00 3.118686369e-01 1.444894636e-02 9.998956085e-01 0.000000000e+00 6.513390672e+00 0.000000000e+00 0.000000000e+00 1.000000000e+00 0.000000000e+00
9.998818218e-01 -1.537343384e-02 0.000000000e+00 3.473301943e-01 1.537343384e-02 9.998818218e-01 0.000000000e+00 6.785614112e+00 0.000000000e+00 0.000000000e+00 1.000000000e+00 0.000000000e+00
9.998612010e-01 -1.666069419e-02 0.000000000e+00 3.847986975e-01 1.666069419e-02 9.998612010e-01 0.000000000e+00 7.056857705e+00 0.000000000e+00 0.000000000e+00 1.000000000e+00 0.000000000e+00
9.998487037e-01 -1.739453363e-02 0.000000000e+00 4.232523250e-01 1.739453363e-02 9.998487037e-01 0.000000000e+00 7.326340409e+00 0.000000000e+00 0.000000000e+00 1.000000000e+00 0.000000000e+00
9.998340020e-01 -1.822000107e-02 0.000000000e+00 4.618703701e-01 1.822000107e-02 9.998340020e-01 0.000000000e+00 7.594782539e+00 0.000000000e+00 0.000000000e+00 1.000000000e+00 0.000000000e+00
9.998190855e-01 -1.902094535e-02 0.000000000e+00 5.005201184e-01 1.902094535e-02 9.998190855e-01 0.000000000e+00 7.863279482e+00 0.000000000e+00 0.000000000e+00 1.000000000e+00 0.000000000e+00
9.998044516e-01 -1.977519873e-02 0.000000000e+00 5.400199616e-01 1.977519873e-02 9.998044516e-01 0.000000000e+00 8.131766072e+00 0.000000000e+00 0.000000000e+00 1.000000000e+00 0.000000000e+00
9.997925609e-01 -2.036750141e-02 0.000000000e+00 5.805311700e-01 2.036750141e-02 9.997925609e-01 0.000000000e+00 8.400936245e+00 0.000000000e+00 0.000000000e+00 1.000000000e+00 0.000000000e+00
9.997815945e-01 -2.089888422e-02 0.000000000e+00 6.219700826e-01 2.089888422e-02 9.997815945e-01 0.000000000e+00 8.671291004e+00 0.000000000e+00 0.000000000e+00 1.000000000e+00 0.000000000e+00
9.994557020e-01 -3.298938927e-02 0.000000000e+00 6.637463864e-01 3.298938927e-02 9.994557020e-01 0.000000000e+00 8.941575719e+00 0.000000000e+00 0.000000000e+00 1.000000000e+00 0.000000000e+00
9.946549958e-01 -1.032542465e-01 0.000000000e+00 6.953941613e-01 1.032542465e-01 9.946549958e-01 0.000000000e+00 9.208916805e+00 0.000000000e+00 0.000000000e+00 1.000000000e+00 0.000000000e+00
9.664831731e-01 -2.567299675e-01 0.000000000e+00 6.937912044e-01 2.567299675e-01 9.664831731e-01 0.000000000e+00 9.467896016e+00 0.000000000e+00 0.000000000e+00 1.000000000e+00 0.000000000e+00
8.970059591e-01 -4.420184491e-01 0.000000000e+00 6.433534784e-01 4.420184491e-01 8.970059591e-01 0.000000000e+00 9.707679710e+00 0.000000000e+00 0.000000000e+00 1.000000000e+00 0.000000000e+00
7.910873781e-01 -6.117031634e-01 0.000000000e+00 5.456432626e-01 6.117031634e-01 7.910873781e-01 0.000000000e+00 9.916612342e+00 0.000000000e+00 0.000000000e+00 1.000000000e+00 0.000000000e+00
6.531128605e-01 -7.572605836e-01 0.000000000e+00 4.067242078e-01 7.572605836e-01 6.531128605e-01 0.000000000e+00 1.008751209e+01 0.000000000e+00 0.000000000e+00 1.000000000e+00 0.000000000e+00
4.892556898e-01 -8.721403958e-01 0.000000000e+00 2.351480500e-01 8.721403958e-01 4.892556898e-01 0.000000000e+00 1.021197197e+01 0.000000000e+00 0.000000000e+00 1.000000000e+00 0.000000000e+00
3.056801975e-01 -9.521342431e-01 0.000000000e+00 4.315448571e-02 9.521342431e-01 3.056801975e-01 0.000000000e+00 1.028433080e+01 0.000000000e+00 0.000000000e+00 1.000000000e+00 0.000000000e+00
1.094802533e-01 -9.939889708e-01 0.000000000e+00 -1.592318971e-01 9.939889708e-01 1.094802533e-01 0.000000000e+00 1.030193816e+01 0.000000000e+00 0.000000000e+00 1.000000000e+00 0.000000000e+00
-9.072220322e-02 -9.958762382e-01 0.000000000e+00 -3.622729244e-01 9.958762382e-01 -9.072220322e-02 0.000000000e+00 1.026216557e+01 0.000000000e+00 0.000000000e+00 1.000000000e+00 0.000000000e+00
-2.869014407e-01 -9.579601053e-01 0.000000000e+00 -5.538810951e-01 9.579601053e-01 -2.869014407e-01 0.000000000e+00 1.016586811e+01 0.000000000e+00 0.000000000e+00 1.000000000e+00 0.000000000e+00
-4.722425018e-01 -8.814686719e-01 0.000000000e+00 -7.231218871e-01 8.814686719e-01 -4.722425018e-01 0.000000000e+00 1.001688229e+01 0.000000000e+00 0.000000000e+00 1.000000000e+00 0.000000000e+00
-6.382910888e-01 -7.697950935e-01 0.000000000e+00 -8.601624145e-01 7.697950935e-01 -6.382910888e-01 0.000000000e+00 9.823157478e+00 0.000000000e+00 0.000000000e+00 1.000000000e+00 0.000000000e+00
-7.788728744e-01 -6.271818281e-01 0.000000000e+00 -9.557502710e-01 6.271818281e-01 -7.788728744e-01 0.000000000e+00 9.591912353e+00 0.000000000e+00 0.000000000e+00 1.000000000e+00 0.000000000e+00
-8.880969065e-01 -4.596562679e-01 0.000000000e+00 -1.003535072e+00 4.596562679e-01 -8.880969065e-01 0.000000000e+00 9.330283455e+00 0.000000000e+00 0.000000000e+00 1.000000000e+00 0.000000000e+00
-9.618578709e-01 -2.735496962e-01 0.000000000e+00 -9.984688512e-01 2.735496962e-01 -9.618578709e-01 0.000000000e+00 9.049300300e+00 0.000000000e+00 0.000000000e+00 1.000000000e+00 0.000000000e+00
-9.950958515e-01 -9.891534890e-02 0.000000000e+00 -9.399798881e-01 9.891534890e-02 -9.950958515e-01 0.000000000e+00 8.759713982e+00 0.000000000e+00 0.000000000e+00 1.000000000e+00 0.000000000e+00
-9.999838132e-01 5.689757822e-03 0.000000000e+00 -8.418009960e-01 -5.689757822e-03 -9.999838132e-01 0.000000000e+00 8.469335040e+00 0.000000000e+00 0.000000000e+00 1.000000000e+00 0.000000000e+00
-9.994308647e-01 3.373346465e-02 0.000000000e+00 -7.273343700e-01 -3.373346465e-02 -9.994308647e-01 0.000000000e+00 8.179816387e+00 0.000000000e+00 0.000000000e+00 1.000000000e+00 0.000000000e+00
-9.994112431e-01 3.430986933e-02 0.000000000e+00 -6.097320691e-01 -3.430986933e-02 -9.994112431e-01 0.000000000e+00 7.890505738e+00 0.000000000e+00 0.000000000e+00 1.000000000e+00 0.000000000e+00
-9.993919248e-01 3.486804616e-02 0.000000000e+00 -4.915194206e-01 -3.486804616e-02 -9.993919248e-01 0.000000000e+00 7.602300957e+00 0.000000000e+00 0.000000000e+00 1.000000000e+00 0.000000000e+00
-9.993662770e-01 3.559556759e-02 0.000000000e+00 -3.737936815e-01 -3.559556759e-02 -9.993662770e-01 0.000000000e+00 7.315656865e+00 0.000000000e+00 0.000000000e+00 1.000000000e+00 0.000000000e+00
-9.993312312e-01 3.656624674e-02 0.000000000e+00 -2.578522516e-01 -3.656624674e-02 -9.993312312e-01 0.000000000e+00 7.029504782e+00 0.000000000e+00 0.000000000e+00 1.000000000e+00 0.000000000e+00
-9.992974184e-01 3.747892188e-02 0.000000000e+00 -1.442683129e-01 -3.747892188e-02 -9.992974184e-01 0.000000000e+00 6.744736695e+00 0.000000000e+00 0.000000000e+00 1.000000000e+00 0.000000000e+00
-9.992839674e-01 3.783586203e-02 0.000000000e+00 -3.232027832e-02 -3.783586203e-02 -9.992839674e-01 0.000000000e+00 6.462357443e+00 0.000000000e+00 0.000000000e+00 1.000000000e+00 0.000000000e+00
-9.992700922e-01 3.820056004e-02 0.000000000e+00 7.822368146e-02 -3.820056004e-02 -9.992700922e-01 0.000000000e+00 6.181558437e+00 0.000000000e+00 0.000000000e+00 1.000000000e+00 0.000000000e+00
-9.992428306e-01 3.890713876e-02 0.000000000e+00 1.877203853e-01 -3.890713876e-02 -9.992428306e-01 0.000000000e+00 5.901843933e+00 0.000000000e+00 0.000000000e+00 1.000000000e+00 0.000000000e+00
-9.992119571e-01 3.969212466e-02 0.000000000e+00 2.962633674e-01 -3.969212466e-02 -9.992119571e-01 0.000000000e+00 5.622976696e+00 0.000000000e+00 0.000000000e+00 1.000000000e+00 0.000000000e+00
-9.991927135e-01 4.017363910e-02 0.000000000e+00 4.036404176e-01 -4.017363910e-02 -9.991927135e-01 0.000000000e+00 5.343882795e+00 0.000000000e+00 0.000000000e+00 1.000000000e+00 0.000000000e+00
-9.991695385e-01 4.074596142e-02 0.000000000e+00 5.100855104e-01 -4.074596142e-02 -9.991695385e-01 0.000000000e+00 5.064134019e+00 0.000000000e+00 0.000000000e+00 1.000000000e+00 0.000000000e+00
-9.991600836e-01 4.097715707e-02 0.000000000e+00 6.149731649e-01 -4.097715707e-02 -9.991600836e-01 0.000000000e+00 4.786179617e+00 0.000000000e+00 0.000000000e+00 1.000000000e+00 0.000000000e+00
-9.991265429e-01 4.178697375e-02 0.000000000e+00 7.170618642e-01 -4.178697375e-02 -9.991265429e-01 0.000000000e+00 4.509639795e+00 0.000000000e+00 0.000000000e+00 1.000000000e+00 0.000000000e+00
-9.990881330e-01 4.269546214e-02 0.000000000e+00 8.168827755e-01 -4.269546214e-02 -9.990881330e-01 0.000000000e+00 4.232420690e+00 0.000000000e+00 0.000000000e+00 1.000000000e+00 0.000000000e+00
-9.990785286e-01 4.291961968e-02 0.000000000e+00 9.142728159e-01 -4.291961968e-02 -9.990785286e-01 0.000000000e+00 3.953309976e+00 0.000000000e+00 0.000000000e+00 1.000000000e+00 0.000000000e+00
-9.990469658e-01 4.364814100e-02 0.000000000e+00 1.009832740e+00 -4.364814100e-02 -9.990469658e-01 0.000000000e+00 3.672932703e+00 0.000000000e+00 0.000000000e+00 1.000000000e+00 0.000000000e+00
-9.990188916e-01 4.428605108e-02 0.000000000e+00 1.105304993e+00 -4.428605108e-02 -9.990188916e-01 0.000000000e+00 3.393178081e+00 0.000000000e+00 0.000000000e+00 1.000000000e+00 0.000000000e+00
-9.989782718e-01 4.519305864e-02 0.000000000e+00 1.199156140e+00 -4.519305864e-02 -9.989782718e-01 0.000000000e+00 3.114568296e+00 0.000000000e+00 0.000000000e+00 1.000000000e+00 0.000000000e+00
-9.989307832e-01 4.623083838e-02 0.000000000e+00 1.291337307e+00 -4.623083838e-02 -9.989307832e-01 0.000000000e+00 2.836514674e+00 0.000000000e+00 0.000000000e+00 1.000000000e+00 0.000000000e+00
-9.989009520e-01 4.687097368e-02 0.000000000e+00 1.382403797e+00 -4.687097368e-02 -9.989009520e-01 0.000000000e+00 2.559523577e+00 0.000000000e+00 0.000000000e+00 1.000000000e+00 0.000000000e+00
-9.988632476e-01 4.766773116e-02 0.000000000e+00 1.471368876e+00 -4.766773116e-02 -9.988632476e-01 0.000000000e+00 2.284372720e+00 0.000000000e+00 0.000000000e+00 1.000000000e+00 0.000000000e+00
-9.988494697e-01 4.795557253e-02 0.000000000e+00 1.558272592e+00 -4.795557253e-02 -9.988494697e-01 0.000000000e+00 2.010250885e+00 0.000000000e+00 0.000000000e+00 1.000000000e+00 0.000000000e+00
-9.988176757e-01 4.861327810e-02 0.000000000e+00 1.643015292e+00 -4.861327810e-02 -9.988176757e-01 0.000000000e+00 1.736999941e+00 0.000000000e+00 0.000000000e+00 1.000000000e+00 0.000000000e+00
-9.987764224e-01 4.945359539e-02 0.000000000e+00 1.726006171e+00 -4.945359539e-02 -9.987764224e-01 0.000000000e+00 1.465592151e+00 0.000000000e+00 0.000000000e+00 1.000000000e+00 0.000000000e+00
-9.987434883e-01 5.011431464e-02 0.000000000e+00 1.807858885e+00 -5.011431464e-02 -9.987434883e-01 0.000000000e+00 1.196198194e+00 0.000000000e+00 0.000000000e+00 1.000000000e+00 0.000000000e+00
-9.987114416e-01 5.074895478e-02 0.000000000e+00 1.888352468e+00 -5.074895478e-02 -9.987114416e-01 0.000000000e+00 9.274482782e-01 0.000000000e+00 0.000000000e+00 1.000000000e+00 0.000000000e+00
-9.986575142e-01 5.179931708e-02 0.000000000e+00 1.967514004e+00 -5.179931708e-02 -9.986575142e-01 0.000000000e+00 6.587050966e-01 0.000000000e+00 0.000000000e+00 1.000000000e+00 0.000000000e+00
-9.986298624e-01 5.232970383e-02 0.000000000e+00 2.045035427e+00 -5.232970383e-02 -9.986298624e-01 0.000000000e+00 3.898853994e-01 0.000000000e+00 0.000000000e+00 1.000000000e+00 0.000000000e+00
-9.986042741e-01 5.281575378e-02 0.000000000e+00 2.121073870e+00 -5.281575378e-02 -9.986042741e-01 0.000000000e+00 1.211381627e-01 0.000000000e+00 0.000000000e+00 1.000000000e+00 0.000000000e+00
-9.985629799e-01 5.359081208e-02 0.000000000e+00 2.195979760e+00 -5.359081208e-02 -9.985629799e-01 0.000000000e+00 -1.458197137e-01 0.000000000e+00 0.000000000e+00 1.000000000e+00 0.000000000e+00
-9.990146183e-01 4.438234358e-02 0.000000000e+00 2.267306802e+00 -4.438234358e-02 -9.990146183e-01 0.000000000e+00 -4.114558098e-01 0.000000000e+00 0.000000000e+00 1.000000000e+00 0.000000000e+00
-9.997787741e-01 -2.103337368e-02 0.000000000e+00 2.325235063e+00 2.103337368e-02 -9.997787741e-01 0.000000000e+00 -6.756947242e-01 0.000000000e+00 0.000000000e+00 1.000000000e+00 0.000000000e+00
-9.849757092e-01 -1.726929420e-01 0.000000000e+00 2.349866404e+00 1.726929420e-01 -9.849757092e-01 0.000000000e+00 -9.333373764e-01 0.000000000e+00 0.000000000e+00 1.000000000e+00 0.000000000e+00
-9.323803619e-01 -3.614787142e-01 0.000000000e+00 2.323517763e+00 3.614787142e-01 -9.323803619e-01 0.000000000e+00 -1.175547656e+00 0.000000000e+00 0.000000000e+00 1.000000000e+00 0.000000000e+00
-8.423328974e-01 -5.389575957e-01 0.000000000e+00 2.243495712e+00 5.389575957e-01 -8.423328974e-01 0.000000000e+00 -1.391651022e+00 0.000000000e+00 0.000000000e+00 1.000000000e+00 0.000000000e+00
-7.189248185e-01 -6.950878400e-01 0.000000000e+00 2.117114200e+00 6.950878400e-01 -7.189248185e-01 0.000000000e+00 -1.571301307e+00 0.000000000e+00 0.000000000e+00 1.000000000e+00 0.000000000e+00
-5.675442332e-01 -8.233429075e-01 0.000000000e+00 1.953380328e+00 8.233429075e-01 -5.675442332e-01 0.000000000e+00 -1.705132402e+00 0.000000000e+00 0.000000000e+00 1.000000000e+00 0.000000000e+00
-3.934532030e-01 -9.193446454e-01 0.000000000e+00 1.762232349e+00 9.193446454e-01 -3.934532030e-01 0.000000000e+00 -1.785093843e+00 0.000000000e+00 0.000000000e+00 1.000000000e+00 0.000000000e+00
-2.033457799e-01 -9.791069879e-01 0.000000000e+00 1.554613462e+00 9.791069879e-01 -2.033457799e-01 0.000000000e+00 -1.807118714e+00 0.000000000e+00 0.000000000e+00 1.000000000e+00 0.000000000e+00
-5.040564540e-03 -9.999872963e-01 0.000000000e+00 1.341790536e+00 9.999872963e-01 -5.040564540e-03 0.000000000e+00 -1.769334492e+00 0.000000000e+00 0.000000000e+00 1.000000000e+00 0.000000000e+00
1.929440549e-01 -9.812097593e-01 0.000000000e+00 1.134862797e+00 9.812097593e-01 1.929440549e-01 0.000000000e+00 -1.671095456e+00 0.000000000e+00 0.000000000e+00 1.000000000e+00 0.000000000e+00
3.838352790e-01 -9.234015804e-01 0.000000000e+00 9.449703660e-01 9.234015804e-01 3.838352790e-01 0.000000000e+00 -1.515323952e+00 0.000000000e+00 0.000000000e+00 1.000000000e+00 0.000000000e+00
5.590680163e-01 -8.291217963e-01 0.000000000e+00 7.843114848e-01 8.291217963e-01 5.590680163e-01 0.000000000e+00 -1.307073032e+00 0.000000000e+00 0.000000000e+00 1.000000000e+00 0.000000000e+00
7.121108397e-01 -7.020670566e-01 0.000000000e+00 6.630596617e-01 7.020670566e-01 7.121108397e-01 0.000000000e+00 -1.055029767e+00 0.000000000e+00 0.000000000e+00 1.000000000e+00 0.000000000e+00
8.372847720e-01 -5.467670533e-01 0.000000000e+00 5.894615871e-01 5.467670533e-01 8.372847720e-01 0.000000000e+00 -7.657646270e-01 0.000000000e+00 0.000000000e+00 1.000000000e+00 0.000000000e+00
9.290575596e-01 -3.699351983e-01 0.000000000e+00 5.711880449e-01 3.699351983e-01 9.290575596e-01 0.000000000e+00 -4.486991056e-01 0.000000000e+00 0.000000000e+00 1.000000000e+00 0.000000000e+00
9.798371596e-01 -1.997977493e-01 0.000000000e+00 6.095803181e-01 1.997977493e-01 9.798371596e-01 0.000000000e+00 -1.171686540e-01 0.000000000e+00 0.000000000e+00 1.000000000e+00 0.000000000e+00
9.956460821e-01 -9.321415782e-02 0.000000000e+00 6.918469345e-01 9.321415782e-02 9.956460821e-01 0.000000000e+00 2.207572397e-01 0.000000000e+00 0.000000000e+00 1.000000000e+00 0.000000000e+00
9.979057955e-01 -6.468402620e-02 0.000000000e+00 7.952932563e-01 6.468402620e-02 9.979057955e-01 0.000000000e+00 5.607771540e-01 0.000000000e+00 0.000000000e+00 1.000000000e+00 0.000000000e+00
9.978464779e-01 -6.559273263e-02 0.000000000e+00 9.046268609e-01 6.559273263e-02 9.978464779e-01 0.000000000e+00 9.007474728e-01 0.000000000e+00 0.000000000e+00 1.000000000e+00 0.000000000e+00
9.978020524e-01 -6.626510528e-02 0.000000000e+00 1.016235033e+00 6.626510528e-02 9.978020524e-01 0.000000000e+00 1.239843084e+00 0.000000000e+00 0.000000000e+00 1.000000000e+00 0.000000000e+00
9.977777886e-01 -6.662945722e-02 0.000000000e+00 1.129610654e+00 6.662945722e-02 9.977777886e-01 0.000000000e+00 1.577383302e+00 0.000000000e+00 0.000000000e+00 1.000000000e+00 0.000000000e+00
9.977411301e-01 -6.717616643e-02 0.000000000e+00 1.244932293e+00 6.717616643e-02 9.977411301e-01 0.000000000e+00 1.912962766e+00 0.000000000e+00 0.000000000e+00 1.000000000e+00 0.000000000e+00
9.976572505e-01 -6.841060213e-02 0.000000000e+00 1.361852890e+00 6.841060213e-02 9.976572505e-01 0.000000000e+00 2.247292993e+00 0.000000000e+00 0.000000000e+00 1.000000000e+00 0.000000000e+00
9.976485135e-01 -6.853789908e-02 0.000000000e+00 1.479947868e+00 6.853789908e-02 9.976485135e-01 0.000000000e+00 2.580430949e+00 0.000000000e+00 0.000000000e+00 1.000000000e+00 0.000000000e+00
9.976138366e-01 -6.904080763e-02 0.000000000e+00 1.599379000e+00 6.904080763e-02 9.976138366e-01 0.000000000e+00 2.912285036e+00 0.000000000e+00 0.000000000e+00 1.000000000e+00 0.000000000e+00
9.975582768e-01 -6.983898955e-02 0.000000000e+00 1.719462483e+00 6.983898955e-02 9.975582768e-01 0.000000000e+00 3.242920610e+00 0.000000000e+00 0.000000000e+00 1.000000000e+00 0.000000000e+00
9.975065374e-01 -7.057413026e-02 0.000000000e+00 1.840456460e+00 7.057413026e-02 9.975065374e-01 0.000000000e+00 3.572152920e+00 0.000000000e+00 0.000000000e+00 1.000000000e+00 0.000000000e+00
9.974483408e-01 -7.139192814e-02 0.000000000e+00 1.963361491e+00 7.139192814e-02 9.974483408e-01 0.000000000e+00 3.900190220e+00 0.000000000e+00 0.000000000e+00 1.000000000e+00 0.000000000e+00
9.974098310e-01 -7.192794302e-02 0.000000000e+00 2.089181960e+00 7.192794302e-02 9.974098310e-01 0.000000000e+00 4.227320856e+00 0.000000000e+00 0.000000000e+00 1.000000000e+00 0.000000000e+00
9.973611219e-01 -7.260022384e-02 0.000000000e+00 2.217604691e+00 7.260022384e-02 9.973611219e-01 0.000000000e+00 4.554622417e+00 0.000000000e+00 0.000000000e+00 1.000000000e+00 0.000000000e+00
9.972945214e-01 -7.350943906e-02 0.000000000e+00 2.348088826e+00 7.350943906e-02 9.972945214e-01 0.000000000e+00 4.881513129e+00 0.000000000e+00 0.000000000e+00 1.000000000e+00 0.000000000e+00
9.972493382e-01 -7.411988518e-02 0.000000000e+00 2.481262056e+00 7.411988518e-02 9.972493382e-01 0.000000000e+00 5.206727038e+00 0.000000000e+00 0.000000000e+00 1.000000000e+00 0.000000000e+00
9.972083489e-01 -7.466933006e-02 0.000000000e+00 2.616961131e+00 7.466933006e-02 9.972083489e-01 0.000000000e+00 5.531277681e+00 0.000000000e+00 0.000000000e+00 1.000000000e+00 0.000000000e+00
9.971789409e-01 -7.506104005e-02 0.000000000e+00 2.755327700e+00 7.506104005e-02 9.971789409e-01 0.000000000e+00 5.855165019e+00 0.000000000e+00 0.000000000e+00 1.000000000e+00 0.000000000e+00
9.970907313e-01 -7.622383892e-02 0.000000000e+00 2.895934241e+00 7.622383892e-02 9.970907313e-01 0.000000000e+00 6.176986332e+00 0.000000000e+00 0.000000000e+00 1.000000000e+00 0.000000000e+00
9.970212991e-01 -7.712670790e-02 0.000000000e+00 3.038125915e+00 7.712670790e-02 9.970212991e-01 0.000000000e+00 6.497098096e+00 0.000000000e+00 0.000000000e+00 1.000000000e+00 0.000000000e+00
9.969724493e-01 -7.775561274e-02 0.000000000e+00 3.181556068e+00 7.775561274e-02 9.969724493e-01 0.000000000e+00 6.815510351e+00 0.000000000e+00 0.000000000e+00 1.000000000e+00 0.000000000e+00
9.969334117e-01 -7.825453717e-02 0.000000000e+00 3.325827338e+00 7.825453717e-02 9.969334117e-01 0.000000000e+00 7.132175373e+00 0.000000000e+00 0.000000000e+00 1.000000000e+00 0.000000000e+00
9.969143575e-01 -7.849690357e-02 0.000000000e+00 3.471590615e+00 7.849690357e-02 9.969143575e-01 0.000000000e+00 7.448068088e+00 0.000000000e+00 0.000000000e+00 1.000000000e+00 0.000000000e+00
9.968430395e-01 -7.939744691e-02 0.000000000e+00 3.619565680e+00 7.939744691e-02 9.968430395e-01 0.000000000e+00 7.763444436e+00 0.000000000e+00 0.000000000e+00 1.000000000e+00 0.000000000e+00
9.967570115e-01 -8.047024276e-02 0.000000000e+00 3.769886647e+00 8.047024276e-02 9.967570115e-01 0.000000000e+00 8.079220659e+00 0.000000000e+00 0.000000000e+00 1.000000000e+00 0.000000000e+00
9.967233024e-01 -8.088670103e-02 0.000000000e+00 3.922325198e+00 8.088670103e-02 9.967233024e-01 0.000000000e+00 8.394619087e+00 0.000000000e+00 0.000000000e+00 1.000000000e+00 0.000000000e+00
9.966721498e-01 -8.151457394e-02 0.000000000e+00 4.077401506e+00 8.151457394e-02 9.966721498e-01 0.000000000e+00 8.709818182e+00 0.000000000e+00 0.000000000e+00 1.000000000e+00 0.000000000e+00
9.965987237e-01 -8.240742692e-02 0.000000000e+00 4.235813341e+00 8.240742692e-02 9.965987237e-01 0.000000000e+00 9.024709495e+00 0.000000000e+00 0.000000000e+00 1.000000000e+00 0.000000000e+00
9.965291457e-01 -8.324458951e-02 0.000000000e+00 4.395560635e+00 8.324458951e-02 9.965291457e-01 0.000000000e+00 9.339428255e+00 0.000000000e+00 0.000000000e+00 1.000000000e+00 0.000000000e+00
9.964844484e-01 -8.377794498e-02 0.000000000e+00 4.556101354e+00 8.377794498e-02 9.964844484e-01 0.000000000e+00 9.655164422e+00 0.000000000e+00 0.000000000e+00 1.000000000e+00 0.000000000e+00
9.964300929e-01 -8.442197536e-02 0.000000000e+00 4.718394229e+00 8.442197536e-02 9.964300929e-01 0.000000000e+00 9.970360603e+00 0.000000000e+00 0.000000000e+00 1.000000000e+00 0.000000000e+00
9.963659608e-01 -8.517553768e-02 0.000000000e+00 4.882290529e+00 8.517553768e-02 9.963659608e-01 0.000000000e+00 1.028473810e+01 0.000000000e+00 0.000000000e+00 1.000000000e+00 0.000000000e+00
9.962947085e-01 -8.600496349e-02 0.000000000e+00 5.048235147e+00 8.600496349e-02 9.962947085e-01 0.000000000e+00 1.059867808e+01 0.000000000e+00 0.000000000e+00 1.000000000e+00 0.000000000e+00
9.962468826e-01 -8.655720020e-02 0.000000000e+00 5.215675533e+00 8.655720020e-02 9.962468826e-01 0.000000000e+00 1.091227966e+01 0.000000000e+00 0.000000000e+00 1.000000000e+00 0.000000000e+00
