1.000000000e+00 7.724549729e-18 0.000000000e+00 0.000000000e+00 1.019723764e-17 1.000000000e+00 0.000000000e+00 0.000000000e+00 0.000000000e+00 0.000000000e+00 1.000000000e+00 0.000000000e+00
9.981189540e-01 6.130704365e-02 0.000000000e+00 2.812860701e-02 -6.130704365e-02 9.981189540e-01 0.000000000e+00 3.477197312e-01 0.000000000e+00 0.000000000e+00 1.000000000e+00 0.000000000e+00
9.945193503e-01 1.045526754e-01 0.000000000e+00 7.017206204e-02 -1.045526754e-01 9.945193503e-01 0.000000000e+00 6.918744029e-01 0.000000000e+00 0.000000000e+00 1.000000000e+00 0.000000000e+00
9.926217054e-01 1.212524229e-01 0.000000000e+00 1.218918129e-01 -1.212524229e-01 9.926217054e-01 0.000000000e+00 1.033733775e+00 0.000000000e+00 0.000000000e+00 1.000000000e+00 0.000000000e+00
9.905910364e-01 1.368553932e-01 0.000000000e+00 1.812606951e-01 -1.368553932e-01 9.905910364e-01 0.000000000e+00 1.374109264e+00 0.000000000e+00 0.000000000e+00 1.000000000e+00 0.000000000e+00
9.875379928e-01 1.573807892e-01 0.000000000e+00 2.487745696e-01 -1.573807892e-01 9.875379928e-01 0.000000000e+00 1.711612866e+00 0.000000000e+00 0.000000000e+00 1.000000000e+00 0.000000000e+00
9.836038771e-01 1.803424880e-01 0.000000000e+00 3.231272956e-01 -1.803424880e-01 9.836038771e-01 0.000000000e+00 2.045601867e+00 0.000000000e+00 0.000000000e+00 1.000000000e+00 0.000000000e+00
9.802444823e-01 1.977896733e-01 0.000000000e+00 4.029229995e-01 -1.977896733e-01 9.802444823e-01 0.000000000e+00 2.378668609e+00 0.000000000e+00 0.000000000e+00 1.000000000e+00 0.000000000e+00
9.789296930e-01 2.041975912e-01 0.000000000e+00 4.853159518e-01 -2.041975912e-01 9.789296930e-01 0.000000000e+00 2.712132366e+00 0.000000000e+00 0.000000000e+00 1.000000000e+00 0.000000000e+00
9.786196924e-01 2.056781411e-01 0.000000000e+00 5.696811353e-01 -2.056781411e-01 9.786196924e-01 0.000000000e+00 3.045353837e+00 0.000000000e+00 0.000000000e+00 1.000000000e+00 0.000000000e+00
9.797703364e-01 2.001251808e-01 0.000000000e+00 6.539201788e-01 -2.001251808e-01 9.797703364e-01 0.000000000e+00 3.377516163e+00 0.000000000e+00 0.000000000e+00 1.000000000e+00 0.000000000e+00
9.815464088e-01 1.912240765e-01 0.000000000e+00 7.350834655e-01 -1.912240765e-01 9.815464088e-01 0.000000000e+00 3.708847160e+00 0.000000000e+00 0.000000000e+00 1.000000000e+00 0.000000000e+00
9.838423691e-01 1.790368474e-01 0.000000000e+00 8.135660125e-01 -1.790368474e-01 9.838423691e-01 0.000000000e+00 4.039981419e+00 0.000000000e+00 0.000000000e+00 1.000000000e+00 0.000000000e+00
9.857684871e-01 1.681085654e-01 0.000000000e+00 8.915643119e-01 -1.681085654e-01 9.857684871e-01 0.000000000e+00 4.370065815e+00 0.000000000e+00 0.000000000e+00 1.000000000e+00 0.000000000e+00
9.847567037e-01 1.739374444e-01 0.000000000e+00 9.737537018e-01 -1.739374444e-01 9.847567037e-01 0.000000000e+00 4.698665067e+00 0.000000000e+00 0.000000000e+00 1.000000000e+00 0.000000000e+00
9.808929526e-01 1.945482343e-01 0.000000000e+00 1.066232308e+00 -1.945482343e-01 9.808929526e-01 0.000000000e+00 5.024858426e+00 0.000000000e+00 0.000000000e+00 1.000000000e+00 0.000000000e+00
9.719321216e-01 2.352614524e-01 0.000000000e+00 1.174495715e+00 -2.352614524e-01 9.719321216e-01 0.000000000e+00 5.346454335e+00 0.000000000e+00 0.000000000e+00 1.000000000e+00 0.000000000e+00
9.546929797e-01 2.975925311e-01 0.000000000e+00 1.305017243e+00 -2.975925311e-01 9.546929797e-01 0.000000000e+00 5.659281895e+00 0.000000000e+00 0.000000000e+00 1.000000000e+00 0.000000000e+00
9.259516757e-01 3.776420188e-01 0.000000000e+00 1.463368553e+00 -3.776420188e-01 9.259516757e-01 0.000000000e+00 5.958466040e+00 0.000000000e+00 0.000000000e+00 1.000000000e+00 0.000000000e+00
8.869735484e-01 4.618202296e-01 0.000000000e+00 1.650588662e+00 -4.618202296e-01 8.869735484e-01 0.000000000e+00 6.240726229e+00 0.000000000e+00 0.000000000e+00 1.000000000e+00 0.000000000e+00
8.476563257e-01 5.305457129e-01 0.000000000e+00 1.864307963e+00 -5.305457129e-01 8.476563257e-01 0.000000000e+00 6.504770824e+00 0.000000000e+00 0.000000000e+00 1.000000000e+00 0.000000000e+00
7.983394842e-01 6.022076619e-01 0.000000000e+00 2.104340720e+00 -6.022076619e-01 7.983394842e-01 0.000000000e+00 6.748339812e+00 0.000000000e+00 0.000000000e+00 1.000000000e+00 0.000000000e+00
7.328670477e-01 6.803718765e-01 0.000000000e+00 2.370125586e+00 -6.803718765e-01 7.328670477e-01 0.000000000e+00 6.968162121e+00 0.000000000e+00 0.000000000e+00 1.000000000e+00 0.000000000e+00
6.643089805e-01 7.474580780e-01 0.000000000e+00 2.658586162e+00 -7.474580780e-01 6.643089805e-01 0.000000000e+00 7.162147622e+00 0.000000000e+00 0.000000000e+00 1.000000000e+00 0.000000000e+00
5.972806816e-01 8.020322857e-01 0.000000000e+00 2.966966643e+00 -8.020322857e-01 5.972806816e-01 0.000000000e+00 7.329475016e+00 0.000000000e+00 0.000000000e+00 1.000000000e+00 0.000000000e+00
5.306312501e-01 8.476027822e-01 0.000000000e+00 3.291368294e+00 -8.476027822e-01 5.306312501e-01 0.000000000e+00 7.469693028e+00 0.000000000e+00 0.000000000e+00 1.000000000e+00 0.000000000e+00
4.672157762e-01 8.841433246e-01 0.000000000e+00 3.626694180e+00 -8.841433246e-01 4.672157762e-01 0.000000000e+00 7.584228261e+00 0.000000000e+00 0.000000000e+00 1.000000000e+00 0.000000000e+00
4.126165108e-01 9.109048331e-01 0.000000000e+00 3.970231714e+00 -9.109048331e-01 4.126165108e-01 0.000000000e+00 7.675695510e+00 0.000000000e+00 0.000000000e+00 1.000000000e+00 0.000000000e+00
3.628940377e-01 9.318304124e-01 0.000000000e+00 4.320997826e+00 -9.318304124e-01 3.628940377e-01 0.000000000e+00 7.747073685e+00 0.000000000e+00 0.000000000e+00 1.000000000e+00 0.000000000e+00
3.139930122e-01 9.494252937e-01 0.000000000e+00 4.677479759e+00 -9.494252937e-01 3.139930122e-01 0.000000000e+00 7.801563008e+00 0.000000000e+00 0.000000000e+00 1.000000000e+00 0.000000000e+00
2.883519296e-01 9.575244982e-01 0.000000000e+00 5.036601967e+00 -9.575244982e-01 2.883519296e-01 0.000000000e+00 7.844992604e+00 0.000000000e+00 0.000000000e+00 1.000000000e+00 0.000000000e+00
2.916491354e-01 9.565253692e-01 0.000000000e+00 5.395514044e+00 -9.565253692e-01 2.916491354e-01 0.000000000e+00 7.885741657e+00 0.000000000e+00 0.000000000e+00 1.000000000e+00 0.000000000e+00
3.106264920e-01 9.505320523e-01 0.000000000e+00 5.752414168e+00 -9.505320523e-01 3.106264920e-01 0.000000000e+00 7.929395902e+00 0.000000000e+00 0.000000000e+00 1.000000000e+00 0.000000000e+00
3.369722759e-01 9.415145699e-01 0.000000000e+00 6.106298877e+00 -9.415145699e-01 3.369722759e-01 0.000000000e+00 7.977751789e+00 0.000000000e+00 0.000000000e+00 1.000000000e+00 0.000000000e+00
3.532507786e-01 9.355286673e-01 0.000000000e+00 6.457750170e+00 -9.355286673e-01 3.532507786e-01 0.000000000e+00 8.030083411e+00 0.000000000e+00 0.000000000e+00 1.000000000e+00 0.000000000e+00
3.675469419e-01 9.300049707e-01 0.000000000e+00 6.806866132e+00 -9.300049707e-01 3.675469419e-01 0.000000000e+00 8.087346950e+00 0.000000000e+00 0.000000000e+00 1.000000000e+00 0.000000000e+00
4.018757788e-01 9.156941948e-01 0.000000000e+00 7.152361919e+00 -9.156941948e-01 4.018757788e-01 0.000000000e+00 8.152614570e+00 0.000000000e+00 0.000000000e+00 1.000000000e+00 0.000000000e+00
4.405821618e-01 8.977122917e-01 0.000000000e+00 7.493439013e+00 -8.977122917e-01 4.405821618e-01 0.000000000e+00 8.226979529e+00 0.000000000e+00 0.000000000e+00 1.000000000e+00 0.000000000e+00
4.614322970e-01 8.871754253e-01 0.000000000e+00 7.832093067e+00 -8.871754253e-01 4.614322970e-01 0.000000000e+00 8.305804092e+00 0.000000000e+00 0.000000000e+00 1.000000000e+00 0.000000000e+00
4.483291320e-01 8.938685526e-01 0.000000000e+00 8.172100377e+00 -8.938685526e-01 4.483291320e-01 0.000000000e+00 8.378146065e+00 0.000000000e+00 0.000000000e+00 1.000000000e+00 0.000000000e+00
4.042235009e-01 9.146602437e-01 0.000000000e+00 8.516339072e+00 -9.146602437e-01 4.042235009e-01 0.000000000e+00 8.433587088e+00 0.000000000e+00 0.000000000e+00 1.000000000e+00 0.000000000e+00
3.489463432e-01 9.371427050e-01 0.000000000e+00 8.865758786e+00 -9.371427050e-01 3.489463432e-01 0.000000000e+00 8.468420130e+00 0.000000000e+00 0.000000000e+00 1.000000000e+00 0.000000000e+00
2.902840237e-01 9.569405340e-01 0.000000000e+00 9.221281548e+00 -9.569405340e-01 2.902840237e-01 0.000000000e+00 8.482602987e+00 0.000000000e+00 0.000000000e+00 1.000000000e+00 0.000000000e+00
2.446970181e-01 9.695995923e-01 0.000000000e+00 9.582563405e+00 -9.695995923e-01 2.446970181e-01 0.000000000e+00 8.477090111e+00 0.000000000e+00 0.000000000e+00 1.000000000e+00 0.000000000e+00
2.044656456e-01 9.788737405e-01 0.000000000e+00 9.945879601e+00 -9.788737405e-01 2.044656456e-01 0.000000000e+00 8.452220704e+00 0.000000000e+00 0.000000000e+00 1.000000000e+00 0.000000000e+00
1.422719554e-01 9.898276066e-01 0.000000000e+00 1.030986211e+01 -9.898276066e-01 1.422719554e-01 0.000000000e+00 8.403599213e+00 0.000000000e+00 0.000000000e+00 1.000000000e+00 0.000000000e+00
7.120069228e-02 9.974620100e-01 0.000000000e+00 1.067586483e+01 -9.974620100e-01 7.120069228e-02 0.000000000e+00 8.328562085e+00 0.000000000e+00 0.000000000e+00 1.000000000e+00 0.000000000e+00
9.668130452e-03 9.999532625e-01 0.000000000e+00 1.104251090e+01 -9.999532625e-01 9.668130452e-03 0.000000000e+00 8.230514718e+00 0.000000000e+00 0.000000000e+00 1.000000000e+00 0.000000000e+00
-3.936243311e-02 9.992249991e-01 0.000000000e+00 1.140705762e+01 -9.992249991e-01 -3.936243311e-02 0.000000000e+00 8.114896461e+00 0.000000000e+00 0.000000000e+00 1.000000000e+00 0.000000000e+00
-7.425088240e-02 9.972395933e-01 0.000000000e+00 1.176747361e+01 -9.972395933e-01 -7.425088240e-02 0.000000000e+00 7.983913624e+00 0.000000000e+00 0.000000000e+00 1.000000000e+00 0.000000000e+00
-1.180685699e-01 9.930054445e-01 0.000000000e+00 1.212423707e+01 -9.930054445e-01 -1.180685699e-01 0.000000000e+00 7.833510197e+00 0.000000000e+00 0.000000000e+00 1.000000000e+00 0.000000000e+00
-1.855984988e-01 9.826256649e-01 0.000000000e+00 1.247585437e+01 -9.826256649e-01 -1.855984988e-01 0.000000000e+00 7.659477458e+00 0.000000000e+00 0.000000000e+00 1.000000000e+00 0.000000000e+00
-2.457755821e-01 9.693267577e-01 0.000000000e+00 1.282042635e+01 -9.693267577e-01 -2.457755821e-01 0.000000000e+00 7.464861048e+00 0.000000000e+00 0.000000000e+00 1.000000000e+00 0.000000000e+00
-2.817984701e-01 9.594736173e-01 0.000000000e+00 1.315876108e+01 -9.594736173e-01 -2.817984701e-01 0.000000000e+00 7.254811602e+00 0.000000000e+00 0.000000000e+00 1.000000000e+00 0.000000000e+00
-3.035430278e-01 9.528177319e-01 0.000000000e+00 1.349174863e+01 -9.528177319e-01 -3.035430278e-01 0.000000000e+00 7.033474850e+00 0.000000000e+00 0.000000000e+00 1.000000000e+00 0.000000000e+00
-3.265387189e-01 9.451838261e-01 0.000000000e+00 1.382043858e+01 -9.451838261e-01 -3.265387189e-01 0.000000000e+00 6.801654176e+00 0.000000000e+00 0.000000000e+00 1.000000000e+00 0.000000000e+00
-3.620114500e-01 9.321736480e-01 0.000000000e+00 1.414381453e+01 -9.321736480e-01 -3.620114500e-01 0.000000000e+00 6.556430895e+00 0.000000000e+00 0.000000000e+00 1.000000000e+00 0.000000000e+00
-4.008755448e-01 9.161325218e-01 0.000000000e+00 1.446021717e+01 -9.161325218e-01 -4.008755448e-01 0.000000000e+00 6.296795579e+00 0.000000000e+00 0.000000000e+00 1.000000000e+00 0.000000000e+00
-4.357771082e-01 9.000546161e-01 0.000000000e+00 1.476969390e+01 -9.000546161e-01 -4.357771082e-01 0.000000000e+00 6.025067010e+00 0.000000000e+00 0.000000000e+00 1.000000000e+00 0.000000000e+00
-4.525117480e-01 8.917584415e-01 0.000000000e+00 1.507448830e+01 -8.917584415e-01 -4.525117480e-01 0.000000000e+00 5.746901234e+00 0.000000000e+00 0.000000000e+00 1.000000000e+00 0.000000000e+00
-4.414256512e-01 8.972978293e-01 0.000000000e+00 1.537764869e+01 -8.972978293e-01 -4.414256512e-01 0.000000000e+00 5.467601873e+00 0.000000000e+00 0.000000000e+00 1.000000000e+00 0.000000000e+00
-4.344598494e-01 9.006912008e-01 0.000000000e+00 1.567990912e+01 -9.006912008e-01 -4.344598494e-01 0.000000000e+00 5.187574849e+00 0.000000000e+00 0.000000000e+00 1.000000000e+00 0.000000000e+00
-4.467515896e-01 8.946580448e-01 0.000000000e+00 1.597936269e+01 -8.946580448e-01 -4.467515896e-01 0.000000000e+00 4.903491072e+00 0.000000000e+00 0.000000000e+00 1.000000000e+00 0.000000000e+00
-4.588736863e-01 8.885015138e-01 0.000000000e+00 1.627537601e+01 -8.885015138e-01 -4.588736863e-01 0.000000000e+00 4.614072589e+00 0.000000000e+00 0.000000000e+00 1.000000000e+00 0.000000000e+00
-4.589253960e-01 8.884748060e-01 0.000000000e+00 1.656916876e+01 -8.884748060e-01 -4.589253960e-01 0.000000000e+00 4.321998436e+00 0.000000000e+00 0.000000000e+00 1.000000000e+00 0.000000000e+00
-4.421952691e-01 8.969188057e-01 0.000000000e+00 1.686331431e+01 -8.969188057e-01 -4.421952691e-01 0.000000000e+00 4.033487879e+00 0.000000000e+00 0.000000000e+00 1.000000000e+00 0.000000000e+00
-4.166735965e-01 9.090561666e-01 0.000000000e+00 1.715989870e+01 -9.090561666e-01 -4.166735965e-01 0.000000000e+00 3.752338234e+00 0.000000000e+00 0.000000000e+00 1.000000000e+00 0.000000000e+00
-3.896369640e-01 9.209685317e-01 0.000000000e+00 1.745898292e+01 -9.209685317e-01 -3.896369640e-01 0.000000000e+00 3.479012660e+00 0.000000000e+00 0.000000000e+00 1.000000000e+00 0.000000000e+00
-3.633035070e-01 9.316708441e-01 0.000000000e+00 1.776097785e+01 -9.316708441e-01 -3.633035070e-01 0.000000000e+00 3.213216159e+00 0.000000000e+00 0.000000000e+00 1.000000000e+00 0.000000000e+00
-3.371959290e-01 9.414344935e-01 0.000000000e+00 1.806537630e+01 -9.414344935e-01 -3.371959290e-01 0.000000000e+00 2.956219225e+00 0.000000000e+00 0.000000000e+00 1.000000000e+00 0.000000000e+00
-3.014007242e-01 9.534975634e-01 0.000000000e+00 1.837264345e+01 -9.534975634e-01 -3.014007242e-01 0.000000000e+00 2.710983975e+00 0.000000000e+00 0.000000000e+00 1.000000000e+00 0.000000000e+00
-2.601076543e-01 9.655796229e-01 0.000000000e+00 1.868209389e+01 -9.655796229e-01 -2.601076543e-01 0.000000000e+00 2.479603336e+00 0.000000000e+00 0.000000000e+00 1.000000000e+00 0.000000000e+00
-2.208003286e-01 9.753190324e-01 0.000000000e+00 1.899268765e+01 -9.753190324e-01 -2.208003286e-01 0.000000000e+00 2.260997423e+00 0.000000000e+00 0.000000000e+00 1.000000000e+00 0.000000000e+00
-1.871237921e-01 9.823363408e-01 0.000000000e+00 1.930434362e+01 -9.823363408e-01 -1.871237921e-01 0.000000000e+00 2.051950919e+00 0.000000000e+00 0.000000000e+00 1.000000000e+00 0.000000000e+00
-1.592342118e-01 9.872408347e-01 0.000000000e+00 1.961609606e+01 -9.872408347e-01 -1.592342118e-01 0.000000000e+00 1.851307310e+00 0.000000000e+00 0.000000000e+00 1.000000000e+00 0.000000000e+00
-1.280251581e-01 9.917709206e-01 0.000000000e+00 1.992750029e+01 -9.917709206e-01 -1.280251581e-01 0.000000000e+00 1.659722543e+00 0.000000000e+00 0.000000000e+00 1.000000000e+00 0.000000000e+00
-8.787521061e-02 9.961314910e-01 0.000000000e+00 2.023846413e+01 -9.961314910e-01 -8.787521061e-02 0.000000000e+00 1.478777597e+00 0.000000000e+00 0.000000000e+00 1.000000000e+00 0.000000000e+00
-5.151040335e-02 9.986724580e-01 0.000000000e+00 2.054864930e+01 -9.986724580e-01 -5.151040335e-02 0.000000000e+00 1.308131879e+00 0.000000000e+00 0.000000000e+00 1.000000000e+00 0.000000000e+00
-2.536087358e-02 9.996783613e-01 0.000000000e+00 2.085764794e+01 -9.996783613e-01 -2.536087358e-02 0.000000000e+00 1.145322304e+00 0.000000000e+00 0.000000000e+00 1.000000000e+00 0.000000000e+00
-9.164157033e-03 9.999580082e-01 0.000000000e+00 2.116729503e+01 -9.999580082e-01 -9.164157033e-03 0.000000000e+00 9.875532149e-01 0.000000000e+00 0.000000000e+00 1.000000000e+00 0.000000000e+00
3.419215317e-03 9.999941545e-01 0.000000000e+00 2.147674330e+01 -9.999941545e-01 3.419215317e-03 0.000000000e+00 8.328553104e-01 0.000000000e+00 0.000000000e+00 1.000000000e+00 0.000000000e+00
8.202682424e-03 9.999663574e-01 0.000000000e+00 2.178393911e+01 -9.999663574e-01 8.202682424e-03 0.000000000e+00 6.785356347e-01 0.000000000e+00 0.000000000e+00 1.000000000e+00 0.000000000e+00
9.541569998e-03 9.999544782e-01 0.000000000e+00 2.208991480e+01 -9.999544782e-01 9.541569998e-03 0.000000000e+00 5.217525557e-01 0.000000000e+00 0.000000000e+00 1.000000000e+00 0.000000000e+00
3.457099129e-03 9.999940242e-01 0.000000000e+00 2.239342989e+01 -9.999940242e-01 3.457099129e-03 0.000000000e+00 3.596807840e-01 0.000000000e+00 0.000000000e+00 1.000000000e+00 0.000000000e+00
-2.436508032e-02 9.997031274e-01 0.000000000e+00 2.269467020e+01 -9.997031274e-01 -2.436508032e-02 0.000000000e+00 1.883442775e-01 0.000000000e+00 0.000000000e+00 1.000000000e+00 0.000000000e+00
-6.203260522e-02 9.980741234e-01 0.000000000e+00 2.299612227e+01 -9.980741234e-01 -6.203260522e-02 0.000000000e+00 2.968361215e-03 0.000000000e+00 0.000000000e+00 1.000000000e+00 0.000000000e+00
-1.121037096e-01 9.936965122e-01 0.000000000e+00 2.329520195e+01 -9.936965122e-01 -1.121037096e-01 0.000000000e+00 -2.008077130e-01 0.000000000e+00 0.000000000e+00 1.000000000e+00 0.000000000e+00
-1.688216062e-01 9.856466229e-01 0.000000000e+00 2.358826663e+01 -9.856466229e-01 -1.688216062e-01 0.000000000e+00 -4.242295462e-01 0.000000000e+00 0.000000000e+00 1.000000000e+00 0.000000000e+00
-2.138337752e-01 9.768700613e-01 0.000000000e+00 2.387558415e+01 -9.768700613e-01 -2.138337752e-01 0.000000000e+00 -6.651847521e-01 0.000000000e+00 0.000000000e+00 1.000000000e+00 0.000000000e+00
-2.505631351e-01 9.681002610e-01 0.000000000e+00 2.415878305e+01 -9.681002610e-01 -2.505631351e-01 0.000000000e+00 -9.209445277e-01 0.000000000e+00 0.000000000e+00 1.000000000e+00 0.000000000e+00
-2.855810878e-01 9.583545494e-01 0.000000000e+00 2.443711764e+01 -9.583545494e-01 -2.855810878e-01 0.000000000e+00 -1.191669367e+00 0.000000000e+00 0.000000000e+00 1.000000000e+00 0.000000000e+00
-3.306734224e-01 9.437452451e-01 0.000000000e+00 2.470899492e+01 -9.437452451e-01 -3.306734224e-01 0.000000000e+00 -1.479735494e+00 0.000000000e+00 0.000000000e+00 1.000000000e+00 0.000000000e+00
-3.755301726e-01 9.268101691e-01 0.000000000e+00 2.497366752e+01 -9.268101691e-01 -3.755301726e-01 0.000000000e+00 -1.783764235e+00 0.000000000e+00 0.000000000e+00 1.000000000e+00 0.000000000e+00
-3.954740952e-01 9.184771309e-01 0.000000000e+00 2.523270302e+01 -9.184771309e-01 -3.954740952e-01 0.000000000e+00 -2.097247185e+00 0.000000000e+00 0.000000000e+00 1.000000000e+00 0.000000000e+00
-3.927795201e-01 9.196326705e-01 0.000000000e+00 2.549052466e+01 -9.196326705e-01 -3.927795201e-01 0.000000000e+00 -2.411085914e+00 0.000000000e+00 0.000000000e+00 1.000000000e+00 0.000000000e+00
-3.512314207e-01 9.362886783e-01 0.000000000e+00 2.575118198e+01 -9.362886783e-01 -3.512314207e-01 0.000000000e+00 -2.713857507e+00 0.000000000e+00 0.000000000e+00 1.000000000e+00 0.000000000e+00
-2.886201235e-01 9.574436925e-01 0.000000000e+00 2.601621762e+01 -9.574436925e-01 -2.886201235e-01 0.000000000e+00 -3.001140279e+00 0.000000000e+00 0.000000000e+00 1.000000000e+00 0.000000000e+00
-2.470258045e-01 9.690089019e-01 0.000000000e+00 2.628315612e+01 -9.690089019e-01 -2.470258045e-01 0.000000000e+00 -3.276063414e+00 0.000000000e+00 0.000000000e+00 1.000000000e+00 0.000000000e+00
-2.245679404e-01 9.744584343e-01 0.000000000e+00 2.655122176e+01 -9.744584343e-01 -2.245679404e-01 0.000000000e+00 -3.541794645e+00 0.000000000e+00 0.000000000e+00 1.000000000e+00 0.000000000e+00
-1.999656203e-01 9.798029142e-01 0.000000000e+00 2.682029424e+01 -9.798029142e-01 -1.999656203e-01 0.000000000e+00 -3.801218683e+00 0.000000000e+00 0.000000000e+00 1.000000000e+00 0.000000000e+00
-1.704187171e-01 9.853717374e-01 0.000000000e+00 2.708944362e+01 -9.853717374e-01 -1.704187171e-01 0.000000000e+00 -4.055890188e+00 0.000000000e+00 0.000000000e+00 1.000000000e+00 0.000000000e+00
