1.000000000e+00 0.000000000e+00 0.000000000e+00 0.000000000e+00 0.000000000e+00 1.000000000e+00 0.000000000e+00 0.000000000e+00 0.000000000e+00 0.000000000e+00 1.000000000e+00 0.000000000e+00
9.983385077e-01 -5.762138473e-02 0.000000000e+00 2.826077550e-01 5.762138473e-02 9.983385077e-01 0.000000000e+00 9.236681904e-03 0.000000000e+00 0.000000000e+00 1.000000000e+00 0.000000000e+00
9.921030556e-01 -1.254253846e-01 0.000000000e+00 5.809224247e-01 1.254253846e-01 9.921030556e-01 0.000000000e+00 3.151431330e-02 0.000000000e+00 0.000000000e+00 1.000000000e+00 0.000000000e+00
9.841391897e-01 -1.773980138e-01 0.000000000e+00 8.530538780e-01 1.773980138e-01 9.841391897e-01 0.000000000e+00 7.636592648e-02 0.000000000e+00 0.000000000e+00 1.000000000e+00 0.000000000e+00
9.694867657e-01 -2.451436543e-01 0.000000000e+00 1.185296199e+00 2.451436543e-01 9.694867657e-01 0.000000000e+00 1.423483502e-01 0.000000000e+00 0.000000000e+00 1.000000000e+00 0.000000000e+00
9.566765536e-01 -2.911528324e-01 0.000000000e+00 1.361087714e+00 2.911528324e-01 9.566765536e-01 0.000000000e+00 1.909124790e-01 0.000000000e+00 0.000000000e+00 1.000000000e+00 0.000000000e+00
9.427094078e-01 -3.336150063e-01 0.000000000e+00 1.571292348e+00 3.336150063e-01 9.427094078e-01 0.000000000e+00 2.738653740e-01 0.000000000e+00 0.000000000e+00 1.000000000e+00 0.000000000e+00
9.171495423e-01 -3.985432437e-01 0.000000000e+00 1.895376778e+00 3.985432437e-01 9.171495423e-01 0.000000000e+00 3.964750519e-01 0.000000000e+00 0.000000000e+00 1.000000000e+00 0.000000000e+00
8.933345711e-01 -4.493921940e-01 0.000000000e+00 2.127600654e+00 4.493921940e-01 8.933345711e-01 0.000000000e+00 5.073433014e-01 0.000000000e+00 0.000000000e+00 1.000000000e+00 0.000000000e+00
8.664186476e-01 -4.993182622e-01 0.000000000e+00 2.372835809e+00 4.993182622e-01 8.664186476e-01 0.000000000e+00 6.483528236e-01 0.000000000e+00 0.000000000e+00 1.000000000e+00 0.000000000e+00
8.368679961e-01 -5.474047470e-01 0.000000000e+00 2.609084790e+00 5.474047470e-01 8.368679961e-01 0.000000000e+00 8.003311662e-01 0.000000000e+00 0.000000000e+00 1.000000000e+00 0.000000000e+00
8.063780189e-01 -5.914004487e-01 0.000000000e+00 2.819214755e+00 5.914004487e-01 8.063780189e-01 0.000000000e+00 9.552428722e-01 0.000000000e+00 0.000000000e+00 1.000000000e+00 0.000000000e+00
7.723834234e-01 -6.351565534e-01 0.000000000e+00 3.034911366e+00 6.351565534e-01 7.723834234e-01 0.000000000e+00 1.126341922e+00 0.000000000e+00 0.000000000e+00 1.000000000e+00 0.000000000e+00
7.365206853e-01 -6.764150206e-01 0.000000000e+00 3.221041526e+00 6.764150206e-01 7.365206853e-01 0.000000000e+00 1.294839873e+00 0.000000000e+00 0.000000000e+00 1.000000000e+00 0.000000000e+00
6.917859239e-01 -7.221026488e-01 0.000000000e+00 3.443097655e+00 7.221026488e-01 6.917859239e-01 0.000000000e+00 1.498669226e+00 0.000000000e+00 0.000000000e+00 1.000000000e+00 0.000000000e+00
6.444460270e-01 -7.646498011e-01 0.000000000e+00 3.643731615e+00 7.646498011e-01 6.444460270e-01 0.000000000e+00 1.721242664e+00 0.000000000e+00 0.000000000e+00 1.000000000e+00 0.000000000e+00
6.436726228e-01 -7.653009569e-01 0.000000000e+00 3.636577076e+00 7.653009569e-01 6.436726228e-01 0.000000000e+00 1.794711385e+00 0.000000000e+00 0.000000000e+00 1.000000000e+00 0.000000000e+00
5.979978827e-01 -8.014976808e-01 0.000000000e+00 3.804642805e+00 8.014976808e-01 5.979978827e-01 0.000000000e+00 2.012287016e+00 0.000000000e+00 0.000000000e+00 1.000000000e+00 0.000000000e+00
5.439412912e-01 -8.391232756e-01 0.000000000e+00 3.989826954e+00 8.391232756e-01 5.439412912e-01 0.000000000e+00 2.265960096e+00 0.000000000e+00 0.000000000e+00 1.000000000e+00 0.000000000e+00
4.913997014e-01 -8.709341728e-01 0.000000000e+00 4.144471962e+00 8.709341728e-01 4.913997014e-01 0.000000000e+00 2.512589006e+00 0.000000000e+00 0.000000000e+00 1.000000000e+00 0.000000000e+00
4.490170394e-01 -8.935231940e-01 0.000000000e+00 4.249162113e+00 8.935231940e-01 4.490170394e-01 0.000000000e+00 2.725792510e+00 0.000000000e+00 0.000000000e+00 1.000000000e+00 0.000000000e+00
4.017106467e-01 -9.157666495e-01 0.000000000e+00 4.365427595e+00 9.157666495e-01 4.017106467e-01 0.000000000e+00 2.959694396e+00 0.000000000e+00 0.000000000e+00 1.000000000e+00 0.000000000e+00
3.485714771e-01 -9.372822015e-01 0.000000000e+00 4.471034684e+00 9.372822015e-01 3.485714771e-01 0.000000000e+00 3.220144525e+00 0.000000000e+00 0.000000000e+00 1.000000000e+00 0.000000000e+00
2.949203716e-01 -9.555218335e-01 0.000000000e+00 4.555359587e+00 9.555218335e-01 2.949203716e-01 0.000000000e+00 3.478437583e+00 0.000000000e+00 0.000000000e+00 1.000000000e+00 0.000000000e+00
2.364981508e-01 -9.716319389e-01 0.000000000e+00 4.637283136e+00 9.716319389e-01 2.364981508e-01 0.000000000e+00 3.767648272e+00 0.000000000e+00 0.000000000e+00 1.000000000e+00 0.000000000e+00
1.737720817e-01 -9.847858973e-01 0.000000000e+00 4.694513794e+00 9.847858973e-01 1.737720817e-01 0.000000000e+00 4.048350462e+00 0.000000000e+00 0.000000000e+00 1.000000000e+00 0.000000000e+00
1.344084427e-01 -9.909260167e-01 0.000000000e+00 4.716605532e+00 9.909260167e-01 1.344084427e-01 0.000000000e+00 4.241551375e+00 0.000000000e+00 0.000000000e+00 1.000000000e+00 0.000000000e+00
7.470832431e-02 -9.972054283e-01 0.000000000e+00 4.746218786e+00 9.972054283e-01 7.470832431e-02 0.000000000e+00 4.535445785e+00 0.000000000e+00 0.000000000e+00 1.000000000e+00 0.000000000e+00
1.534624428e-02 -9.998822395e-01 0.000000000e+00 4.767865832e+00 9.998822395e-01 1.534624428e-02 0.000000000e+00 4.831258466e+00 0.000000000e+00 0.000000000e+00 1.000000000e+00 0.000000000e+00
-3.477700781e-02 -9.993950969e-01 0.000000000e+00 4.758083874e+00 9.993950969e-01 -3.477700781e-02 0.000000000e+00 5.088099876e+00 0.000000000e+00 0.000000000e+00 1.000000000e+00 0.000000000e+00
-9.515904618e-02 -9.954620816e-01 0.000000000e+00 4.746863061e+00 9.954620816e-01 -9.515904618e-02 0.000000000e+00 5.367559781e+00 0.000000000e+00 0.000000000e+00 1.000000000e+00 0.000000000e+00
-1.528598904e-01 -9.882478707e-01 0.000000000e+00 4.714969996e+00 9.882478707e-01 -1.528598904e-01 0.000000000e+00 5.645233181e+00 0.000000000e+00 0.000000000e+00 1.000000000e+00 0.000000000e+00
-2.153408224e-01 -9.765389548e-01 0.000000000e+00 4.659552902e+00 9.765389548e-01 -2.153408224e-01 0.000000000e+00 5.921372182e+00 0.000000000e+00 0.000000000e+00 1.000000000e+00 0.000000000e+00
-2.592464383e-01 -9.658112053e-01 0.000000000e+00 4.601032226e+00 9.658112053e-01 -2.592464383e-01 0.000000000e+00 6.153447538e+00 0.000000000e+00 0.000000000e+00 1.000000000e+00 0.000000000e+00
-3.096985860e-01 -9.508347837e-01 0.000000000e+00 4.524216639e+00 9.508347837e-01 -3.096985860e-01 0.000000000e+00 6.437996000e+00 0.000000000e+00 0.000000000e+00 1.000000000e+00 0.000000000e+00
-3.662059794e-01 -9.305338149e-01 0.000000000e+00 4.417644175e+00 9.305338149e-01 -3.662059794e-01 0.000000000e+00 6.723881465e+00 0.000000000e+00 0.000000000e+00 1.000000000e+00 0.000000000e+00
-4.256240659e-01 -9.049000799e-01 0.000000000e+00 4.328065346e+00 9.049000799e-01 -4.256240659e-01 0.000000000e+00 6.960903437e+00 0.000000000e+00 0.000000000e+00 1.000000000e+00 0.000000000e+00
-4.688575150e-01 -8.832738141e-01 0.000000000e+00 4.211990720e+00 8.832738141e-01 -4.688575150e-01 0.000000000e+00 7.196084484e+00 0.000000000e+00 0.000000000e+00 1.000000000e+00 0.000000000e+00
-5.121149912e-01 -8.589168969e-01 0.000000000e+00 4.090303030e+00 8.589168969e-01 -5.121149912e-01 0.000000000e+00 7.430815129e+00 0.000000000e+00 0.000000000e+00 1.000000000e+00 0.000000000e+00
-5.521577797e-01 -8.337396394e-01 0.000000000e+00 3.955103075e+00 8.337396394e-01 -5.521577797e-01 0.000000000e+00 7.639306953e+00 0.000000000e+00 0.000000000e+00 1.000000000e+00 0.000000000e+00
-6.110508179e-01 -7.915913706e-01 0.000000000e+00 3.758285803e+00 7.915913706e-01 -6.110508179e-01 0.000000000e+00 7.904532682e+00 0.000000000e+00 0.000000000e+00 1.000000000e+00 0.000000000e+00
-6.624222552e-01 -7.491306667e-01 0.000000000e+00 3.545718637e+00 7.491306667e-01 -6.624222552e-01 0.000000000e+00 8.142128896e+00 0.000000000e+00 0.000000000e+00 1.000000000e+00 0.000000000e+00
-7.012769132e-01 -7.128889752e-01 0.000000000e+00 3.358632473e+00 7.128889752e-01 -7.012769132e-01 0.000000000e+00 8.346556766e+00 0.000000000e+00 0.000000000e+00 1.000000000e+00 0.000000000e+00
-7.304146339e-01 -6.830039990e-01 0.000000000e+00 3.169052665e+00 6.830039990e-01 -7.304146339e-01 0.000000000e+00 8.528476147e+00 0.000000000e+00 0.000000000e+00 1.000000000e+00 0.000000000e+00
-7.554025432e-01 -6.552610150e-01 0.000000000e+00 3.009567399e+00 6.552610150e-01 -7.554025432e-01 0.000000000e+00 8.693023051e+00 0.000000000e+00 0.000000000e+00 1.000000000e+00 0.000000000e+00
-7.758242518e-01 -6.309490711e-01 0.000000000e+00 2.834713954e+00 6.309490711e-01 -7.758242518e-01 0.000000000e+00 8.851318900e+00 0.000000000e+00 0.000000000e+00 1.000000000e+00 0.000000000e+00
-8.203611287e-01 -5.718457997e-01 0.000000000e+00 2.598878445e+00 5.718457997e-01 -8.203611287e-01 0.000000000e+00 9.017441529e+00 0.000000000e+00 0.000000000e+00 1.000000000e+00 0.000000000e+00
-8.429160504e-01 -5.380451022e-01 0.000000000e+00 2.380978383e+00 5.380451022e-01 -8.429160504e-01 0.000000000e+00 9.165164544e+00 0.000000000e+00 0.000000000e+00 1.000000000e+00 0.000000000e+00
-8.822883065e-01 -4.707094052e-01 0.000000000e+00 2.109724311e+00 4.707094052e-01 -8.822883065e-01 0.000000000e+00 9.321815025e+00 0.000000000e+00 0.000000000e+00 1.000000000e+00 0.000000000e+00
-9.036755831e-01 -4.282177489e-01 0.000000000e+00 1.880125784e+00 4.282177489e-01 -9.036755831e-01 0.000000000e+00 9.440475842e+00 0.000000000e+00 0.000000000e+00 1.000000000e+00 0.000000000e+00
-9.294106058e-01 -3.690473220e-01 0.000000000e+00 1.603962634e+00 3.690473220e-01 -9.294106058e-01 0.000000000e+00 9.559569459e+00 0.000000000e+00 0.000000000e+00 1.000000000e+00 0.000000000e+00
-9.465389108e-01 -3.225896624e-01 0.000000000e+00 1.351117861e+00 3.225896624e-01 -9.465389108e-01 0.000000000e+00 9.662520556e+00 0.000000000e+00 0.000000000e+00 1.000000000e+00 0.000000000e+00
-9.615060232e-01 -2.747838557e-01 0.000000000e+00 1.109740517e+00 2.747838557e-01 -9.615060232e-01 0.000000000e+00 9.736207094e+00 0.000000000e+00 0.000000000e+00 1.000000000e+00 0.000000000e+00
-9.746760034e-01 -2.236217529e-01 0.000000000e+00 8.483559866e-01 2.236217529e-01 -9.746760034e-01 0.000000000e+00 9.806346277e+00 0.000000000e+00 0.000000000e+00 1.000000000e+00 0.000000000e+00
-9.879294935e-01 -1.549042149e-01 0.000000000e+00 5.294275147e-01 1.549042149e-01 -9.879294935e-01 0.000000000e+00 9.863915975e+00 0.000000000e+00 0.000000000e+00 1.000000000e+00 0.000000000e+00
-9.957360091e-01 -9.224857778e-02 0.000000000e+00 2.349819967e-01 9.224857778e-02 -9.957360091e-01 0.000000000e+00 9.894112883e+00 0.000000000e+00 0.000000000e+00 1.000000000e+00 0.000000000e+00
-9.994393524e-01 -3.348105285e-02 0.000000000e+00 -4.499419777e-02 3.348105285e-02 -9.994393524e-01 0.000000000e+00 9.919651104e+00 0.000000000e+00 0.000000000e+00 1.000000000e+00 0.000000000e+00
-9.996968717e-01 2.462041317e-02 0.000000000e+00 -3.190076092e-01 -2.462041317e-02 -9.996968717e-01 0.000000000e+00 9.919655244e+00 0.000000000e+00 0.000000000e+00 1.000000000e+00 0.000000000e+00
-9.971277302e-01 7.573829754e-02 0.000000000e+00 -5.853345352e-01 -7.573829754e-02 -9.971277302e-01 0.000000000e+00 9.909711611e+00 0.000000000e+00 0.000000000e+00 1.000000000e+00 0.000000000e+00
-9.915789504e-01 1.295036104e-01 0.000000000e+00 -8.480417829e-01 -1.295036104e-01 -9.915789504e-01 0.000000000e+00 9.886114599e+00 0.000000000e+00 0.000000000e+00 1.000000000e+00 0.000000000e+00
-9.830618457e-01 1.832741322e-01 0.000000000e+00 -1.105265750e+00 -1.832741322e-01 -9.830618457e-01 0.000000000e+00 9.850355280e+00 0.000000000e+00 0.000000000e+00 1.000000000e+00 0.000000000e+00
-9.719403102e-01 2.352276202e-01 0.000000000e+00 -1.335556920e+00 -2.352276202e-01 -9.719403102e-01 0.000000000e+00 9.808411686e+00 0.000000000e+00 0.000000000e+00 1.000000000e+00 0.000000000e+00
-9.563696787e-01 2.921592676e-01 0.000000000e+00 -1.606459859e+00 -2.921592676e-01 -9.563696787e-01 0.000000000e+00 9.720912100e+00 0.000000000e+00 0.000000000e+00 1.000000000e+00 0.000000000e+00
-9.339096682e-01 3.575090650e-01 0.000000000e+00 -1.926053583e+00 -3.575090650e-01 -9.339096682e-01 0.000000000e+00 9.597169654e+00 0.000000000e+00 0.000000000e+00 1.000000000e+00 0.000000000e+00
-9.084793749e-01 4.179296895e-01 0.000000000e+00 -2.207705880e+00 -4.179296895e-01 -9.084793749e-01 0.000000000e+00 9.482167804e+00 0.000000000e+00 0.000000000e+00 1.000000000e+00 0.000000000e+00
-8.829031742e-01 4.695550926e-01 0.000000000e+00 -2.464094629e+00 -4.695550926e-01 -8.829031742e-01 0.000000000e+00 9.360053028e+00 0.000000000e+00 0.000000000e+00 1.000000000e+00 0.000000000e+00
-8.548713503e-01 5.188400278e-01 0.000000000e+00 -2.706654228e+00 -5.188400278e-01 -8.548713503e-01 0.000000000e+00 9.213312191e+00 0.000000000e+00 0.000000000e+00 1.000000000e+00 0.000000000e+00
-8.182808111e-01 5.748186794e-01 0.000000000e+00 -2.980977711e+00 -5.748186794e-01 -8.182808111e-01 0.000000000e+00 9.036790891e+00 0.000000000e+00 0.000000000e+00 1.000000000e+00 0.000000000e+00
-7.782497355e-01 6.279548942e-01 0.000000000e+00 -3.215497473e+00 -6.279548942e-01 -7.782497355e-01 0.000000000e+00 8.863562956e+00 0.000000000e+00 0.000000000e+00 1.000000000e+00 0.000000000e+00
-7.352302802e-01 6.778174054e-01 0.000000000e+00 -3.450421028e+00 -6.778174054e-01 -7.352302802e-01 0.000000000e+00 8.671022562e+00 0.000000000e+00 0.000000000e+00 1.000000000e+00 0.000000000e+00
-6.863815908e-01 7.272415774e-01 0.000000000e+00 -3.681388881e+00 -7.272415774e-01 -6.863815908e-01 0.000000000e+00 8.448891171e+00 0.000000000e+00 0.000000000e+00 1.000000000e+00 0.000000000e+00
-6.652862049e-01 7.465884177e-01 0.000000000e+00 -3.798951153e+00 -7.465884177e-01 -6.652862049e-01 0.000000000e+00 8.242541121e+00 0.000000000e+00 0.000000000e+00 1.000000000e+00 0.000000000e+00
-6.178318085e-01 7.863102800e-01 0.000000000e+00 -3.982686156e+00 -7.863102800e-01 -6.178318085e-01 0.000000000e+00 8.020943991e+00 0.000000000e+00 0.000000000e+00 1.000000000e+00 0.000000000e+00
-5.338004314e-01 8.456104892e-01 0.000000000e+00 -4.235311150e+00 -8.456104892e-01 -5.338004314e-01 0.000000000e+00 7.745133625e+00 0.000000000e+00 0.000000000e+00 1.000000000e+00 0.000000000e+00
-5.021293343e-01 8.647925367e-01 0.000000000e+00 -4.350299539e+00 -8.647925367e-01 -5.021293343e-01 0.000000000e+00 7.570025729e+00 0.000000000e+00 0.000000000e+00 1.000000000e+00 0.000000000e+00
-4.477665760e-01 8.941504870e-01 0.000000000e+00 -4.481368734e+00 -8.941504870e-01 -4.477665760e-01 0.000000000e+00 7.324314874e+00 0.000000000e+00 0.000000000e+00 1.000000000e+00 0.000000000e+00
-3.959097021e-01 9.182894466e-01 0.000000000e+00 -4.608478855e+00 -9.182894466e-01 -3.959097021e-01 0.000000000e+00 7.045144923e+00 0.000000000e+00 0.000000000e+00 1.000000000e+00 0.000000000e+00
-3.637434885e-01 9.314991543e-01 0.000000000e+00 -4.706641090e+00 -9.314991543e-01 -3.637434885e-01 0.000000000e+00 6.845827798e+00 0.000000000e+00 0.000000000e+00 1.000000000e+00 0.000000000e+00
-2.675803699e-01 9.635355446e-01 0.000000000e+00 -4.806122027e+00 -9.635355446e-01 -2.675803699e-01 0.000000000e+00 6.500232740e+00 0.000000000e+00 0.000000000e+00 1.000000000e+00 0.000000000e+00
-2.188124249e-01 9.757669408e-01 0.000000000e+00 -4.867385819e+00 -9.757669408e-01 -2.188124249e-01 0.000000000e+00 6.226745945e+00 0.000000000e+00 0.000000000e+00 1.000000000e+00 0.000000000e+00
-1.614605061e-01 9.868791745e-01 0.000000000e+00 -4.918314197e+00 -9.868791745e-01 -1.614605061e-01 0.000000000e+00 5.972474640e+00 0.000000000e+00 0.000000000e+00 1.000000000e+00 0.000000000e+00
