1.000000000e+00 0.000000000e+00 0.000000000e+00 0.000000000e+00 0.000000000e+00 1.000000000e+00 0.000000000e+00 0.000000000e+00 0.000000000e+00 0.000000000e+00 1.000000000e+00 0.000000000e+00
9.984231730e-01 -5.613526262e-02 0.000000000e+00 2.685205287e-01 5.613526262e-02 9.984231730e-01 0.000000000e+00 1.227809986e-02 0.000000000e+00 0.000000000e+00 1.000000000e+00 0.000000000e+00
9.943593752e-01 -1.060633443e-01 0.000000000e+00 5.028950924e-01 1.060633443e-01 9.943593752e-01 0.000000000e+00 2.831268527e-02 0.000000000e+00 0.000000000e+00 1.000000000e+00 0.000000000e+00
9.858873648e-01 -1.674099874e-01 0.000000000e+00 7.993884620e-01 1.674099874e-01 9.858873648e-01 0.000000000e+00 7.223385265e-02 0.000000000e+00 0.000000000e+00 1.000000000e+00 0.000000000e+00
9.743117044e-01 -2.252036914e-01 0.000000000e+00 1.081758730e+00 2.252036914e-01 9.743117044e-01 0.000000000e+00 1.270866163e-01 0.000000000e+00 0.000000000e+00 1.000000000e+00 0.000000000e+00
9.486034327e-01 -3.164672612e-01 0.000000000e+00 1.517886498e+00 3.164672612e-01 9.486034327e-01 0.000000000e+00 2.186631574e-01 0.000000000e+00 0.000000000e+00 1.000000000e+00 0.000000000e+00
9.306692556e-01 -3.658616359e-01 0.000000000e+00 1.773429389e+00 3.658616359e-01 9.306692556e-01 0.000000000e+00 3.163432068e-01 0.000000000e+00 0.000000000e+00 1.000000000e+00 0.000000000e+00
9.029881279e-01 -4.296654988e-01 0.000000000e+00 2.079769914e+00 4.296654988e-01 9.029881279e-01 0.000000000e+00 4.575564589e-01 0.000000000e+00 0.000000000e+00 1.000000000e+00 0.000000000e+00
8.783789630e-01 -4.779648495e-01 0.000000000e+00 2.325970874e+00 4.779648495e-01 8.783789630e-01 0.000000000e+00 5.850837476e-01 0.000000000e+00 0.000000000e+00 1.000000000e+00 0.000000000e+00
8.480653939e-01 -5.298915810e-01 0.000000000e+00 2.566567156e+00 5.298915810e-01 8.480653939e-01 0.000000000e+00 7.278587499e-01 0.000000000e+00 0.000000000e+00 1.000000000e+00 0.000000000e+00
8.184081405e-01 -5.746373774e-01 0.000000000e+00 2.792683049e+00 5.746373774e-01 8.184081405e-01 0.000000000e+00 8.775415935e-01 0.000000000e+00 0.000000000e+00 1.000000000e+00 0.000000000e+00
7.826489013e-01 -6.224634105e-01 0.000000000e+00 3.030882584e+00 6.224634105e-01 7.826489013e-01 0.000000000e+00 1.050825622e+00 0.000000000e+00 0.000000000e+00 1.000000000e+00 0.000000000e+00
7.439966475e-01 -6.681833495e-01 0.000000000e+00 3.255640892e+00 6.681833495e-01 7.439966475e-01 0.000000000e+00 1.238529072e+00 0.000000000e+00 0.000000000e+00 1.000000000e+00 0.000000000e+00
7.092094990e-01 -7.049977919e-01 0.000000000e+00 3.441546103e+00 7.049977919e-01 7.092094990e-01 0.000000000e+00 1.408483942e+00 0.000000000e+00 0.000000000e+00 1.000000000e+00 0.000000000e+00
6.665747015e-01 -7.454382385e-01 0.000000000e+00 3.635378080e+00 7.454382385e-01 6.665747015e-01 0.000000000e+00 1.623108280e+00 0.000000000e+00 0.000000000e+00 1.000000000e+00 0.000000000e+00
6.269613919e-01 -7.790503277e-01 0.000000000e+00 3.793642058e+00 7.790503277e-01 6.269613919e-01 0.000000000e+00 1.815695096e+00 0.000000000e+00 0.000000000e+00 1.000000000e+00 0.000000000e+00
5.812249276e-01 -8.137429469e-01 0.000000000e+00 3.950913052e+00 8.137429469e-01 5.812249276e-01 0.000000000e+00 2.025957948e+00 0.000000000e+00 0.000000000e+00 1.000000000e+00 0.000000000e+00
5.400250054e-01 -8.416489729e-01 0.000000000e+00 4.090568728e+00 8.416489729e-01 5.400250054e-01 0.000000000e+00 2.233643111e+00 0.000000000e+00 0.000000000e+00 1.000000000e+00 0.000000000e+00
4.945022698e-01 -8.691763372e-01 0.000000000e+00 4.231208844e+00 8.691763372e-01 4.945022698e-01 0.000000000e+00 2.462760809e+00 0.000000000e+00 0.000000000e+00 1.000000000e+00 0.000000000e+00
4.412820900e-01 -8.973684400e-01 0.000000000e+00 4.353379226e+00 8.973684400e-01 4.412820900e-01 0.000000000e+00 2.706444687e+00 0.000000000e+00 0.000000000e+00 1.000000000e+00 0.000000000e+00
3.884883949e-01 -9.214536163e-01 0.000000000e+00 4.474832201e+00 9.214536163e-01 3.884883949e-01 0.000000000e+00 2.967667580e+00 0.000000000e+00 0.000000000e+00 1.000000000e+00 0.000000000e+00
3.409884332e-01 -9.400674914e-01 0.000000000e+00 4.568125587e+00 9.400674914e-01 3.409884332e-01 0.000000000e+00 3.208904838e+00 0.000000000e+00 0.000000000e+00 1.000000000e+00 0.000000000e+00
2.766952531e-01 -9.609577186e-01 0.000000000e+00 4.670689140e+00 9.609577186e-01 2.766952531e-01 0.000000000e+00 3.522842131e+00 0.000000000e+00 0.000000000e+00 1.000000000e+00 0.000000000e+00
2.220312280e-01 -9.750395550e-01 0.000000000e+00 4.736228399e+00 9.750395550e-01 2.220312280e-01 0.000000000e+00 3.775894528e+00 0.000000000e+00 0.000000000e+00 1.000000000e+00 0.000000000e+00
1.605116996e-01 -9.870339378e-01 0.000000000e+00 4.786276753e+00 9.870339378e-01 1.605116996e-01 0.000000000e+00 4.081408659e+00 0.000000000e+00 0.000000000e+00 1.000000000e+00 0.000000000e+00
9.987250574e-02 -9.950002425e-01 0.000000000e+00 4.832577598e+00 9.950002425e-01 9.987250574e-02 0.000000000e+00 4.371067645e+00 0.000000000e+00 0.000000000e+00 1.000000000e+00 0.000000000e+00
5.378612791e-02 -9.985524786e-01 0.000000000e+00 4.834551395e+00 9.985524786e-01 5.378612791e-02 0.000000000e+00 4.596198401e+00 0.000000000e+00 0.000000000e+00 1.000000000e+00 0.000000000e+00
-1.797314596e-02 -9.998384700e-01 0.000000000e+00 4.854029127e+00 9.998384700e-01 -1.797314596e-02 0.000000000e+00 4.932399593e+00 0.000000000e+00 0.000000000e+00 1.000000000e+00 0.000000000e+00
-7.278038229e-02 -9.973479914e-01 0.000000000e+00 4.837634815e+00 9.973479914e-01 -7.278038229e-02 0.000000000e+00 5.214932418e+00 0.000000000e+00 0.000000000e+00 1.000000000e+00 0.000000000e+00
-1.496660262e-01 -9.887366083e-01 0.000000000e+00 4.803059989e+00 9.887366083e-01 -1.496660262e-01 0.000000000e+00 5.584331747e+00 0.000000000e+00 0.000000000e+00 1.000000000e+00 0.000000000e+00
-2.085265812e-01 -9.780166997e-01 0.000000000e+00 4.755793347e+00 9.780166997e-01 -2.085265812e-01 0.000000000e+00 5.867749037e+00 0.000000000e+00 0.000000000e+00 1.000000000e+00 0.000000000e+00
-2.543741832e-01 -9.671058758e-01 0.000000000e+00 4.695746384e+00 9.671058758e-01 -2.543741832e-01 0.000000000e+00 6.097757599e+00 0.000000000e+00 0.000000000e+00 1.000000000e+00 0.000000000e+00
-2.940068691e-01 -9.558033066e-01 0.000000000e+00 4.628585180e+00 9.558033066e-01 -2.940068691e-01 0.000000000e+00 6.302756323e+00 0.000000000e+00 0.000000000e+00 1.000000000e+00 0.000000000e+00
-3.408788705e-01 -9.401072256e-01 0.000000000e+00 4.546391370e+00 9.401072256e-01 -3.408788705e-01 0.000000000e+00 6.526503641e+00 0.000000000e+00 0.000000000e+00 1.000000000e+00 0.000000000e+00
-3.989796182e-01 -9.169597943e-01 0.000000000e+00 4.438535957e+00 9.169597943e-01 -3.989796182e-01 0.000000000e+00 6.803305242e+00 0.000000000e+00 0.000000000e+00 1.000000000e+00 0.000000000e+00
-4.580507965e-01 -8.889260193e-01 0.000000000e+00 4.310634521e+00 8.889260193e-01 -4.580507965e-01 0.000000000e+00 7.079043841e+00 0.000000000e+00 0.000000000e+00 1.000000000e+00 0.000000000e+00
-5.373182023e-01 -8.433795999e-01 0.000000000e+00 4.132084534e+00 8.433795999e-01 -5.373182023e-01 0.000000000e+00 7.418683350e+00 0.000000000e+00 0.000000000e+00 1.000000000e+00 0.000000000e+00
-5.373182023e-01 -8.433795999e-01 0.000000000e+00 4.132084534e+00 8.433795999e-01 -5.373182023e-01 0.000000000e+00 7.418683350e+00 0.000000000e+00 0.000000000e+00 1.000000000e+00 0.000000000e+00
-5.373182023e-01 -8.433795999e-01 0.000000000e+00 4.132084534e+00 8.433795999e-01 -5.373182023e-01 0.000000000e+00 7.418683350e+00 0.000000000e+00 0.000000000e+00 1.000000000e+00 0.000000000e+00
-5.373182023e-01 -8.433795999e-01 0.000000000e+00 4.132084534e+00 8.433795999e-01 -5.373182023e-01 0.000000000e+00 7.418683350e+00 0.000000000e+00 0.000000000e+00 1.000000000e+00 0.000000000e+00
-5.373182023e-01 -8.433795999e-01 0.000000000e+00 4.132084534e+00 8.433795999e-01 -5.373182023e-01 0.000000000e+00 7.418683350e+00 0.000000000e+00 0.000000000e+00 1.000000000e+00 0.000000000e+00
-5.373182023e-01 -8.433795999e-01 0.000000000e+00 4.132084534e+00 8.433795999e-01 -5.373182023e-01 0.000000000e+00 7.418683350e+00 0.000000000e+00 0.000000000e+00 1.000000000e+00 0.000000000e+00
-5.373182023e-01 -8.433795999e-01 0.000000000e+00 4.132084534e+00 8.433795999e-01 -5.373182023e-01 0.000000000e+00 7.418683350e+00 0.000000000e+00 0.000000000e+00 1.000000000e+00 0.000000000e+00
-5.373182023e-01 -8.433795999e-01 0.000000000e+00 4.132084534e+00 8.433795999e-01 -5.373182023e-01 0.000000000e+00 7.418683350e+00 0.000000000e+00 0.000000000e+00 1.000000000e+00 0.000000000e+00
-5.373182023e-01 -8.433795999e-01 0.000000000e+00 4.132084534e+00 8.433795999e-01 -5.373182023e-01 0.000000000e+00 7.418683350e+00 0.000000000e+00 0.000000000e+00 1.000000000e+00 0.000000000e+00
-5.720858919e-01 -8.201937163e-01 0.000000000e+00 4.048997087e+00 8.201937163e-01 -5.720858919e-01 0.000000000e+00 7.566233247e+00 0.000000000e+00 0.000000000e+00 1.000000000e+00 0.000000000e+00
-6.062118872e-01 -7.953031798e-01 0.000000000e+00 3.923808319e+00 7.953031798e-01 -6.062118872e-01 0.000000000e+00 7.754173130e+00 0.000000000e+00 0.000000000e+00 1.000000000e+00 0.000000000e+00
-6.573450784e-01 -7.535897079e-01 0.000000000e+00 3.740239998e+00 7.535897079e-01 -6.573450784e-01 0.000000000e+00 7.984173991e+00 0.000000000e+00 0.000000000e+00 1.000000000e+00 0.000000000e+00
-6.854544351e-01 -7.281155247e-01 0.000000000e+00 3.613940801e+00 7.281155247e-01 -6.854544351e-01 0.000000000e+00 8.152067166e+00 0.000000000e+00 0.000000000e+00 1.000000000e+00 0.000000000e+00
-7.230770575e-01 -6.907673769e-01 0.000000000e+00 3.423319468e+00 6.907673769e-01 -7.230770575e-01 0.000000000e+00 8.342318783e+00 0.000000000e+00 0.000000000e+00 1.000000000e+00 0.000000000e+00
-7.602233071e-01 -6.496618531e-01 0.000000000e+00 3.242689020e+00 6.496618531e-01 -7.602233071e-01 0.000000000e+00 8.515338299e+00 0.000000000e+00 0.000000000e+00 1.000000000e+00 0.000000000e+00
-7.996784855e-01 -6.004284469e-01 0.000000000e+00 3.004303325e+00 6.004284469e-01 -7.996784855e-01 0.000000000e+00 8.702368149e+00 0.000000000e+00 0.000000000e+00 1.000000000e+00 0.000000000e+00
-8.306165270e-01 -5.568448482e-01 0.000000000e+00 2.802470393e+00 5.568448482e-01 -8.306165270e-01 0.000000000e+00 8.852209314e+00 0.000000000e+00 0.000000000e+00 1.000000000e+00 0.000000000e+00
-8.599161816e-01 -5.104352658e-01 0.000000000e+00 2.586453882e+00 5.104352658e-01 -8.599161816e-01 0.000000000e+00 8.991670381e+00 0.000000000e+00 0.000000000e+00 1.000000000e+00 0.000000000e+00
-8.887517968e-01 -4.583887474e-01 0.000000000e+00 2.330764989e+00 4.583887474e-01 -8.887517968e-01 0.000000000e+00 9.129949086e+00 0.000000000e+00 0.000000000e+00 1.000000000e+00 0.000000000e+00
-9.131373922e-01 -4.076519385e-01 0.000000000e+00 2.092480570e+00 4.076519385e-01 -9.131373922e-01 0.000000000e+00 9.244308615e+00 0.000000000e+00 0.000000000e+00 1.000000000e+00 0.000000000e+00
-9.356035148e-01 -3.530524934e-01 0.000000000e+00 1.825513603e+00 3.530524934e-01 -9.356035148e-01 0.000000000e+00 9.359312787e+00 0.000000000e+00 0.000000000e+00 1.000000000e+00 0.000000000e+00
-9.531516409e-01 -3.024928914e-01 0.000000000e+00 1.575851971e+00 3.024928914e-01 -9.531516409e-01 0.000000000e+00 9.445645759e+00 0.000000000e+00 0.000000000e+00 1.000000000e+00 0.000000000e+00
-9.674982621e-01 -2.528776636e-01 0.000000000e+00 1.336114663e+00 2.528776636e-01 -9.674982621e-01 0.000000000e+00 9.504979818e+00 0.000000000e+00 0.000000000e+00 1.000000000e+00 0.000000000e+00
-9.800228917e-01 -1.988847196e-01 0.000000000e+00 1.075360474e+00 1.988847196e-01 -9.800228917e-01 0.000000000e+00 9.573788819e+00 0.000000000e+00 0.000000000e+00 1.000000000e+00 0.000000000e+00
-9.902681906e-01 -1.391722336e-01 0.000000000e+00 7.711113896e-01 1.391722336e-01 -9.902681906e-01 0.000000000e+00 9.627039655e+00 0.000000000e+00 0.000000000e+00 1.000000000e+00 0.000000000e+00
-9.968508427e-01 -7.929941623e-02 0.000000000e+00 4.783993709e-01 7.929941623e-02 -9.968508427e-01 0.000000000e+00 9.656507602e+00 0.000000000e+00 0.000000000e+00 1.000000000e+00 0.000000000e+00
-9.996200622e-01 -2.756322266e-02 0.000000000e+00 2.487999910e-01 2.756322266e-02 -9.996200622e-01 0.000000000e+00 9.679817136e+00 0.000000000e+00 0.000000000e+00 1.000000000e+00 0.000000000e+00
-9.995324453e-01 3.057598440e-02 0.000000000e+00 -1.247489078e-02 -3.057598440e-02 -9.995324453e-01 0.000000000e+00 9.679306646e+00 0.000000000e+00 0.000000000e+00 1.000000000e+00 0.000000000e+00
-9.961387567e-01 8.779280898e-02 0.000000000e+00 -2.532655730e-01 -8.779280898e-02 -9.961387567e-01 0.000000000e+00 9.680290127e+00 0.000000000e+00 0.000000000e+00 1.000000000e+00 0.000000000e+00
-9.892593906e-01 1.461706472e-01 0.000000000e+00 -5.270750899e-01 -1.461706472e-01 -9.892593906e-01 0.000000000e+00 9.652965738e+00 0.000000000e+00 0.000000000e+00 1.000000000e+00 0.000000000e+00
-9.800613801e-01 1.986949705e-01 0.000000000e+00 -8.009232422e-01 -1.986949705e-01 -9.800613801e-01 0.000000000e+00 9.597244433e+00 0.000000000e+00 0.000000000e+00 1.000000000e+00 0.000000000e+00
-9.668698024e-01 2.552700240e-01 0.000000000e+00 -1.069138605e+00 -2.552700240e-01 -9.668698024e-01 0.000000000e+00 9.526479359e+00 0.000000000e+00 0.000000000e+00 1.000000000e+00 0.000000000e+00
-9.504534060e-01 3.108670505e-01 0.000000000e+00 -1.361806601e+00 -3.108670505e-01 -9.504534060e-01 0.000000000e+00 9.449711995e+00 0.000000000e+00 0.000000000e+00 1.000000000e+00 0.000000000e+00
-9.300041880e-01 3.675489224e-01 0.000000000e+00 -1.642066309e+00 -3.675489224e-01 -9.300041880e-01 0.000000000e+00 9.351796092e+00 0.000000000e+00 0.000000000e+00 1.000000000e+00 0.000000000e+00
-9.024006189e-01 4.308980425e-01 0.000000000e+00 -1.947923797e+00 -4.308980425e-01 -9.024006189e-01 0.000000000e+00 9.220475422e+00 0.000000000e+00 0.000000000e+00 1.000000000e+00 0.000000000e+00
-8.773236558e-01 4.798991593e-01 0.000000000e+00 -2.191443027e+00 -4.798991593e-01 -8.773236558e-01 0.000000000e+00 9.091641156e+00 0.000000000e+00 0.000000000e+00 1.000000000e+00 0.000000000e+00
-8.471809197e-01 5.313045166e-01 0.000000000e+00 -2.457564163e+00 -5.313045166e-01 -8.471809197e-01 0.000000000e+00 8.929451264e+00 0.000000000e+00 0.000000000e+00 1.000000000e+00 0.000000000e+00
-8.158823714e-01 5.782179140e-01 0.000000000e+00 -2.666395161e+00 -5.782179140e-01 -8.158823714e-01 0.000000000e+00 8.788929097e+00 0.000000000e+00 0.000000000e+00 1.000000000e+00 0.000000000e+00
-7.758021193e-01 6.309762846e-01 0.000000000e+00 -2.909315656e+00 -6.309762846e-01 -7.758021193e-01 0.000000000e+00 8.603552568e+00 0.000000000e+00 0.000000000e+00 1.000000000e+00 0.000000000e+00
-7.468819858e-01 6.649566145e-01 0.000000000e+00 -3.077815345e+00 -6.649566145e-01 -7.468819858e-01 0.000000000e+00 8.442845344e+00 0.000000000e+00 0.000000000e+00 1.000000000e+00 0.000000000e+00
-7.139536865e-01 7.001929260e-01 0.000000000e+00 -3.253123202e+00 -7.001929260e-01 -7.139536865e-01 0.000000000e+00 8.283944843e+00 0.000000000e+00 0.000000000e+00 1.000000000e+00 0.000000000e+00
-6.628315160e-01 7.487685766e-01 0.000000000e+00 -3.500501917e+00 -7.487685766e-01 -6.628315160e-01 0.000000000e+00 8.036448147e+00 0.000000000e+00 0.000000000e+00 1.000000000e+00 0.000000000e+00
-6.269299193e-01 7.790756551e-01 0.000000000e+00 -3.648777273e+00 -7.790756551e-01 -6.269299193e-01 0.000000000e+00 7.856984699e+00 0.000000000e+00 0.000000000e+00 1.000000000e+00 0.000000000e+00
-5.782112913e-01 8.158870649e-01 0.000000000e+00 -3.816893260e+00 -8.158870649e-01 -5.782112913e-01 0.000000000e+00 7.626792860e+00 0.000000000e+00 0.000000000e+00 1.000000000e+00 0.000000000e+00
-5.342619822e-01 8.453189542e-01 0.000000000e+00 -3.954173612e+00 -8.453189542e-01 -5.342619822e-01 0.000000000e+00 7.412922140e+00 0.000000000e+00 0.000000000e+00 1.000000000e+00 0.000000000e+00
