1.000000000e+00 0.000000000e+00 0.000000000e+00 0.000000000e+00 0.000000000e+00 1.000000000e+00 0.000000000e+00 0.000000000e+00 0.000000000e+00 0.000000000e+00 1.000000000e+00 0.000000000e+00
1.000000000e+00 0.000000000e+00 0.000000000e+00 0.000000000e+00 0.000000000e+00 1.000000000e+00 0.000000000e+00 0.000000000e+00 0.000000000e+00 0.000000000e+00 1.000000000e+00 0.000000000e+00
1.000000000e+00 0.000000000e+00 0.000000000e+00 0.000000000e+00 0.000000000e+00 1.000000000e+00 0.000000000e+00 0.000000000e+00 0.000000000e+00 0.000000000e+00 1.000000000e+00 0.000000000e+00
9.984665363e-01 -5.535861133e-02 0.000000000e+00 -3.687786632e-02 5.535861133e-02 9.984665363e-01 0.000000000e+00 2.833922904e-01 0.000000000e+00 0.000000000e+00 1.000000000e+00 0.000000000e+00
9.933103675e-01 -1.154751650e-01 0.000000000e+00 -7.989527455e-02 1.154751650e-01 9.933103675e-01 0.000000000e+00 5.652803957e-01 0.000000000e+00 0.000000000e+00 1.000000000e+00 0.000000000e+00
9.835805133e-01 -1.804698695e-01 0.000000000e+00 -1.041897706e-01 1.804698695e-01 9.835805133e-01 0.000000000e+00 8.492400721e-01 0.000000000e+00 0.000000000e+00 1.000000000e+00 0.000000000e+00
9.702095349e-01 -2.422673285e-01 0.000000000e+00 -1.547993723e-01 2.422673285e-01 9.702095349e-01 0.000000000e+00 1.117827868e+00 0.000000000e+00 0.000000000e+00 1.000000000e+00 0.000000000e+00
9.548750768e-01 -2.970077233e-01 0.000000000e+00 -2.467489307e-01 2.970077233e-01 9.548750768e-01 0.000000000e+00 1.376793248e+00 0.000000000e+00 0.000000000e+00 1.000000000e+00 0.000000000e+00
9.337574317e-01 -3.579064945e-01 0.000000000e+00 -3.507041203e-01 3.579064945e-01 9.337574317e-01 0.000000000e+00 1.649834111e+00 0.000000000e+00 0.000000000e+00 1.000000000e+00 0.000000000e+00
9.078134180e-01 -4.193742936e-01 0.000000000e+00 -4.625277931e-01 4.193742936e-01 9.078134180e-01 0.000000000e+00 1.910156334e+00 0.000000000e+00 0.000000000e+00 1.000000000e+00 0.000000000e+00
8.804771202e-01 -4.740886423e-01 0.000000000e+00 -6.061624432e-01 4.740886423e-01 8.804771202e-01 0.000000000e+00 2.157536450e+00 0.000000000e+00 0.000000000e+00 1.000000000e+00 0.000000000e+00
8.477732272e-01 -5.303588928e-01 0.000000000e+00 -7.380491537e-01 5.303588928e-01 8.477732272e-01 0.000000000e+00 2.413553683e+00 0.000000000e+00 0.000000000e+00 1.000000000e+00 0.000000000e+00
8.091633996e-01 -5.875836901e-01 0.000000000e+00 -8.968701665e-01 5.875836901e-01 8.091633996e-01 0.000000000e+00 2.652656977e+00 0.000000000e+00 0.000000000e+00 1.000000000e+00 0.000000000e+00
7.664783270e-01 -6.422701723e-01 0.000000000e+00 -1.050210427e+00 6.422701723e-01 7.664783270e-01 0.000000000e+00 2.865354309e+00 0.000000000e+00 0.000000000e+00 1.000000000e+00 0.000000000e+00
7.213935489e-01 -6.925253408e-01 0.000000000e+00 -1.234685334e+00 6.925253408e-01 7.213935489e-01 0.000000000e+00 3.072182015e+00 0.000000000e+00 0.000000000e+00 1.000000000e+00 0.000000000e+00
7.213935489e-01 -6.925253408e-01 0.000000000e+00 -1.234685334e+00 6.925253408e-01 7.213935489e-01 0.000000000e+00 3.072182015e+00 0.000000000e+00 0.000000000e+00 1.000000000e+00 0.000000000e+00
7.213935489e-01 -6.925253408e-01 0.000000000e+00 -1.234685334e+00 6.925253408e-01 7.213935489e-01 0.000000000e+00 3.072182015e+00 0.000000000e+00 0.000000000e+00 1.000000000e+00 0.000000000e+00
6.804240544e-01 -7.328186039e-01 0.000000000e+00 -1.432696579e+00 7.328186039e-01 6.804240544e-01 0.000000000e+00 3.275402742e+00 0.000000000e+00 0.000000000e+00 1.000000000e+00 0.000000000e+00
6.334383923e-01 -7.737931269e-01 0.000000000e+00 -1.660037178e+00 7.737931269e-01 6.334383923e-01 0.000000000e+00 3.447277598e+00 0.000000000e+00 0.000000000e+00 1.000000000e+00 0.000000000e+00
5.760716523e-01 -8.173991996e-01 0.000000000e+00 -1.891641278e+00 8.173991996e-01 5.760716523e-01 0.000000000e+00 3.617179111e+00 0.000000000e+00 0.000000000e+00 1.000000000e+00 0.000000000e+00
5.220893478e-01 -8.528907977e-01 0.000000000e+00 -2.131422926e+00 8.528907977e-01 5.220893478e-01 0.000000000e+00 3.769262895e+00 0.000000000e+00 0.000000000e+00 1.000000000e+00 0.000000000e+00
4.673760448e-01 -8.840586139e-01 0.000000000e+00 -2.377295712e+00 8.840586139e-01 4.673760448e-01 0.000000000e+00 3.910576020e+00 0.000000000e+00 0.000000000e+00 1.000000000e+00 0.000000000e+00
4.103152622e-01 -9.119437404e-01 0.000000000e+00 -2.628863210e+00 9.119437404e-01 4.103152622e-01 0.000000000e+00 4.028751280e+00 0.000000000e+00 0.000000000e+00 1.000000000e+00 0.000000000e+00
4.103152622e-01 -9.119437404e-01 0.000000000e+00 -2.628863210e+00 9.119437404e-01 4.103152622e-01 0.000000000e+00 4.028751280e+00 0.000000000e+00 0.000000000e+00 1.000000000e+00 0.000000000e+00
4.103152622e-01 -9.119437404e-01 0.000000000e+00 -2.628863210e+00 9.119437404e-01 4.103152622e-01 0.000000000e+00 4.028751280e+00 0.000000000e+00 0.000000000e+00 1.000000000e+00 0.000000000e+00
4.103152622e-01 -9.119437404e-01 0.000000000e+00 -2.628863210e+00 9.119437404e-01 4.103152622e-01 0.000000000e+00 4.028751280e+00 0.000000000e+00 0.000000000e+00 1.000000000e+00 0.000000000e+00
4.103152622e-01 -9.119437404e-01 0.000000000e+00 -2.628863210e+00 9.119437404e-01 4.103152622e-01 0.000000000e+00 4.028751280e+00 0.000000000e+00 0.000000000e+00 1.000000000e+00 0.000000000e+00
4.103152622e-01 -9.119437404e-01 0.000000000e+00 -2.628863210e+00 9.119437404e-01 4.103152622e-01 0.000000000e+00 4.028751280e+00 0.000000000e+00 0.000000000e+00 1.000000000e+00 0.000000000e+00
3.116507603e-01 -9.501967184e-01 0.000000000e+00 -2.858532910e+00 9.501967184e-01 3.116507603e-01 0.000000000e+00 4.201869649e+00 0.000000000e+00 0.000000000e+00 1.000000000e+00 0.000000000e+00
2.539550683e-01 -9.672160169e-01 0.000000000e+00 -3.150658700e+00 9.672160169e-01 2.539550683e-01 0.000000000e+00 4.244895853e+00 0.000000000e+00 0.000000000e+00 1.000000000e+00 0.000000000e+00
2.539550683e-01 -9.672160169e-01 0.000000000e+00 -3.150658700e+00 9.672160169e-01 2.539550683e-01 0.000000000e+00 4.244895853e+00 0.000000000e+00 0.000000000e+00 1.000000000e+00 0.000000000e+00
2.539550683e-01 -9.672160169e-01 0.000000000e+00 -3.150658700e+00 9.672160169e-01 2.539550683e-01 0.000000000e+00 4.244895853e+00 0.000000000e+00 0.000000000e+00 1.000000000e+00 0.000000000e+00
2.539550683e-01 -9.672160169e-01 0.000000000e+00 -3.150658700e+00 9.672160169e-01 2.539550683e-01 0.000000000e+00 4.244895853e+00 0.000000000e+00 0.000000000e+00 1.000000000e+00 0.000000000e+00
2.539550683e-01 -9.672160169e-01 0.000000000e+00 -3.150658700e+00 9.672160169e-01 2.539550683e-01 0.000000000e+00 4.244895853e+00 0.000000000e+00 0.000000000e+00 1.000000000e+00 0.000000000e+00
2.539550683e-01 -9.672160169e-01 0.000000000e+00 -3.150658700e+00 9.672160169e-01 2.539550683e-01 0.000000000e+00 4.244895853e+00 0.000000000e+00 0.000000000e+00 1.000000000e+00 0.000000000e+00
2.539550683e-01 -9.672160169e-01 0.000000000e+00 -3.150658700e+00 9.672160169e-01 2.539550683e-01 0.000000000e+00 4.244895853e+00 0.000000000e+00 0.000000000e+00 1.000000000e+00 0.000000000e+00
2.539550683e-01 -9.672160169e-01 0.000000000e+00 -3.150658700e+00 9.672160169e-01 2.539550683e-01 0.000000000e+00 4.244895853e+00 0.000000000e+00 0.000000000e+00 1.000000000e+00 0.000000000e+00
2.539550683e-01 -9.672160169e-01 0.000000000e+00 -3.150658700e+00 9.672160169e-01 2.539550683e-01 0.000000000e+00 4.244895853e+00 0.000000000e+00 0.000000000e+00 1.000000000e+00 0.000000000e+00
2.539550683e-01 -9.672160169e-01 0.000000000e+00 -3.150658700e+00 9.672160169e-01 2.539550683e-01 0.000000000e+00 4.244895853e+00 0.000000000e+00 0.000000000e+00 1.000000000e+00 0.000000000e+00
1.946193406e-01 -9.808788469e-01 0.000000000e+00 -3.432191193e+00 9.808788469e-01 1.946193406e-01 0.000000000e+00 4.297111380e+00 0.000000000e+00 0.000000000e+00 1.000000000e+00 0.000000000e+00
1.285765519e-01 -9.916995867e-01 0.000000000e+00 -3.695539903e+00 9.916995867e-01 1.285765519e-01 0.000000000e+00 4.365936687e+00 0.000000000e+00 0.000000000e+00 1.000000000e+00 0.000000000e+00
7.194127242e-02 -9.974088697e-01 0.000000000e+00 -3.979504713e+00 9.974088697e-01 7.194127242e-02 0.000000000e+00 4.379942428e+00 0.000000000e+00 0.000000000e+00 1.000000000e+00 0.000000000e+00
7.390213591e-03 -9.999726920e-01 0.000000000e+00 -4.267396433e+00 9.999726920e-01 7.390213591e-03 0.000000000e+00 4.382619283e+00 0.000000000e+00 0.000000000e+00 1.000000000e+00 0.000000000e+00
7.390213591e-03 -9.999726920e-01 0.000000000e+00 -4.267396433e+00 9.999726920e-01 7.390213591e-03 0.000000000e+00 4.382619283e+00 0.000000000e+00 0.000000000e+00 1.000000000e+00 0.000000000e+00
7.390213591e-03 -9.999726920e-01 0.000000000e+00 -4.267396433e+00 9.999726920e-01 7.390213591e-03 0.000000000e+00 4.382619283e+00 0.000000000e+00 0.000000000e+00 1.000000000e+00 0.000000000e+00
7.390213591e-03 -9.999726920e-01 0.000000000e+00 -4.267396433e+00 9.999726920e-01 7.390213591e-03 0.000000000e+00 4.382619283e+00 0.000000000e+00 0.000000000e+00 1.000000000e+00 0.000000000e+00
7.390213591e-03 -9.999726920e-01 0.000000000e+00 -4.267396433e+00 9.999726920e-01 7.390213591e-03 0.000000000e+00 4.382619283e+00 0.000000000e+00 0.000000000e+00 1.000000000e+00 0.000000000e+00
-4.838028793e-02 -9.988289882e-01 0.000000000e+00 -4.535258027e+00 9.988289882e-01 -4.838028793e-02 0.000000000e+00 4.384076549e+00 0.000000000e+00 0.000000000e+00 1.000000000e+00 0.000000000e+00
-1.065826520e-01 -9.943038461e-01 0.000000000e+00 -4.812766750e+00 9.943038461e-01 -1.065826520e-01 0.000000000e+00 4.362875039e+00 0.000000000e+00 0.000000000e+00 1.000000000e+00 0.000000000e+00
-1.065826520e-01 -9.943038461e-01 0.000000000e+00 -4.812766750e+00 9.943038461e-01 -1.065826520e-01 0.000000000e+00 4.362875039e+00 0.000000000e+00 0.000000000e+00 1.000000000e+00 0.000000000e+00
-1.065826520e-01 -9.943038461e-01 0.000000000e+00 -4.812766750e+00 9.943038461e-01 -1.065826520e-01 0.000000000e+00 4.362875039e+00 0.000000000e+00 0.000000000e+00 1.000000000e+00 0.000000000e+00
-1.065826520e-01 -9.943038461e-01 0.000000000e+00 -4.812766750e+00 9.943038461e-01 -1.065826520e-01 0.000000000e+00 4.362875039e+00 0.000000000e+00 0.000000000e+00 1.000000000e+00 0.000000000e+00
-1.065826520e-01 -9.943038461e-01 0.000000000e+00 -4.812766750e+00 9.943038461e-01 -1.065826520e-01 0.000000000e+00 4.362875039e+00 0.000000000e+00 0.000000000e+00 1.000000000e+00 0.000000000e+00
-1.065826520e-01 -9.943038461e-01 0.000000000e+00 -4.812766750e+00 9.943038461e-01 -1.065826520e-01 0.000000000e+00 4.362875039e+00 0.000000000e+00 0.000000000e+00 1.000000000e+00 0.000000000e+00
-1.065826520e-01 -9.943038461e-01 0.000000000e+00 -4.812766750e+00 9.943038461e-01 -1.065826520e-01 0.000000000e+00 4.362875039e+00 0.000000000e+00 0.000000000e+00 1.000000000e+00 0.000000000e+00
-1.065826520e-01 -9.943038461e-01 0.000000000e+00 -4.812766750e+00 9.943038461e-01 -1.065826520e-01 0.000000000e+00 4.362875039e+00 0.000000000e+00 0.000000000e+00 1.000000000e+00 0.000000000e+00
-1.065826520e-01 -9.943038461e-01 0.000000000e+00 -4.812766750e+00 9.943038461e-01 -1.065826520e-01 0.000000000e+00 4.362875039e+00 0.000000000e+00 0.000000000e+00 1.000000000e+00 0.000000000e+00
-1.065826520e-01 -9.943038461e-01 0.000000000e+00 -4.812766750e+00 9.943038461e-01 -1.065826520e-01 0.000000000e+00 4.362875039e+00 0.000000000e+00 0.000000000e+00 1.000000000e+00 0.000000000e+00
-1.065826520e-01 -9.943038461e-01 0.000000000e+00 -4.812766750e+00 9.943038461e-01 -1.065826520e-01 0.000000000e+00 4.362875039e+00 0.000000000e+00 0.000000000e+00 1.000000000e+00 0.000000000e+00
-1.065826520e-01 -9.943038461e-01 0.000000000e+00 -4.812766750e+00 9.943038461e-01 -1.065826520e-01 0.000000000e+00 4.362875039e+00 0.000000000e+00 0.000000000e+00 1.000000000e+00 0.000000000e+00
-1.065826520e-01 -9.943038461e-01 0.000000000e+00 -4.812766750e+00 9.943038461e-01 -1.065826520e-01 0.000000000e+00 4.362875039e+00 0.000000000e+00 0.000000000e+00 1.000000000e+00 0.000000000e+00
-1.627225974e-01 -9.866718585e-01 0.000000000e+00 -5.102831791e+00 9.866718585e-01 -1.627225974e-01 0.000000000e+00 4.300729445e+00 0.000000000e+00 0.000000000e+00 1.000000000e+00 0.000000000e+00
-2.303378634e-01 -9.731107176e-01 0.000000000e+00 -5.379211520e+00 9.731107176e-01 -2.303378634e-01 0.000000000e+00 4.258383229e+00 0.000000000e+00 0.000000000e+00 1.000000000e+00 0.000000000e+00
-2.874938656e-01 -9.577824791e-01 0.000000000e+00 -5.654385814e+00 9.577824791e-01 -2.874938656e-01 0.000000000e+00 4.187510012e+00 0.000000000e+00 0.000000000e+00 1.000000000e+00 0.000000000e+00
-3.501252795e-01 -9.367028817e-01 0.000000000e+00 -5.908422005e+00 9.367028817e-01 -3.501252795e-01 0.000000000e+00 4.098509968e+00 0.000000000e+00 0.000000000e+00 1.000000000e+00 0.000000000e+00
-4.131882596e-01 -9.106456293e-01 0.000000000e+00 -6.176399278e+00 9.106456293e-01 -4.131882596e-01 0.000000000e+00 3.997818676e+00 0.000000000e+00 0.000000000e+00 1.000000000e+00 0.000000000e+00
-4.624752370e-01 -8.866321984e-01 0.000000000e+00 -6.420070071e+00 8.866321984e-01 -4.624752370e-01 0.000000000e+00 3.848105500e+00 0.000000000e+00 0.000000000e+00 1.000000000e+00 0.000000000e+00
-5.161384661e-01 -8.565051569e-01 0.000000000e+00 -6.670048586e+00 8.565051569e-01 -5.161384661e-01 0.000000000e+00 3.693968559e+00 0.000000000e+00 0.000000000e+00 1.000000000e+00 0.000000000e+00
-5.730836461e-01 -8.194968790e-01 0.000000000e+00 -6.906851543e+00 8.194968790e-01 -5.730836461e-01 0.000000000e+00 3.555164711e+00 0.000000000e+00 0.000000000e+00 1.000000000e+00 0.000000000e+00
-6.206123198e-01 -7.841175604e-01 0.000000000e+00 -7.136641009e+00 7.841175604e-01 -6.206123198e-01 0.000000000e+00 3.397111858e+00 0.000000000e+00 0.000000000e+00 1.000000000e+00 0.000000000e+00
-6.659464110e-01 -7.459995829e-01 0.000000000e+00 -7.362815594e+00 7.459995829e-01 -6.659464110e-01 0.000000000e+00 3.221659358e+00 0.000000000e+00 0.000000000e+00 1.000000000e+00 0.000000000e+00
-7.162210092e-01 -6.978735315e-01 0.000000000e+00 -7.563611607e+00 6.978735315e-01 -7.162210092e-01 0.000000000e+00 3.022445971e+00 0.000000000e+00 0.000000000e+00 1.000000000e+00 0.000000000e+00
-7.527044393e-01 -6.583585854e-01 0.000000000e+00 -7.753688407e+00 6.583585854e-01 -7.527044393e-01 0.000000000e+00 2.805954010e+00 0.000000000e+00 0.000000000e+00 1.000000000e+00 0.000000000e+00
-7.527044393e-01 -6.583585854e-01 0.000000000e+00 -7.753688407e+00 6.583585854e-01 -7.527044393e-01 0.000000000e+00 2.805954010e+00 0.000000000e+00 0.000000000e+00 1.000000000e+00 0.000000000e+00
-7.527044393e-01 -6.583585854e-01 0.000000000e+00 -7.753688407e+00 6.583585854e-01 -7.527044393e-01 0.000000000e+00 2.805954010e+00 0.000000000e+00 0.000000000e+00 1.000000000e+00 0.000000000e+00
-7.857997974e-01 -6.184809443e-01 0.000000000e+00 -7.899698296e+00 6.184809443e-01 -7.857997974e-01 0.000000000e+00 2.586951559e+00 0.000000000e+00 0.000000000e+00 1.000000000e+00 0.000000000e+00
-8.268314281e-01 -5.624498106e-01 0.000000000e+00 -8.089683919e+00 5.624498106e-01 -8.268314281e-01 0.000000000e+00 2.365497284e+00 0.000000000e+00 0.000000000e+00 1.000000000e+00 0.000000000e+00
-8.621506842e-01 -5.066519493e-01 0.000000000e+00 -8.246730778e+00 5.066519493e-01 -8.621506842e-01 0.000000000e+00 2.142673190e+00 0.000000000e+00 0.000000000e+00 1.000000000e+00 0.000000000e+00
-8.920811117e-01 -4.518753038e-01 0.000000000e+00 -8.376583914e+00 4.518753038e-01 -8.920811117e-01 0.000000000e+00 1.882912568e+00 0.000000000e+00 0.000000000e+00 1.000000000e+00 0.000000000e+00
-9.172110413e-01 -3.984016889e-01 0.000000000e+00 -8.498176249e+00 3.984016889e-01 -9.172110413e-01 0.000000000e+00 1.621664127e+00 0.000000000e+00 0.000000000e+00 1.000000000e+00 0.000000000e+00
-9.407192214e-01 -3.391863005e-01 0.000000000e+00 -8.591410597e+00 3.391863005e-01 -9.407192214e-01 0.000000000e+00 1.361300221e+00 0.000000000e+00 0.000000000e+00 1.000000000e+00 0.000000000e+00
-9.604905398e-01 -2.783126354e-01 0.000000000e+00 -8.660998436e+00 2.783126354e-01 -9.604905398e-01 0.000000000e+00 1.087775505e+00 0.000000000e+00 0.000000000e+00 1.000000000e+00 0.000000000e+00
-9.772199184e-01 -2.122291945e-01 0.000000000e+00 -8.728020946e+00 2.122291945e-01 -9.772199184e-01 0.000000000e+00 8.218497116e-01 0.000000000e+00 0.000000000e+00 1.000000000e+00 0.000000000e+00
-9.872935360e-01 -1.589071229e-01 0.000000000e+00 -8.770014226e+00 1.589071229e-01 -9.872935360e-01 0.000000000e+00 5.486564542e-01 0.000000000e+00 0.000000000e+00 1.000000000e+00 0.000000000e+00
-9.947644385e-01 -1.021944810e-01 0.000000000e+00 -8.794964352e+00 1.021944810e-01 -9.947644385e-01 0.000000000e+00 2.466413059e-01 0.000000000e+00 0.000000000e+00 1.000000000e+00 0.000000000e+00
-9.994892390e-01 -3.195717694e-02 0.000000000e+00 -8.804695662e+00 3.195717694e-02 -9.994892390e-01 0.000000000e+00 -2.342261496e-02 0.000000000e+00 0.000000000e+00 1.000000000e+00 0.000000000e+00
-9.996818729e-01 2.522207385e-02 0.000000000e+00 -8.806987344e+00 -2.522207385e-02 -9.996818729e-01 0.000000000e+00 -3.137230922e-01 0.000000000e+00 0.000000000e+00 1.000000000e+00 0.000000000e+00
-9.964501796e-01 8.418455694e-02 0.000000000e+00 -8.792939116e+00 -8.418455694e-02 -9.964501796e-01 0.000000000e+00 -5.902646183e-01 0.000000000e+00 0.000000000e+00 1.000000000e+00 0.000000000e+00
-9.964501796e-01 8.418455694e-02 0.000000000e+00 -8.792939116e+00 -8.418455694e-02 -9.964501796e-01 0.000000000e+00 -5.902646183e-01 0.000000000e+00 0.000000000e+00 1.000000000e+00 0.000000000e+00
-9.964501796e-01 8.418455694e-02 0.000000000e+00 -8.792939116e+00 -8.418455694e-02 -9.964501796e-01 0.000000000e+00 -5.902646183e-01 0.000000000e+00 0.000000000e+00 1.000000000e+00 0.000000000e+00
-9.964501796e-01 8.418455694e-02 0.000000000e+00 -8.792939116e+00 -8.418455694e-02 -9.964501796e-01 0.000000000e+00 -5.902646183e-01 0.000000000e+00 0.000000000e+00 1.000000000e+00 0.000000000e+00
-9.964501796e-01 8.418455694e-02 0.000000000e+00 -8.792939116e+00 -8.418455694e-02 -9.964501796e-01 0.000000000e+00 -5.902646183e-01 0.000000000e+00 0.000000000e+00 1.000000000e+00 0.000000000e+00
-9.891006594e-01 1.472409101e-01 0.000000000e+00 -8.756161453e+00 -1.472409101e-01 -9.891006594e-01 0.000000000e+00 -8.748966635e-01 0.000000000e+00 0.000000000e+00 1.000000000e+00 0.000000000e+00
-9.785643682e-01 2.059411985e-01 0.000000000e+00 -8.712255885e+00 -2.059411985e-01 -9.785643682e-01 0.000000000e+00 -1.147440788e+00 0.000000000e+00 0.000000000e+00 1.000000000e+00 0.000000000e+00
-9.671739913e-01 2.541150736e-01 0.000000000e+00 -8.644145741e+00 -2.541150736e-01 -9.671739913e-01 0.000000000e+00 -1.412173581e+00 0.000000000e+00 0.000000000e+00 1.000000000e+00 0.000000000e+00
-9.671739913e-01 2.541150736e-01 0.000000000e+00 -8.644145741e+00 -2.541150736e-01 -9.671739913e-01 0.000000000e+00 -1.412173581e+00 0.000000000e+00 0.000000000e+00 1.000000000e+00 0.000000000e+00
-9.671739913e-01 2.541150736e-01 0.000000000e+00 -8.644145741e+00 -2.541150736e-01 -9.671739913e-01 0.000000000e+00 -1.412173581e+00 0.000000000e+00 0.000000000e+00 1.000000000e+00 0.000000000e+00
-9.671739913e-01 2.541150736e-01 0.000000000e+00 -8.644145741e+00 -2.541150736e-01 -9.671739913e-01 0.000000000e+00 -1.412173581e+00 0.000000000e+00 0.000000000e+00 1.000000000e+00 0.000000000e+00
-9.671739913e-01 2.541150736e-01 0.000000000e+00 -8.644145741e+00 -2.541150736e-01 -9.671739913e-01 0.000000000e+00 -1.412173581e+00 0.000000000e+00 0.000000000e+00 1.000000000e+00 0.000000000e+00
-9.671739913e-01 2.541150736e-01 0.000000000e+00 -8.644145741e+00 -2.541150736e-01 -9.671739913e-01 0.000000000e+00 -1.412173581e+00 0.000000000e+00 0.000000000e+00 1.000000000e+00 0.000000000e+00
-9.671739913e-01 2.541150736e-01 0.000000000e+00 -8.644145741e+00 -2.541150736e-01 -9.671739913e-01 0.000000000e+00 -1.412173581e+00 0.000000000e+00 0.000000000e+00 1.000000000e+00 0.000000000e+00
-9.671739913e-01 2.541150736e-01 0.000000000e+00 -8.644145741e+00 -2.541150736e-01 -9.671739913e-01 0.000000000e+00 -1.412173581e+00 0.000000000e+00 0.000000000e+00 1.000000000e+00 0.000000000e+00
-9.671739913e-01 2.541150736e-01 0.000000000e+00 -8.644145741e+00 -2.541150736e-01 -9.671739913e-01 0.000000000e+00 -1.412173581e+00 0.000000000e+00 0.000000000e+00 1.000000000e+00 0.000000000e+00
-9.516234075e-01 3.072668064e-01 0.000000000e+00 -8.536464175e+00 -3.072668064e-01 -9.516234075e-01 0.000000000e+00 -1.676892012e+00 0.000000000e+00 0.000000000e+00 1.000000000e+00 0.000000000e+00
-9.313599727e-01 3.640997133e-01 0.000000000e+00 -8.423226840e+00 -3.640997133e-01 -9.313599727e-01 0.000000000e+00 -1.938595484e+00 0.000000000e+00 0.000000000e+00 1.000000000e+00 0.000000000e+00
-9.054333767e-01 4.244883985e-01 0.000000000e+00 -8.327571402e+00 -4.244883985e-01 -9.054333767e-01 0.000000000e+00 -2.207060300e+00 0.000000000e+00 0.000000000e+00 1.000000000e+00 0.000000000e+00
-8.767976482e-01 4.808595263e-01 0.000000000e+00 -8.210370904e+00 -4.808595263e-01 -8.767976482e-01 0.000000000e+00 -2.453970767e+00 0.000000000e+00 0.000000000e+00 1.000000000e+00 0.000000000e+00
-8.480561997e-01 5.299062956e-01 0.000000000e+00 -8.055632675e+00 -5.299062956e-01 -8.480561997e-01 0.000000000e+00 -2.681069579e+00 0.000000000e+00 0.000000000e+00 1.000000000e+00 0.000000000e+00
-8.121564669e-01 5.834396912e-01 0.000000000e+00 -7.885706121e+00 -5.834396912e-01 -8.121564669e-01 0.000000000e+00 -2.918731020e+00 0.000000000e+00 0.000000000e+00 1.000000000e+00 0.000000000e+00
-7.714441973e-01 6.362969829e-01 0.000000000e+00 -7.711401372e+00 -6.362969829e-01 -7.714441973e-01 0.000000000e+00 -3.142091822e+00 0.000000000e+00 0.000000000e+00 1.000000000e+00 0.000000000e+00
-7.311015004e-01 6.822687125e-01 0.000000000e+00 -7.509618658e+00 -6.822687125e-01 -7.311015004e-01 0.000000000e+00 -3.344851706e+00 0.000000000e+00 0.000000000e+00 1.000000000e+00 0.000000000e+00
-6.851720268e-01 7.283812832e-01 0.000000000e+00 -7.317003424e+00 -7.283812832e-01 -6.851720268e-01 0.000000000e+00 -3.558950514e+00 0.000000000e+00 0.000000000e+00 1.000000000e+00 0.000000000e+00
-6.332879221e-01 7.739162795e-01 0.000000000e+00 -7.102636120e+00 -7.739162795e-01 -6.332879221e-01 0.000000000e+00 -3.749846188e+00 0.000000000e+00 0.000000000e+00 1.000000000e+00 0.000000000e+00
-5.781073707e-01 8.159607025e-01 0.000000000e+00 -6.900279809e+00 -8.159607025e-01 -5.781073707e-01 0.000000000e+00 -3.916595444e+00 0.000000000e+00 0.000000000e+00 1.000000000e+00 0.000000000e+00
-5.217319500e-01 8.531094727e-01 0.000000000e+00 -6.669302440e+00 -8.531094727e-01 -5.217319500e-01 0.000000000e+00 -4.069755967e+00 0.000000000e+00 0.000000000e+00 1.000000000e+00 0.000000000e+00
-5.217319500e-01 8.531094727e-01 0.000000000e+00 -6.669302440e+00 -8.531094727e-01 -5.217319500e-01 0.000000000e+00 -4.069755967e+00 0.000000000e+00 0.000000000e+00 1.000000000e+00 0.000000000e+00
-5.217319500e-01 8.531094727e-01 0.000000000e+00 -6.669302440e+00 -8.531094727e-01 -5.217319500e-01 0.000000000e+00 -4.069755967e+00 0.000000000e+00 0.000000000e+00 1.000000000e+00 0.000000000e+00
-4.718681950e-01 8.816691026e-01 0.000000000e+00 -6.426149664e+00 -8.816691026e-01 -4.718681950e-01 0.000000000e+00 -4.215988127e+00 0.000000000e+00 0.000000000e+00 1.000000000e+00 0.000000000e+00
-4.160126407e-01 9.093588306e-01 0.000000000e+00 -6.162595757e+00 -9.093588306e-01 -4.160126407e-01 0.000000000e+00 -4.324450345e+00 0.000000000e+00 0.000000000e+00 1.000000000e+00 0.000000000e+00
-3.494480615e-01 9.369557366e-01 0.000000000e+00 -5.895419760e+00 -9.369557366e-01 -3.494480615e-01 0.000000000e+00 -4.429920576e+00 0.000000000e+00 0.000000000e+00 1.000000000e+00 0.000000000e+00
-2.882188305e-01 9.575645700e-01 0.000000000e+00 -5.624862405e+00 -9.575645700e-01 -2.882188305e-01 0.000000000e+00 -4.516079925e+00 0.000000000e+00 0.000000000e+00 1.000000000e+00 0.000000000e+00
-2.273813350e-01 9.738057961e-01 0.000000000e+00 -5.351150846e+00 -9.738057961e-01 -2.273813350e-01 0.000000000e+00 -4.590274323e+00 0.000000000e+00 0.000000000e+00 1.000000000e+00 0.000000000e+00
-1.651075991e-01 9.862755602e-01 0.000000000e+00 -5.077811190e+00 -9.862755602e-01 -1.651075991e-01 0.000000000e+00 -4.640643268e+00 0.000000000e+00 0.000000000e+00 1.000000000e+00 0.000000000e+00
-1.651075991e-01 9.862755602e-01 0.000000000e+00 -5.077811190e+00 -9.862755602e-01 -1.651075991e-01 0.000000000e+00 -4.640643268e+00 0.000000000e+00 0.000000000e+00 1.000000000e+00 0.000000000e+00
-1.651075991e-01 9.862755602e-01 0.000000000e+00 -5.077811190e+00 -9.862755602e-01 -1.651075991e-01 0.000000000e+00 -4.640643268e+00 0.000000000e+00 0.000000000e+00 1.000000000e+00 0.000000000e+00
-1.651075991e-01 9.862755602e-01 0.000000000e+00 -5.077811190e+00 -9.862755602e-01 -1.651075991e-01 0.000000000e+00 -4.640643268e+00 0.000000000e+00 0.000000000e+00 1.000000000e+00 0.000000000e+00
