1.000000000e+00 0.000000000e+00 0.000000000e+00 0.000000000e+00 0.000000000e+00 1.000000000e+00 0.000000000e+00 0.000000000e+00 0.000000000e+00 0.000000000e+00 1.000000000e+00 0.000000000e+00
1.000000000e+00 0.000000000e+00 0.000000000e+00 0.000000000e+00 0.000000000e+00 1.000000000e+00 0.000000000e+00 0.000000000e+00 0.000000000e+00 0.000000000e+00 1.000000000e+00 0.000000000e+00
1.000000000e+00 0.000000000e+00 0.000000000e+00 0.000000000e+00 0.000000000e+00 1.000000000e+00 0.000000000e+00 0.000000000e+00 0.000000000e+00 0.000000000e+00 1.000000000e+00 0.000000000e+00
1.000000000e+00 0.000000000e+00 0.000000000e+00 0.000000000e+00 0.000000000e+00 1.000000000e+00 0.000000000e+00 0.000000000e+00 0.000000000e+00 0.000000000e+00 1.000000000e+00 0.000000000e+00
1.000000000e+00 0.000000000e+00 0.000000000e+00 0.000000000e+00 0.000000000e+00 1.000000000e+00 0.000000000e+00 0.000000000e+00 0.000000000e+00 0.000000000e+00 1.000000000e+00 0.000000000e+00
1.000000000e+00 0.000000000e+00 0.000000000e+00 0.000000000e+00 0.000000000e+00 1.000000000e+00 0.000000000e+00 0.000000000e+00 0.000000000e+00 0.000000000e+00 1.000000000e+00 0.000000000e+00
1.000000000e+00 0.000000000e+00 0.000000000e+00 0.000000000e+00 0.000000000e+00 1.000000000e+00 0.000000000e+00 0.000000000e+00 0.000000000e+00 0.000000000e+00 1.000000000e+00 0.000000000e+00
1.000000000e+00 0.000000000e+00 0.000000000e+00 0.000000000e+00 0.000000000e+00 1.000000000e+00 0.000000000e+00 0.000000000e+00 0.000000000e+00 0.000000000e+00 1.000000000e+00 0.000000000e+00
1.000000000e+00 0.000000000e+00 0.000000000e+00 0.000000000e+00 0.000000000e+00 1.000000000e+00 0.000000000e+00 0.000000000e+00 0.000000000e+00 0.000000000e+00 1.000000000e+00 0.000000000e+00
1.000000000e+00 0.000000000e+00 0.000000000e+00 0.000000000e+00 0.000000000e+00 1.000000000e+00 0.000000000e+00 0.000000000e+00 0.000000000e+00 0.000000000e+00 1.000000000e+00 0.000000000e+00
1.000000000e+00 0.000000000e+00 0.000000000e+00 0.000000000e+00 0.000000000e+00 1.000000000e+00 0.000000000e+00 0.000000000e+00 0.000000000e+00 0.000000000e+00 1.000000000e+00 0.000000000e+00
1.000000000e+00 0.000000000e+00 0.000000000e+00 0.000000000e+00 0.000000000e+00 1.000000000e+00 0.000000000e+00 0.000000000e+00 0.000000000e+00 0.000000000e+00 1.000000000e+00 0.000000000e+00
9.999536891e-01 -9.623908585e-03 0.000000000e+00 -7.226459479e-03 9.623908585e-03 9.999536891e-01 0.000000000e+00 3.469046744e-01 0.000000000e+00 0.000000000e+00 1.000000000e+00 0.000000000e+00
9.997324050e-01 -2.313262780e-02 0.000000000e+00 -2.612367075e-02 2.313262780e-02 9.997324050e-01 0.000000000e+00 6.822356065e-01 0.000000000e+00 0.000000000e+00 1.000000000e+00 0.000000000e+00
9.995232079e-01 -3.087647795e-02 0.000000000e+00 -3.218811564e-02 3.087647795e-02 9.995232079e-01 0.000000000e+00 1.036841353e+00 0.000000000e+00 0.000000000e+00 1.000000000e+00 0.000000000e+00
9.999381036e-01 -1.112604971e-02 0.000000000e+00 -4.746387046e-02 1.112604971e-02 9.999381036e-01 0.000000000e+00 1.386081918e+00 0.000000000e+00 0.000000000e+00 1.000000000e+00 0.000000000e+00
9.999318625e-01 1.167349037e-02 0.000000000e+00 -3.709305150e-02 -1.167349037e-02 9.999318625e-01 0.000000000e+00 1.738463333e+00 0.000000000e+00 0.000000000e+00 1.000000000e+00 0.000000000e+00
9.999318625e-01 1.167349037e-02 0.000000000e+00 -3.709305150e-02 -1.167349037e-02 9.999318625e-01 0.000000000e+00 1.738463333e+00 0.000000000e+00 0.000000000e+00 1.000000000e+00 0.000000000e+00
9.999318625e-01 1.167349037e-02 0.000000000e+00 -3.709305150e-02 -1.167349037e-02 9.999318625e-01 0.000000000e+00 1.738463333e+00 0.000000000e+00 0.000000000e+00 1.000000000e+00 0.000000000e+00
9.999318625e-01 1.167349037e-02 0.000000000e+00 -3.709305150e-02 -1.167349037e-02 9.999318625e-01 0.000000000e+00 1.738463333e+00 0.000000000e+00 0.000000000e+00 1.000000000e+00 0.000000000e+00
9.999318625e-01 1.167349037e-02 0.000000000e+00 -3.709305150e-02 -1.167349037e-02 9.999318625e-01 0.000000000e+00 1.738463333e+00 0.000000000e+00 0.000000000e+00 1.000000000e+00 0.000000000e+00
9.999318625e-01 1.167349037e-02 0.000000000e+00 -3.709305150e-02 -1.167349037e-02 9.999318625e-01 0.000000000e+00 1.738463333e+00 0.000000000e+00 0.000000000e+00 1.000000000e+00 0.000000000e+00
9.942838330e-01 1.067691880e-01 0.000000000e+00 -9.965166764e-03 -1.067691880e-01 9.942838330e-01 0.000000000e+00 2.080654480e+00 0.000000000e+00 0.000000000e+00 1.000000000e+00 0.000000000e+00
9.780443632e-01 2.083967937e-01 0.000000000e+00 6.092895854e-02 -2.083967937e-01 9.780443632e-01 0.000000000e+00 2.426183547e+00 0.000000000e+00 0.000000000e+00 1.000000000e+00 0.000000000e+00
9.551614372e-01 2.960855093e-01 0.000000000e+00 1.527687210e-01 -2.960855093e-01 9.551614372e-01 0.000000000e+00 2.761893590e+00 0.000000000e+00 0.000000000e+00 1.000000000e+00 0.000000000e+00
9.271561770e-01 3.746750904e-01 0.000000000e+00 2.998020382e-01 -3.746750904e-01 9.271561770e-01 0.000000000e+00 3.088548009e+00 0.000000000e+00 0.000000000e+00 1.000000000e+00 0.000000000e+00
8.973602214e-01 4.412988025e-01 0.000000000e+00 4.532074169e-01 -4.412988025e-01 8.973602214e-01 0.000000000e+00 3.388587848e+00 0.000000000e+00 0.000000000e+00 1.000000000e+00 0.000000000e+00
8.638651432e-01 5.037231526e-01 0.000000000e+00 6.330767008e-01 -5.037231526e-01 8.638651432e-01 0.000000000e+00 3.685563148e+00 0.000000000e+00 0.000000000e+00 1.000000000e+00 0.000000000e+00
8.284753850e-01 5.600254784e-01 0.000000000e+00 8.209591735e-01 -5.600254784e-01 8.284753850e-01 0.000000000e+00 3.992740980e+00 0.000000000e+00 0.000000000e+00 1.000000000e+00 0.000000000e+00
7.920338538e-01 6.104771695e-01 0.000000000e+00 1.042944042e+00 -6.104771695e-01 7.920338538e-01 0.000000000e+00 4.295673021e+00 0.000000000e+00 0.000000000e+00 1.000000000e+00 0.000000000e+00
7.920338538e-01 6.104771695e-01 0.000000000e+00 1.042944042e+00 -6.104771695e-01 7.920338538e-01 0.000000000e+00 4.295673021e+00 0.000000000e+00 0.000000000e+00 1.000000000e+00 0.000000000e+00
7.920338538e-01 6.104771695e-01 0.000000000e+00 1.042944042e+00 -6.104771695e-01 7.920338538e-01 0.000000000e+00 4.295673021e+00 0.000000000e+00 0.000000000e+00 1.000000000e+00 0.000000000e+00
7.920338538e-01 6.104771695e-01 0.000000000e+00 1.042944042e+00 -6.104771695e-01 7.920338538e-01 0.000000000e+00 4.295673021e+00 0.000000000e+00 0.000000000e+00 1.000000000e+00 0.000000000e+00
7.920338538e-01 6.104771695e-01 0.000000000e+00 1.042944042e+00 -6.104771695e-01 7.920338538e-01 0.000000000e+00 4.295673021e+00 0.000000000e+00 0.000000000e+00 1.000000000e+00 0.000000000e+00
8.144379359e-01 5.802506773e-01 0.000000000e+00 1.246164253e+00 -5.802506773e-01 8.144379359e-01 0.000000000e+00 4.561960400e+00 0.000000000e+00 0.000000000e+00 1.000000000e+00 0.000000000e+00
8.144379359e-01 5.802506773e-01 0.000000000e+00 1.246164253e+00 -5.802506773e-01 8.144379359e-01 0.000000000e+00 4.561960400e+00 0.000000000e+00 0.000000000e+00 1.000000000e+00 0.000000000e+00
8.144379359e-01 5.802506773e-01 0.000000000e+00 1.246164253e+00 -5.802506773e-01 8.144379359e-01 0.000000000e+00 4.561960400e+00 0.000000000e+00 0.000000000e+00 1.000000000e+00 0.000000000e+00
8.144379359e-01 5.802506773e-01 0.000000000e+00 1.246164253e+00 -5.802506773e-01 8.144379359e-01 0.000000000e+00 4.561960400e+00 0.000000000e+00 0.000000000e+00 1.000000000e+00 0.000000000e+00
8.144379359e-01 5.802506773e-01 0.000000000e+00 1.246164253e+00 -5.802506773e-01 8.144379359e-01 0.000000000e+00 4.561960400e+00 0.000000000e+00 0.000000000e+00 1.000000000e+00 0.000000000e+00
8.303102973e-01 5.573013639e-01 0.000000000e+00 1.446397057e+00 -5.573013639e-01 8.303102973e-01 0.000000000e+00 4.821999291e+00 0.000000000e+00 0.000000000e+00 1.000000000e+00 0.000000000e+00
8.303102973e-01 5.573013639e-01 0.000000000e+00 1.446397057e+00 -5.573013639e-01 8.303102973e-01 0.000000000e+00 4.821999291e+00 0.000000000e+00 0.000000000e+00 1.000000000e+00 0.000000000e+00
7.951365268e-01 6.064304607e-01 0.000000000e+00 1.658727465e+00 -6.064304607e-01 7.951365268e-01 0.000000000e+00 5.103980059e+00 0.000000000e+00 0.000000000e+00 1.000000000e+00 0.000000000e+00
7.559719737e-01 6.546039833e-01 0.000000000e+00 1.885073076e+00 -6.546039833e-01 7.559719737e-01 0.000000000e+00 5.372888785e+00 0.000000000e+00 0.000000000e+00 1.000000000e+00 0.000000000e+00
7.127860575e-01 7.013815197e-01 0.000000000e+00 2.124116263e+00 -7.013815197e-01 7.127860575e-01 0.000000000e+00 5.614606918e+00 0.000000000e+00 0.000000000e+00 1.000000000e+00 0.000000000e+00
7.127860575e-01 7.013815197e-01 0.000000000e+00 2.124116263e+00 -7.013815197e-01 7.127860575e-01 0.000000000e+00 5.614606918e+00 0.000000000e+00 0.000000000e+00 1.000000000e+00 0.000000000e+00
7.127860575e-01 7.013815197e-01 0.000000000e+00 2.124116263e+00 -7.013815197e-01 7.127860575e-01 0.000000000e+00 5.614606918e+00 0.000000000e+00 0.000000000e+00 1.000000000e+00 0.000000000e+00
6.602924357e-01 7.510085881e-01 0.000000000e+00 2.392948397e+00 -7.510085881e-01 6.602924357e-01 0.000000000e+00 5.846510986e+00 0.000000000e+00 0.000000000e+00 1.000000000e+00 0.000000000e+00
6.061312595e-01 7.953646310e-01 0.000000000e+00 2.686670034e+00 -7.953646310e-01 6.061312595e-01 0.000000000e+00 6.050903363e+00 0.000000000e+00 0.000000000e+00 1.000000000e+00 0.000000000e+00
5.386237722e-01 8.425463976e-01 0.000000000e+00 2.946171583e+00 -8.425463976e-01 5.386237722e-01 0.000000000e+00 6.253032932e+00 0.000000000e+00 0.000000000e+00 1.000000000e+00 0.000000000e+00
5.050126214e-01 8.631119581e-01 0.000000000e+00 3.252921121e+00 -8.631119581e-01 5.050126214e-01 0.000000000e+00 6.425499056e+00 0.000000000e+00 0.000000000e+00 1.000000000e+00 0.000000000e+00
5.050126214e-01 8.631119581e-01 0.000000000e+00 3.252921121e+00 -8.631119581e-01 5.050126214e-01 0.000000000e+00 6.425499056e+00 0.000000000e+00 0.000000000e+00 1.000000000e+00 0.000000000e+00
5.050126214e-01 8.631119581e-01 0.000000000e+00 3.252921121e+00 -8.631119581e-01 5.050126214e-01 0.000000000e+00 6.425499056e+00 0.000000000e+00 0.000000000e+00 1.000000000e+00 0.000000000e+00
5.050126214e-01 8.631119581e-01 0.000000000e+00 3.252921121e+00 -8.631119581e-01 5.050126214e-01 0.000000000e+00 6.425499056e+00 0.000000000e+00 0.000000000e+00 1.000000000e+00 0.000000000e+00
5.050126214e-01 8.631119581e-01 0.000000000e+00 3.252921121e+00 -8.631119581e-01 5.050126214e-01 0.000000000e+00 6.425499056e+00 0.000000000e+00 0.000000000e+00 1.000000000e+00 0.000000000e+00
4.764754731e-01 8.791877636e-01 0.000000000e+00 3.549981535e+00 -8.791877636e-01 4.764754731e-01 0.000000000e+00 6.601338103e+00 0.000000000e+00 0.000000000e+00 1.000000000e+00 0.000000000e+00
4.586040113e-01 8.886407378e-01 0.000000000e+00 3.833294089e+00 -8.886407378e-01 4.586040113e-01 0.000000000e+00 6.774084664e+00 0.000000000e+00 0.000000000e+00 1.000000000e+00 0.000000000e+00
4.364767995e-01 8.997155125e-01 0.000000000e+00 4.192277562e+00 -8.997155125e-01 4.364767995e-01 0.000000000e+00 6.923143255e+00 0.000000000e+00 0.000000000e+00 1.000000000e+00 0.000000000e+00
3.978727034e-01 9.174406312e-01 0.000000000e+00 4.513550352e+00 -9.174406312e-01 3.978727034e-01 0.000000000e+00 7.065602907e+00 0.000000000e+00 0.000000000e+00 1.000000000e+00 0.000000000e+00
3.602276962e-01 9.328644097e-01 0.000000000e+00 4.841675231e+00 -9.328644097e-01 3.602276962e-01 0.000000000e+00 7.177490218e+00 0.000000000e+00 0.000000000e+00 1.000000000e+00 0.000000000e+00
3.602276962e-01 9.328644097e-01 0.000000000e+00 4.841675231e+00 -9.328644097e-01 3.602276962e-01 0.000000000e+00 7.177490218e+00 0.000000000e+00 0.000000000e+00 1.000000000e+00 0.000000000e+00
3.622059314e-01 9.320980974e-01 0.000000000e+00 5.176473966e+00 -9.320980974e-01 3.622059314e-01 0.000000000e+00 7.293008140e+00 0.000000000e+00 0.000000000e+00 1.000000000e+00 0.000000000e+00
3.868885919e-01 9.221264650e-01 0.000000000e+00 5.499235293e+00 -9.221264650e-01 3.868885919e-01 0.000000000e+00 7.419338976e+00 0.000000000e+00 0.000000000e+00 1.000000000e+00 0.000000000e+00
4.015423932e-01 9.158404372e-01 0.000000000e+00 5.792844910e+00 -9.158404372e-01 4.015423932e-01 0.000000000e+00 7.512930626e+00 0.000000000e+00 0.000000000e+00 1.000000000e+00 0.000000000e+00
3.908664882e-01 9.204473849e-01 0.000000000e+00 6.123367231e+00 -9.204473849e-01 3.908664882e-01 0.000000000e+00 7.641182146e+00 0.000000000e+00 0.000000000e+00 1.000000000e+00 0.000000000e+00
3.786278858e-01 9.255489852e-01 0.000000000e+00 6.441377108e+00 -9.255489852e-01 3.786278858e-01 0.000000000e+00 7.787192103e+00 0.000000000e+00 0.000000000e+00 1.000000000e+00 0.000000000e+00
3.786278858e-01 9.255489852e-01 0.000000000e+00 6.441377108e+00 -9.255489852e-01 3.786278858e-01 0.000000000e+00 7.787192103e+00 0.000000000e+00 0.000000000e+00 1.000000000e+00 0.000000000e+00
3.786278858e-01 9.255489852e-01 0.000000000e+00 6.441377108e+00 -9.255489852e-01 3.786278858e-01 0.000000000e+00 7.787192103e+00 0.000000000e+00 0.000000000e+00 1.000000000e+00 0.000000000e+00
3.786278858e-01 9.255489852e-01 0.000000000e+00 6.441377108e+00 -9.255489852e-01 3.786278858e-01 0.000000000e+00 7.787192103e+00 0.000000000e+00 0.000000000e+00 1.000000000e+00 0.000000000e+00
4.087881191e-01 9.126293189e-01 0.000000000e+00 6.768492215e+00 -9.126293189e-01 4.087881191e-01 0.000000000e+00 7.908473606e+00 0.000000000e+00 0.000000000e+00 1.000000000e+00 0.000000000e+00
4.473348034e-01 8.943665768e-01 0.000000000e+00 7.095067033e+00 -8.943665768e-01 4.473348034e-01 0.000000000e+00 8.029589471e+00 0.000000000e+00 0.000000000e+00 1.000000000e+00 0.000000000e+00
4.653503884e-01 8.851265537e-01 0.000000000e+00 7.409386893e+00 -8.851265537e-01 4.653503884e-01 0.000000000e+00 8.207170064e+00 0.000000000e+00 0.000000000e+00 1.000000000e+00 0.000000000e+00
5.061416040e-01 8.624503909e-01 0.000000000e+00 7.709399102e+00 -8.624503909e-01 5.061416040e-01 0.000000000e+00 8.370876575e+00 0.000000000e+00 0.000000000e+00 1.000000000e+00 0.000000000e+00
5.450587702e-01 8.383978394e-01 0.000000000e+00 8.004581210e+00 -8.383978394e-01 5.450587702e-01 0.000000000e+00 8.564547127e+00 0.000000000e+00 0.000000000e+00 1.000000000e+00 0.000000000e+00
5.450587702e-01 8.383978394e-01 0.000000000e+00 8.004581210e+00 -8.383978394e-01 5.450587702e-01 0.000000000e+00 8.564547127e+00 0.000000000e+00 0.000000000e+00 1.000000000e+00 0.000000000e+00
5.450587702e-01 8.383978394e-01 0.000000000e+00 8.004581210e+00 -8.383978394e-01 5.450587702e-01 0.000000000e+00 8.564547127e+00 0.000000000e+00 0.000000000e+00 1.000000000e+00 0.000000000e+00
5.450587702e-01 8.383978394e-01 0.000000000e+00 8.004581210e+00 -8.383978394e-01 5.450587702e-01 0.000000000e+00 8.564547127e+00 0.000000000e+00 0.000000000e+00 1.000000000e+00 0.000000000e+00
5.450587702e-01 8.383978394e-01 0.000000000e+00 8.004581210e+00 -8.383978394e-01 5.450587702e-01 0.000000000e+00 8.564547127e+00 0.000000000e+00 0.000000000e+00 1.000000000e+00 0.000000000e+00
5.450587702e-01 8.383978394e-01 0.000000000e+00 8.004581210e+00 -8.383978394e-01 5.450587702e-01 0.000000000e+00 8.564547127e+00 0.000000000e+00 0.000000000e+00 1.000000000e+00 0.000000000e+00
5.630387983e-01 8.264304639e-01 0.000000000e+00 8.277220075e+00 -8.264304639e-01 5.630387983e-01 0.000000000e+00 8.764705608e+00 0.000000000e+00 0.000000000e+00 1.000000000e+00 0.000000000e+00
5.630387983e-01 8.264304639e-01 0.000000000e+00 8.277220075e+00 -8.264304639e-01 5.630387983e-01 0.000000000e+00 8.764705608e+00 0.000000000e+00 0.000000000e+00 1.000000000e+00 0.000000000e+00
5.630387983e-01 8.264304639e-01 0.000000000e+00 8.277220075e+00 -8.264304639e-01 5.630387983e-01 0.000000000e+00 8.764705608e+00 0.000000000e+00 0.000000000e+00 1.000000000e+00 0.000000000e+00
5.630387983e-01 8.264304639e-01 0.000000000e+00 8.277220075e+00 -8.264304639e-01 5.630387983e-01 0.000000000e+00 8.764705608e+00 0.000000000e+00 0.000000000e+00 1.000000000e+00 0.000000000e+00
5.630387983e-01 8.264304639e-01 0.000000000e+00 8.277220075e+00 -8.264304639e-01 5.630387983e-01 0.000000000e+00 8.764705608e+00 0.000000000e+00 0.000000000e+00 1.000000000e+00 0.000000000e+00
5.630387983e-01 8.264304639e-01 0.000000000e+00 8.277220075e+00 -8.264304639e-01 5.630387983e-01 0.000000000e+00 8.764705608e+00 0.000000000e+00 0.000000000e+00 1.000000000e+00 0.000000000e+00
5.630387983e-01 8.264304639e-01 0.000000000e+00 8.277220075e+00 -8.264304639e-01 5.630387983e-01 0.000000000e+00 8.764705608e+00 0.000000000e+00 0.000000000e+00 1.000000000e+00 0.000000000e+00
5.630387983e-01 8.264304639e-01 0.000000000e+00 8.277220075e+00 -8.264304639e-01 5.630387983e-01 0.000000000e+00 8.764705608e+00 0.000000000e+00 0.000000000e+00 1.000000000e+00 0.000000000e+00
5.630387983e-01 8.264304639e-01 0.000000000e+00 8.277220075e+00 -8.264304639e-01 5.630387983e-01 0.000000000e+00 8.764705608e+00 0.000000000e+00 0.000000000e+00 1.000000000e+00 0.000000000e+00
5.630387983e-01 8.264304639e-01 0.000000000e+00 8.277220075e+00 -8.264304639e-01 5.630387983e-01 0.000000000e+00 8.764705608e+00 0.000000000e+00 0.000000000e+00 1.000000000e+00 0.000000000e+00
5.630387983e-01 8.264304639e-01 0.000000000e+00 8.277220075e+00 -8.264304639e-01 5.630387983e-01 0.000000000e+00 8.764705608e+00 0.000000000e+00 0.000000000e+00 1.000000000e+00 0.000000000e+00
5.354919827e-01 8.445403107e-01 0.000000000e+00 8.568191567e+00 -8.445403107e-01 5.354919827e-01 0.000000000e+00 8.945939109e+00 0.000000000e+00 0.000000000e+00 1.000000000e+00 0.000000000e+00
4.934757783e-01 8.697595393e-01 0.000000000e+00 8.857576716e+00 -8.697595393e-01 4.934757783e-01 0.000000000e+00 9.128123970e+00 0.000000000e+00 0.000000000e+00 1.000000000e+00 0.000000000e+00
4.522811672e-01 8.918754094e-01 0.000000000e+00 9.120333933e+00 -8.918754094e-01 4.522811672e-01 0.000000000e+00 9.328063208e+00 0.000000000e+00 0.000000000e+00 1.000000000e+00 0.000000000e+00
4.042845261e-01 9.146332718e-01 0.000000000e+00 9.470723001e+00 -9.146332718e-01 4.042845261e-01 0.000000000e+00 9.450191372e+00 0.000000000e+00 0.000000000e+00 1.000000000e+00 0.000000000e+00
3.702066807e-01 9.289494139e-01 0.000000000e+00 9.808148531e+00 -9.289494139e-01 3.702066807e-01 0.000000000e+00 9.560822677e+00 0.000000000e+00 0.000000000e+00 1.000000000e+00 0.000000000e+00
3.585061529e-01 9.335273635e-01 0.000000000e+00 1.012473401e+01 -9.335273635e-01 3.585061529e-01 0.000000000e+00 9.699569737e+00 0.000000000e+00 0.000000000e+00 1.000000000e+00 0.000000000e+00
3.776894666e-01 9.259323230e-01 0.000000000e+00 1.045756651e+01 -9.259323230e-01 3.776894666e-01 0.000000000e+00 9.827384770e+00 0.000000000e+00 0.000000000e+00 1.000000000e+00 0.000000000e+00
4.351958020e-01 9.003358340e-01 0.000000000e+00 1.078993697e+01 -9.003358340e-01 4.351958020e-01 0.000000000e+00 9.979211614e+00 0.000000000e+00 0.000000000e+00 1.000000000e+00 0.000000000e+00
4.853094447e-01 8.743424632e-01 0.000000000e+00 1.108354555e+01 -8.743424632e-01 4.853094447e-01 0.000000000e+00 1.016582483e+01 0.000000000e+00 0.000000000e+00 1.000000000e+00 0.000000000e+00
5.264797395e-01 8.501876757e-01 0.000000000e+00 1.136490209e+01 -8.501876757e-01 5.264797395e-01 0.000000000e+00 1.034483068e+01 0.000000000e+00 0.000000000e+00 1.000000000e+00 0.000000000e+00
5.451727785e-01 8.383237093e-01 0.000000000e+00 1.162763365e+01 -8.383237093e-01 5.451727785e-01 0.000000000e+00 1.053662764e+01 0.000000000e+00 0.000000000e+00 1.000000000e+00 0.000000000e+00
5.689430531e-01 8.223769223e-01 0.000000000e+00 1.192181789e+01 -8.223769223e-01 5.689430531e-01 0.000000000e+00 1.073685027e+01 0.000000000e+00 0.000000000e+00 1.000000000e+00 0.000000000e+00
