1.000000000e+00 0.000000000e+00 0.000000000e+00 0.000000000e+00 0.000000000e+00 1.000000000e+00 0.000000000e+00 0.000000000e+00 0.000000000e+00 0.000000000e+00 1.000000000e+00 0.000000000e+00
1.000000000e+00 0.000000000e+00 0.000000000e+00 0.000000000e+00 0.000000000e+00 1.000000000e+00 0.000000000e+00 0.000000000e+00 0.000000000e+00 0.000000000e+00 1.000000000e+00 0.000000000e+00
1.000000000e+00 0.000000000e+00 0.000000000e+00 0.000000000e+00 0.000000000e+00 1.000000000e+00 0.000000000e+00 0.000000000e+00 0.000000000e+00 0.000000000e+00 1.000000000e+00 0.000000000e+00
1.000000000e+00 0.000000000e+00 0.000000000e+00 0.000000000e+00 0.000000000e+00 1.000000000e+00 0.000000000e+00 0.000000000e+00 0.000000000e+00 0.000000000e+00 1.000000000e+00 0.000000000e+00
1.000000000e+00 0.000000000e+00 0.000000000e+00 0.000000000e+00 0.000000000e+00 1.000000000e+00 0.000000000e+00 0.000000000e+00 0.000000000e+00 0.000000000e+00 1.000000000e+00 0.000000000e+00
1.000000000e+00 0.000000000e+00 0.000000000e+00 0.000000000e+00 0.000000000e+00 1.000000000e+00 0.000000000e+00 0.000000000e+00 0.000000000e+00 0.000000000e+00 1.000000000e+00 0.000000000e+00
1.000000000e+00 0.000000000e+00 0.000000000e+00 0.000000000e+00 0.000000000e+00 1.000000000e+00 0.000000000e+00 0.000000000e+00 0.000000000e+00 0.000000000e+00 1.000000000e+00 0.000000000e+00
1.000000000e+00 0.000000000e+00 0.000000000e+00 0.000000000e+00 0.000000000e+00 1.000000000e+00 0.000000000e+00 0.000000000e+00 0.000000000e+00 0.000000000e+00 1.000000000e+00 0.000000000e+00
1.000000000e+00 0.000000000e+00 0.000000000e+00 0.000000000e+00 0.000000000e+00 1.000000000e+00 0.000000000e+00 0.000000000e+00 0.000000000e+00 0.000000000e+00 1.000000000e+00 0.000000000e+00
1.000000000e+00 0.000000000e+00 0.000000000e+00 0.000000000e+00 0.000000000e+00 1.000000000e+00 0.000000000e+00 0.000000000e+00 0.000000000e+00 0.000000000e+00 1.000000000e+00 0.000000000e+00
1.000000000e+00 0.000000000e+00 0.000000000e+00 0.000000000e+00 0.000000000e+00 1.000000000e+00 0.000000000e+00 0.000000000e+00 0.000000000e+00 0.000000000e+00 1.000000000e+00 0.000000000e+00
1.000000000e+00 0.000000000e+00 0.000000000e+00 0.000000000e+00 0.000000000e+00 1.000000000e+00 0.000000000e+00 0.000000000e+00 0.000000000e+00 0.000000000e+00 1.000000000e+00 0.000000000e+00
1.000000000e+00 0.000000000e+00 0.000000000e+00 0.000000000e+00 0.000000000e+00 1.000000000e+00 0.000000000e+00 0.000000000e+00 0.000000000e+00 0.000000000e+00 1.000000000e+00 0.000000000e+00
1.000000000e+00 0.000000000e+00 0.000000000e+00 0.000000000e+00 0.000000000e+00 1.000000000e+00 0.000000000e+00 0.000000000e+00 0.000000000e+00 0.000000000e+00 1.000000000e+00 0.000000000e+00
1.000000000e+00 0.000000000e+00 0.000000000e+00 0.000000000e+00 0.000000000e+00 1.000000000e+00 0.000000000e+00 0.000000000e+00 0.000000000e+00 0.000000000e+00 1.000000000e+00 0.000000000e+00
1.000000000e+00 0.000000000e+00 0.000000000e+00 0.000000000e+00 0.000000000e+00 1.000000000e+00 0.000000000e+00 0.000000000e+00 0.000000000e+00 0.000000000e+00 1.000000000e+00 0.000000000e+00
1.000000000e+00 0.000000000e+00 0.000000000e+00 0.000000000e+00 0.000000000e+00 1.000000000e+00 0.000000000e+00 0.000000000e+00 0.000000000e+00 0.000000000e+00 1.000000000e+00 0.000000000e+00
1.000000000e+00 0.000000000e+00 0.000000000e+00 0.000000000e+00 0.000000000e+00 1.000000000e+00 0.000000000e+00 0.000000000e+00 0.000000000e+00 0.000000000e+00 1.000000000e+00 0.000000000e+00
1.000000000e+00 0.000000000e+00 0.000000000e+00 0.000000000e+00 0.000000000e+00 1.000000000e+00 0.000000000e+00 0.000000000e+00 0.000000000e+00 0.000000000e+00 1.000000000e+00 0.000000000e+00
1.000000000e+00 0.000000000e+00 0.000000000e+00 0.000000000e+00 0.000000000e+00 1.000000000e+00 0.000000000e+00 0.000000000e+00 0.000000000e+00 0.000000000e+00 1.000000000e+00 0.000000000e+00
1.000000000e+00 0.000000000e+00 0.000000000e+00 0.000000000e+00 0.000000000e+00 1.000000000e+00 0.000000000e+00 0.000000000e+00 0.000000000e+00 0.000000000e+00 1.000000000e+00 0.000000000e+00
1.000000000e+00 0.000000000e+00 0.000000000e+00 0.000000000e+00 0.000000000e+00 1.000000000e+00 0.000000000e+00 0.000000000e+00 0.000000000e+00 0.000000000e+00 1.000000000e+00 0.000000000e+00
1.000000000e+00 0.000000000e+00 0.000000000e+00 0.000000000e+00 0.000000000e+00 1.000000000e+00 0.000000000e+00 0.000000000e+00 0.000000000e+00 0.000000000e+00 1.000000000e+00 0.000000000e+00
1.000000000e+00 0.000000000e+00 0.000000000e+00 0.000000000e+00 0.000000000e+00 1.000000000e+00 0.000000000e+00 0.000000000e+00 0.000000000e+00 0.000000000e+00 1.000000000e+00 0.000000000e+00
1.000000000e+00 0.000000000e+00 0.000000000e+00 0.000000000e+00 0.000000000e+00 1.000000000e+00 0.000000000e+00 0.000000000e+00 0.000000000e+00 0.000000000e+00 1.000000000e+00 0.000000000e+00
1.000000000e+00 0.000000000e+00 0.000000000e+00 0.000000000e+00 0.000000000e+00 1.000000000e+00 0.000000000e+00 0.000000000e+00 0.000000000e+00 0.000000000e+00 1.000000000e+00 0.000000000e+00
1.000000000e+00 0.000000000e+00 0.000000000e+00 0.000000000e+00 0.000000000e+00 1.000000000e+00 0.000000000e+00 0.000000000e+00 0.000000000e+00 0.000000000e+00 1.000000000e+00 0.000000000e+00
1.000000000e+00 0.000000000e+00 0.000000000e+00 0.000000000e+00 0.000000000e+00 1.000000000e+00 0.000000000e+00 0.000000000e+00 0.000000000e+00 0.000000000e+00 1.000000000e+00 0.000000000e+00
1.000000000e+00 0.000000000e+00 0.000000000e+00 0.000000000e+00 0.000000000e+00 1.000000000e+00 0.000000000e+00 0.000000000e+00 0.000000000e+00 0.000000000e+00 1.000000000e+00 0.000000000e+00
1.000000000e+00 0.000000000e+00 0.000000000e+00 0.000000000e+00 0.000000000e+00 1.000000000e+00 0.000000000e+00 0.000000000e+00 0.000000000e+00 0.000000000e+00 1.000000000e+00 0.000000000e+00
1.000000000e+00 0.000000000e+00 0.000000000e+00 0.000000000e+00 0.000000000e+00 1.000000000e+00 0.000000000e+00 0.000000000e+00 0.000000000e+00 0.000000000e+00 1.000000000e+00 0.000000000e+00
1.000000000e+00 0.000000000e+00 0.000000000e+00 0.000000000e+00 0.000000000e+00 1.000000000e+00 0.000000000e+00 0.000000000e+00 0.000000000e+00 0.000000000e+00 1.000000000e+00 0.000000000e+00
1.000000000e+00 0.000000000e+00 0.000000000e+00 0.000000000e+00 0.000000000e+00 1.000000000e+00 0.000000000e+00 0.000000000e+00 0.000000000e+00 0.000000000e+00 1.000000000e+00 0.000000000e+00
1.000000000e+00 0.000000000e+00 0.000000000e+00 0.000000000e+00 0.000000000e+00 1.000000000e+00 0.000000000e+00 0.000000000e+00 0.000000000e+00 0.000000000e+00 1.000000000e+00 0.000000000e+00
1.000000000e+00 0.000000000e+00 0.000000000e+00 0.000000000e+00 0.000000000e+00 1.000000000e+00 0.000000000e+00 0.000000000e+00 0.000000000e+00 0.000000000e+00 1.000000000e+00 0.000000000e+00
1.000000000e+00 0.000000000e+00 0.000000000e+00 0.000000000e+00 0.000000000e+00 1.000000000e+00 0.000000000e+00 0.000000000e+00 0.000000000e+00 0.000000000e+00 1.000000000e+00 0.000000000e+00
1.000000000e+00 0.000000000e+00 0.000000000e+00 0.000000000e+00 0.000000000e+00 1.000000000e+00 0.000000000e+00 0.000000000e+00 0.000000000e+00 0.000000000e+00 1.000000000e+00 0.000000000e+00
1.000000000e+00 0.000000000e+00 0.000000000e+00 0.000000000e+00 0.000000000e+00 1.000000000e+00 0.000000000e+00 0.000000000e+00 0.000000000e+00 0.000000000e+00 1.000000000e+00 0.000000000e+00
1.000000000e+00 0.000000000e+00 0.000000000e+00 0.000000000e+00 0.000000000e+00 1.000000000e+00 0.000000000e+00 0.000000000e+00 0.000000000e+00 0.000000000e+00 1.000000000e+00 0.000000000e+00
1.000000000e+00 0.000000000e+00 0.000000000e+00 0.000000000e+00 0.000000000e+00 1.000000000e+00 0.000000000e+00 0.000000000e+00 0.000000000e+00 0.000000000e+00 1.000000000e+00 0.000000000e+00
1.000000000e+00 0.000000000e+00 0.000000000e+00 0.000000000e+00 0.000000000e+00 1.000000000e+00 0.000000000e+00 0.000000000e+00 0.000000000e+00 0.000000000e+00 1.000000000e+00 0.000000000e+00
9.921816282e-01 -1.248023101e-01 0.000000000e+00 -1.889193221e-02 1.248023101e-01 9.921816282e-01 0.000000000e+00 4.968669497e-01 0.000000000e+00 0.000000000e+00 1.000000000e+00 0.000000000e+00
9.691532530e-01 -2.464588652e-01 0.000000000e+00 -1.160480236e-01 2.464588652e-01 9.691532530e-01 0.000000000e+00 9.891192445e-01 0.000000000e+00 0.000000000e+00 1.000000000e+00 0.000000000e+00
9.301624697e-01 -3.671481716e-01 0.000000000e+00 -2.565232868e-01 3.671481716e-01 9.301624697e-01 0.000000000e+00 1.472813540e+00 0.000000000e+00 0.000000000e+00 1.000000000e+00 0.000000000e+00
8.742346886e-01 -4.855035626e-01 0.000000000e+00 -4.469667973e-01 4.855035626e-01 8.742346886e-01 0.000000000e+00 1.926840926e+00 0.000000000e+00 0.000000000e+00 1.000000000e+00 0.000000000e+00
8.080157597e-01 -5.891608712e-01 0.000000000e+00 -7.322484556e-01 5.891608712e-01 8.080157597e-01 0.000000000e+00 2.358710305e+00 0.000000000e+00 0.000000000e+00 1.000000000e+00 0.000000000e+00
8.080157597e-01 -5.891608712e-01 0.000000000e+00 -7.322484556e-01 5.891608712e-01 8.080157597e-01 0.000000000e+00 2.358710305e+00 0.000000000e+00 0.000000000e+00 1.000000000e+00 0.000000000e+00
8.080157597e-01 -5.891608712e-01 0.000000000e+00 -7.322484556e-01 5.891608712e-01 8.080157597e-01 0.000000000e+00 2.358710305e+00 0.000000000e+00 0.000000000e+00 1.000000000e+00 0.000000000e+00
8.080157597e-01 -5.891608712e-01 0.000000000e+00 -7.322484556e-01 5.891608712e-01 8.080157597e-01 0.000000000e+00 2.358710305e+00 0.000000000e+00 0.000000000e+00 1.000000000e+00 0.000000000e+00
8.080157597e-01 -5.891608712e-01 0.000000000e+00 -7.322484556e-01 5.891608712e-01 8.080157597e-01 0.000000000e+00 2.358710305e+00 0.000000000e+00 0.000000000e+00 1.000000000e+00 0.000000000e+00
8.080157597e-01 -5.891608712e-01 0.000000000e+00 -7.322484556e-01 5.891608712e-01 8.080157597e-01 0.000000000e+00 2.358710305e+00 0.000000000e+00 0.000000000e+00 1.000000000e+00 0.000000000e+00
8.080157597e-01 -5.891608712e-01 0.000000000e+00 -7.322484556e-01 5.891608712e-01 8.080157597e-01 0.000000000e+00 2.358710305e+00 0.000000000e+00 0.000000000e+00 1.000000000e+00 0.000000000e+00
8.080157597e-01 -5.891608712e-01 0.000000000e+00 -7.322484556e-01 5.891608712e-01 8.080157597e-01 0.000000000e+00 2.358710305e+00 0.000000000e+00 0.000000000e+00 1.000000000e+00 0.000000000e+00
8.080157597e-01 -5.891608712e-01 0.000000000e+00 -7.322484556e-01 5.891608712e-01 8.080157597e-01 0.000000000e+00 2.358710305e+00 0.000000000e+00 0.000000000e+00 1.000000000e+00 0.000000000e+00
8.080157597e-01 -5.891608712e-01 0.000000000e+00 -7.322484556e-01 5.891608712e-01 8.080157597e-01 0.000000000e+00 2.358710305e+00 0.000000000e+00 0.000000000e+00 1.000000000e+00 0.000000000e+00
8.080157597e-01 -5.891608712e-01 0.000000000e+00 -7.322484556e-01 5.891608712e-01 8.080157597e-01 0.000000000e+00 2.358710305e+00 0.000000000e+00 0.000000000e+00 1.000000000e+00 0.000000000e+00
8.080157597e-01 -5.891608712e-01 0.000000000e+00 -7.322484556e-01 5.891608712e-01 8.080157597e-01 0.000000000e+00 2.358710305e+00 0.000000000e+00 0.000000000e+00 1.000000000e+00 0.000000000e+00
8.080157597e-01 -5.891608712e-01 0.000000000e+00 -7.322484556e-01 5.891608712e-01 8.080157597e-01 0.000000000e+00 2.358710305e+00 0.000000000e+00 0.000000000e+00 1.000000000e+00 0.000000000e+00
8.080157597e-01 -5.891608712e-01 0.000000000e+00 -7.322484556e-01 5.891608712e-01 8.080157597e-01 0.000000000e+00 2.358710305e+00 0.000000000e+00 0.000000000e+00 1.000000000e+00 0.000000000e+00
8.080157597e-01 -5.891608712e-01 0.000000000e+00 -7.322484556e-01 5.891608712e-01 8.080157597e-01 0.000000000e+00 2.358710305e+00 0.000000000e+00 0.000000000e+00 1.000000000e+00 0.000000000e+00
8.080157597e-01 -5.891608712e-01 0.000000000e+00 -7.322484556e-01 5.891608712e-01 8.080157597e-01 0.000000000e+00 2.358710305e+00 0.000000000e+00 0.000000000e+00 1.000000000e+00 0.000000000e+00
8.080157597e-01 -5.891608712e-01 0.000000000e+00 -7.322484556e-01 5.891608712e-01 8.080157597e-01 0.000000000e+00 2.358710305e+00 0.000000000e+00 0.000000000e+00 1.000000000e+00 0.000000000e+00
8.080157597e-01 -5.891608712e-01 0.000000000e+00 -7.322484556e-01 5.891608712e-01 8.080157597e-01 0.000000000e+00 2.358710305e+00 0.000000000e+00 0.000000000e+00 1.000000000e+00 0.000000000e+00
8.080157597e-01 -5.891608712e-01 0.000000000e+00 -7.322484556e-01 5.891608712e-01 8.080157597e-01 0.000000000e+00 2.358710305e+00 0.000000000e+00 0.000000000e+00 1.000000000e+00 0.000000000e+00
8.080157597e-01 -5.891608712e-01 0.000000000e+00 -7.322484556e-01 5.891608712e-01 8.080157597e-01 0.000000000e+00 2.358710305e+00 0.000000000e+00 0.000000000e+00 1.000000000e+00 0.000000000e+00
8.080157597e-01 -5.891608712e-01 0.000000000e+00 -7.322484556e-01 5.891608712e-01 8.080157597e-01 0.000000000e+00 2.358710305e+00 0.000000000e+00 0.000000000e+00 1.000000000e+00 0.000000000e+00
8.080157597e-01 -5.891608712e-01 0.000000000e+00 -7.322484556e-01 5.891608712e-01 8.080157597e-01 0.000000000e+00 2.358710305e+00 0.000000000e+00 0.000000000e+00 1.000000000e+00 0.000000000e+00
8.080157597e-01 -5.891608712e-01 0.000000000e+00 -7.322484556e-01 5.891608712e-01 8.080157597e-01 0.000000000e+00 2.358710305e+00 0.000000000e+00 0.000000000e+00 1.000000000e+00 0.000000000e+00
8.080157597e-01 -5.891608712e-01 0.000000000e+00 -7.322484556e-01 5.891608712e-01 8.080157597e-01 0.000000000e+00 2.358710305e+00 0.000000000e+00 0.000000000e+00 1.000000000e+00 0.000000000e+00
8.080157597e-01 -5.891608712e-01 0.000000000e+00 -7.322484556e-01 5.891608712e-01 8.080157597e-01 0.000000000e+00 2.358710305e+00 0.000000000e+00 0.000000000e+00 1.000000000e+00 0.000000000e+00
8.080157597e-01 -5.891608712e-01 0.000000000e+00 -7.322484556e-01 5.891608712e-01 8.080157597e-01 0.000000000e+00 2.358710305e+00 0.000000000e+00 0.000000000e+00 1.000000000e+00 0.000000000e+00
8.080157597e-01 -5.891608712e-01 0.000000000e+00 -7.322484556e-01 5.891608712e-01 8.080157597e-01 0.000000000e+00 2.358710305e+00 0.000000000e+00 0.000000000e+00 1.000000000e+00 0.000000000e+00
8.080157597e-01 -5.891608712e-01 0.000000000e+00 -7.322484556e-01 5.891608712e-01 8.080157597e-01 0.000000000e+00 2.358710305e+00 0.000000000e+00 0.000000000e+00 1.000000000e+00 0.000000000e+00
8.080157597e-01 -5.891608712e-01 0.000000000e+00 -7.322484556e-01 5.891608712e-01 8.080157597e-01 0.000000000e+00 2.358710305e+00 0.000000000e+00 0.000000000e+00 1.000000000e+00 0.000000000e+00
8.080157597e-01 -5.891608712e-01 0.000000000e+00 -7.322484556e-01 5.891608712e-01 8.080157597e-01 0.000000000e+00 2.358710305e+00 0.000000000e+00 0.000000000e+00 1.000000000e+00 0.000000000e+00
8.080157597e-01 -5.891608712e-01 0.000000000e+00 -7.322484556e-01 5.891608712e-01 8.080157597e-01 0.000000000e+00 2.358710305e+00 0.000000000e+00 0.000000000e+00 1.000000000e+00 0.000000000e+00
8.080157597e-01 -5.891608712e-01 0.000000000e+00 -7.322484556e-01 5.891608712e-01 8.080157597e-01 0.000000000e+00 2.358710305e+00 0.000000000e+00 0.000000000e+00 1.000000000e+00 0.000000000e+00
8.080157597e-01 -5.891608712e-01 0.000000000e+00 -7.322484556e-01 5.891608712e-01 8.080157597e-01 0.000000000e+00 2.358710305e+00 0.000000000e+00 0.000000000e+00 1.000000000e+00 0.000000000e+00
8.080157597e-01 -5.891608712e-01 0.000000000e+00 -7.322484556e-01 5.891608712e-01 8.080157597e-01 0.000000000e+00 2.358710305e+00 0.000000000e+00 0.000000000e+00 1.000000000e+00 0.000000000e+00
8.080157597e-01 -5.891608712e-01 0.000000000e+00 -7.322484556e-01 5.891608712e-01 8.080157597e-01 0.000000000e+00 2.358710305e+00 0.000000000e+00 0.000000000e+00 1.000000000e+00 0.000000000e+00
8.080157597e-01 -5.891608712e-01 0.000000000e+00 -7.322484556e-01 5.891608712e-01 8.080157597e-01 0.000000000e+00 2.358710305e+00 0.000000000e+00 0.000000000e+00 1.000000000e+00 0.000000000e+00
8.080157597e-01 -5.891608712e-01 0.000000000e+00 -7.322484556e-01 5.891608712e-01 8.080157597e-01 0.000000000e+00 2.358710305e+00 0.000000000e+00 0.000000000e+00 1.000000000e+00 0.000000000e+00
8.080157597e-01 -5.891608712e-01 0.000000000e+00 -7.322484556e-01 5.891608712e-01 8.080157597e-01 0.000000000e+00 2.358710305e+00 0.000000000e+00 0.000000000e+00 1.000000000e+00 0.000000000e+00
8.080157597e-01 -5.891608712e-01 0.000000000e+00 -7.322484556e-01 5.891608712e-01 8.080157597e-01 0.000000000e+00 2.358710305e+00 0.000000000e+00 0.000000000e+00 1.000000000e+00 0.000000000e+00
8.080157597e-01 -5.891608712e-01 0.000000000e+00 -7.322484556e-01 5.891608712e-01 8.080157597e-01 0.000000000e+00 2.358710305e+00 0.000000000e+00 0.000000000e+00 1.000000000e+00 0.000000000e+00
8.080157597e-01 -5.891608712e-01 0.000000000e+00 -7.322484556e-01 5.891608712e-01 8.080157597e-01 0.000000000e+00 2.358710305e+00 0.000000000e+00 0.000000000e+00 1.000000000e+00 0.000000000e+00
8.080157597e-01 -5.891608712e-01 0.000000000e+00 -7.322484556e-01 5.891608712e-01 8.080157597e-01 0.000000000e+00 2.358710305e+00 0.000000000e+00 0.000000000e+00 1.000000000e+00 0.000000000e+00
8.080157597e-01 -5.891608712e-01 0.000000000e+00 -7.322484556e-01 5.891608712e-01 8.080157597e-01 0.000000000e+00 2.358710305e+00 0.000000000e+00 0.000000000e+00 1.000000000e+00 0.000000000e+00
8.080157597e-01 -5.891608712e-01 0.000000000e+00 -7.322484556e-01 5.891608712e-01 8.080157597e-01 0.000000000e+00 2.358710305e+00 0.000000000e+00 0.000000000e+00 1.000000000e+00 0.000000000e+00
8.080157597e-01 -5.891608712e-01 0.000000000e+00 -7.322484556e-01 5.891608712e-01 8.080157597e-01 0.000000000e+00 2.358710305e+00 0.000000000e+00 0.000000000e+00 1.000000000e+00 0.000000000e+00
8.080157597e-01 -5.891608712e-01 0.000000000e+00 -7.322484556e-01 5.891608712e-01 8.080157597e-01 0.000000000e+00 2.358710305e+00 0.000000000e+00 0.000000000e+00 1.000000000e+00 0.000000000e+00
7.281697543e-01 -6.853968259e-01 0.000000000e+00 -1.040248000e+00 6.853968259e-01 7.281697543e-01 0.000000000e+00 2.749056244e+00 0.000000000e+00 0.000000000e+00 1.000000000e+00 0.000000000e+00
6.378871822e-01 -7.701298221e-01 0.000000000e+00 -1.408767443e+00 7.701298221e-01 6.378871822e-01 0.000000000e+00 3.089563288e+00 0.000000000e+00 0.000000000e+00 1.000000000e+00 0.000000000e+00
5.352765979e-01 -8.446768398e-01 0.000000000e+00 -1.807247423e+00 8.446768398e-01 5.352765979e-01 0.000000000e+00 3.397633374e+00 0.000000000e+00 0.000000000e+00 1.000000000e+00 0.000000000e+00
4.203557041e-01 -9.073594007e-01 0.000000000e+00 -2.228623951e+00 9.073594007e-01 4.203557041e-01 0.000000000e+00 3.652292792e+00 0.000000000e+00 0.000000000e+00 1.000000000e+00 0.000000000e+00
3.057789357e-01 -9.521025378e-01 0.000000000e+00 -2.713576566e+00 9.521025378e-01 3.057789357e-01 0.000000000e+00 3.833173266e+00 0.000000000e+00 0.000000000e+00 1.000000000e+00 0.000000000e+00
3.057789357e-01 -9.521025378e-01 0.000000000e+00 -2.713576566e+00 9.521025378e-01 3.057789357e-01 0.000000000e+00 3.833173266e+00 0.000000000e+00 0.000000000e+00 1.000000000e+00 0.000000000e+00
3.057789357e-01 -9.521025378e-01 0.000000000e+00 -2.713576566e+00 9.521025378e-01 3.057789357e-01 0.000000000e+00 3.833173266e+00 0.000000000e+00 0.000000000e+00 1.000000000e+00 0.000000000e+00
3.057789357e-01 -9.521025378e-01 0.000000000e+00 -2.713576566e+00 9.521025378e-01 3.057789357e-01 0.000000000e+00 3.833173266e+00 0.000000000e+00 0.000000000e+00 1.000000000e+00 0.000000000e+00
3.057789357e-01 -9.521025378e-01 0.000000000e+00 -2.713576566e+00 9.521025378e-01 3.057789357e-01 0.000000000e+00 3.833173266e+00 0.000000000e+00 0.000000000e+00 1.000000000e+00 0.000000000e+00
3.057789357e-01 -9.521025378e-01 0.000000000e+00 -2.713576566e+00 9.521025378e-01 3.057789357e-01 0.000000000e+00 3.833173266e+00 0.000000000e+00 0.000000000e+00 1.000000000e+00 0.000000000e+00
