1.000000000e+00 0.000000000e+00 0.000000000e+00 0.000000000e+00 0.000000000e+00 1.000000000e+00 0.000000000e+00 0.000000000e+00 0.000000000e+00 0.000000000e+00 1.000000000e+00 0.000000000e+00
9.852138211e-01 -1.713292933e-01 0.000000000e+00 8.779980096e-01 1.713292933e-01 9.852138211e-01 0.000000000e+00 1.144994106e-01 0.000000000e+00 0.000000000e+00 1.000000000e+00 0.000000000e+00
9.410517276e-01 -3.382626880e-01 0.000000000e+00 1.736915054e+00 3.382626880e-01 9.410517276e-01 0.000000000e+00 3.659187268e-01 0.000000000e+00 0.000000000e+00 1.000000000e+00 0.000000000e+00
8.672699573e-01 -4.978381475e-01 0.000000000e+00 2.533049404e+00 4.978381475e-01 8.672699573e-01 0.000000000e+00 7.583897461e-01 0.000000000e+00 0.000000000e+00 1.000000000e+00 0.000000000e+00
7.680090850e-01 -6.404389475e-01 0.000000000e+00 3.251227452e+00 6.404389475e-01 7.680090850e-01 0.000000000e+00 1.277039175e+00 0.000000000e+00 0.000000000e+00 1.000000000e+00 0.000000000e+00
6.436408628e-01 -7.653276682e-01 0.000000000e+00 3.863506729e+00 7.653276682e-01 6.436408628e-01 0.000000000e+00 1.910869268e+00 0.000000000e+00 0.000000000e+00 1.000000000e+00 0.000000000e+00
4.917241738e-01 -8.707510189e-01 0.000000000e+00 4.380021760e+00 8.707510189e-01 4.917241738e-01 0.000000000e+00 2.674333699e+00 0.000000000e+00 0.000000000e+00 1.000000000e+00 0.000000000e+00
3.342622836e-01 -9.424800930e-01 0.000000000e+00 4.719599578e+00 9.424800930e-01 3.342622836e-01 0.000000000e+00 3.469746289e+00 0.000000000e+00 0.000000000e+00 1.000000000e+00 0.000000000e+00
1.562286877e-01 -9.877209106e-01 0.000000000e+00 4.903172747e+00 9.877209106e-01 1.562286877e-01 0.000000000e+00 4.334604141e+00 0.000000000e+00 0.000000000e+00 1.000000000e+00 0.000000000e+00
-2.252044107e-02 -9.997463827e-01 0.000000000e+00 4.924148832e+00 9.997463827e-01 -2.252044107e-02 0.000000000e+00 5.190029010e+00 0.000000000e+00 0.000000000e+00 1.000000000e+00 0.000000000e+00
-1.946644901e-01 -9.808698876e-01 0.000000000e+00 4.819697105e+00 9.808698876e-01 -1.946644901e-01 0.000000000e+00 6.059335794e+00 0.000000000e+00 0.000000000e+00 1.000000000e+00 0.000000000e+00
-3.553607877e-01 -9.347292178e-01 0.000000000e+00 4.544260904e+00 9.347292178e-01 -3.553607877e-01 0.000000000e+00 6.860430281e+00 0.000000000e+00 0.000000000e+00 1.000000000e+00 0.000000000e+00
-5.115823087e-01 -8.592342762e-01 0.000000000e+00 4.145914020e+00 8.592342762e-01 -5.115823087e-01 0.000000000e+00 7.626431928e+00 0.000000000e+00 0.000000000e+00 1.000000000e+00 0.000000000e+00
-6.560461221e-01 -7.547207998e-01 0.000000000e+00 3.605108270e+00 7.547207998e-01 -6.560461221e-01 0.000000000e+00 8.279681097e+00 0.000000000e+00 0.000000000e+00 1.000000000e+00 0.000000000e+00
-7.773990393e-01 -6.290077374e-01 0.000000000e+00 2.943232071e+00 6.290077374e-01 -7.773990393e-01 0.000000000e+00 8.845613773e+00 0.000000000e+00 0.000000000e+00 1.000000000e+00 0.000000000e+00
-8.801364009e-01 -4.747208819e-01 0.000000000e+00 2.170109993e+00 4.747208819e-01 -8.801364009e-01 0.000000000e+00 9.303605618e+00 0.000000000e+00 0.000000000e+00 1.000000000e+00 0.000000000e+00
-9.505595258e-01 -3.105424091e-01 0.000000000e+00 1.341848028e+00 3.105424091e-01 -9.505595258e-01 0.000000000e+00 9.576643184e+00 0.000000000e+00 0.000000000e+00 1.000000000e+00 0.000000000e+00
-9.906250520e-01 -1.366089545e-01 0.000000000e+00 4.724726612e-01 1.366089545e-01 -9.906250520e-01 0.000000000e+00 9.710612754e+00 0.000000000e+00 0.000000000e+00 1.000000000e+00 0.000000000e+00
-9.991726639e-01 4.066924772e-02 0.000000000e+00 -4.252728934e-01 -4.066924772e-02 -9.991726639e-01 0.000000000e+00 9.706106883e+00 0.000000000e+00 0.000000000e+00 1.000000000e+00 0.000000000e+00
-9.744408443e-01 2.246442541e-01 0.000000000e+00 -1.306988758e+00 -2.246442541e-01 -9.744408443e-01 0.000000000e+00 9.513046209e+00 0.000000000e+00 0.000000000e+00 1.000000000e+00 0.000000000e+00
-9.202376982e-01 3.913599095e-01 0.000000000e+00 -2.130348923e+00 -3.913599095e-01 -9.202376982e-01 0.000000000e+00 9.179154105e+00 0.000000000e+00 0.000000000e+00 1.000000000e+00 0.000000000e+00
-8.385495237e-01 5.448253814e-01 0.000000000e+00 -2.884416011e+00 -5.448253814e-01 -8.385495237e-01 0.000000000e+00 8.694345925e+00 0.000000000e+00 0.000000000e+00 1.000000000e+00 0.000000000e+00
-7.179258856e-01 6.961195463e-01 0.000000000e+00 -3.573868240e+00 -6.961195463e-01 -7.179258856e-01 0.000000000e+00 8.081327492e+00 0.000000000e+00 0.000000000e+00 1.000000000e+00 0.000000000e+00
-5.655444488e-01 8.247178162e-01 0.000000000e+00 -4.138587330e+00 -8.247178162e-01 -5.655444488e-01 0.000000000e+00 7.342249091e+00 0.000000000e+00 0.000000000e+00 1.000000000e+00 0.000000000e+00
-4.017423097e-01 9.157527595e-01 0.000000000e+00 -4.539721088e+00 -9.157527595e-01 -4.017423097e-01 0.000000000e+00 6.510992018e+00 0.000000000e+00 0.000000000e+00 1.000000000e+00 0.000000000e+00
-2.426906013e-01 9.701037429e-01 0.000000000e+00 -4.782901299e+00 -9.701037429e-01 -2.426906013e-01 0.000000000e+00 5.642876488e+00 0.000000000e+00 0.000000000e+00 1.000000000e+00 0.000000000e+00
-6.909301974e-02 9.976102218e-01 0.000000000e+00 -4.887073501e+00 -9.976102218e-01 -6.909301974e-02 0.000000000e+00 4.741461421e+00 0.000000000e+00 0.000000000e+00 1.000000000e+00 0.000000000e+00
1.126218634e-01 9.936379199e-01 0.000000000e+00 -4.824689283e+00 -9.936379199e-01 1.126218634e-01 0.000000000e+00 3.825646828e+00 0.000000000e+00 0.000000000e+00 1.000000000e+00 0.000000000e+00
2.855613100e-01 9.583604427e-01 0.000000000e+00 -4.605273373e+00 -9.583604427e-01 2.855613100e-01 0.000000000e+00 2.937763386e+00 0.000000000e+00 0.000000000e+00 1.000000000e+00 0.000000000e+00
4.550961129e-01 8.904423216e-01 0.000000000e+00 -4.233044146e+00 -8.904423216e-01 4.550961129e-01 0.000000000e+00 2.113032495e+00 0.000000000e+00 0.000000000e+00 1.000000000e+00 0.000000000e+00
6.078121912e-01 7.940808146e-01 0.000000000e+00 -3.714707261e+00 -7.940808146e-01 6.078121912e-01 0.000000000e+00 1.355876203e+00 0.000000000e+00 0.000000000e+00 1.000000000e+00 0.000000000e+00
7.313654123e-01 6.819858017e-01 0.000000000e+00 -3.101196417e+00 -6.819858017e-01 7.313654123e-01 0.000000000e+00 7.272988409e-01 0.000000000e+00 0.000000000e+00 1.000000000e+00 0.000000000e+00
8.450462229e-01 5.346932590e-01 0.000000000e+00 -2.359973601e+00 -5.346932590e-01 8.450462229e-01 0.000000000e+00 1.903561026e-01 0.000000000e+00 0.000000000e+00 1.000000000e+00 0.000000000e+00
9.221380854e-01 3.868608942e-01 0.000000000e+00 -1.591541229e+00 -3.868608942e-01 9.221380854e-01 0.000000000e+00 -1.766004185e-01 0.000000000e+00 0.000000000e+00 1.000000000e+00 0.000000000e+00
9.777800507e-01 2.096334241e-01 0.000000000e+00 -6.914976100e-01 -2.096334241e-01 9.777800507e-01 0.000000000e+00 -4.379159286e-01 0.000000000e+00 0.000000000e+00 1.000000000e+00 0.000000000e+00
9.987179609e-01 5.062049480e-02 0.000000000e+00 1.778527137e-01 -5.062049480e-02 9.987179609e-01 0.000000000e+00 -5.316023125e-01 0.000000000e+00 0.000000000e+00 1.000000000e+00 0.000000000e+00
9.919614796e-01 -1.265402029e-01 0.000000000e+00 1.073142322e+00 1.265402029e-01 9.919614796e-01 0.000000000e+00 -5.140859000e-01 0.000000000e+00 0.000000000e+00 1.000000000e+00 0.000000000e+00
