1.000000000e+00 0.000000000e+00 0.000000000e+00 0.000000000e+00 0.000000000e+00 1.000000000e+00 0.000000000e+00 0.000000000e+00 0.000000000e+00 0.000000000e+00 1.000000000e+00 0.000000000e+00
9.985617642e-01 -5.361345991e-02 0.000000000e+00 2.605492796e-01 5.361345991e-02 9.985617642e-01 0.000000000e+00 8.642986138e-03 0.000000000e+00 0.000000000e+00 1.000000000e+00 0.000000000e+00
9.930255804e-01 -1.178990952e-01 0.000000000e+00 5.511371188e-01 1.178990952e-01 9.930255804e-01 0.000000000e+00 3.118469519e-02 0.000000000e+00 0.000000000e+00 1.000000000e+00 0.000000000e+00
9.841433963e-01 -1.773746755e-01 0.000000000e+00 8.317298067e-01 1.773746755e-01 9.841433963e-01 0.000000000e+00 7.261209341e-02 0.000000000e+00 0.000000000e+00 1.000000000e+00 0.000000000e+00
9.716334966e-01 -2.364917512e-01 0.000000000e+00 1.125848359e+00 2.364917512e-01 9.716334966e-01 0.000000000e+00 1.296820541e-01 0.000000000e+00 0.000000000e+00 1.000000000e+00 0.000000000e+00
9.564805850e-01 -2.917959740e-01 0.000000000e+00 1.373928510e+00 2.917959740e-01 9.564805850e-01 0.000000000e+00 1.848880830e-01 0.000000000e+00 0.000000000e+00 1.000000000e+00 0.000000000e+00
9.368935945e-01 -3.496146344e-01 0.000000000e+00 1.648232850e+00 3.496146344e-01 9.368935945e-01 0.000000000e+00 2.698222459e-01 0.000000000e+00 0.000000000e+00 1.000000000e+00 0.000000000e+00
9.143508982e-01 -4.049227518e-01 0.000000000e+00 1.912793371e+00 4.049227518e-01 9.143508982e-01 0.000000000e+00 3.651019703e-01 0.000000000e+00 0.000000000e+00 1.000000000e+00 0.000000000e+00
8.919626535e-01 -4.521090850e-01 0.000000000e+00 2.132722699e+00 4.521090850e-01 8.919626535e-01 0.000000000e+00 4.747933469e-01 0.000000000e+00 0.000000000e+00 1.000000000e+00 0.000000000e+00
8.635182011e-01 -5.043176740e-01 0.000000000e+00 2.387425434e+00 5.043176740e-01 8.635182011e-01 0.000000000e+00 5.947460483e-01 0.000000000e+00 0.000000000e+00 1.000000000e+00 0.000000000e+00
8.551509825e-01 -5.183790092e-01 0.000000000e+00 2.541892687e+00 5.183790092e-01 8.551509825e-01 0.000000000e+00 7.074722054e-01 0.000000000e+00 0.000000000e+00 1.000000000e+00 0.000000000e+00
8.251557208e-01 -5.649053340e-01 0.000000000e+00 2.762907947e+00 5.649053340e-01 8.251557208e-01 0.000000000e+00 8.533483891e-01 0.000000000e+00 0.000000000e+00 1.000000000e+00 0.000000000e+00
7.918130015e-01 -6.107635964e-01 0.000000000e+00 2.997610762e+00 6.107635964e-01 7.918130015e-01 0.000000000e+00 1.007833897e+00 0.000000000e+00 0.000000000e+00 1.000000000e+00 0.000000000e+00
7.550640284e-01 -6.556510604e-01 0.000000000e+00 3.213571984e+00 6.556510604e-01 7.550640284e-01 0.000000000e+00 1.173130150e+00 0.000000000e+00 0.000000000e+00 1.000000000e+00 0.000000000e+00
7.132440692e-01 -7.009157565e-01 0.000000000e+00 3.436608987e+00 7.009157565e-01 7.132440692e-01 0.000000000e+00 1.359789854e+00 0.000000000e+00 0.000000000e+00 1.000000000e+00 0.000000000e+00
6.749201399e-01 -7.378907811e-01 0.000000000e+00 3.633966302e+00 7.378907811e-01 6.749201399e-01 0.000000000e+00 1.548216749e+00 0.000000000e+00 0.000000000e+00 1.000000000e+00 0.000000000e+00
6.332016940e-01 -7.739868311e-01 0.000000000e+00 3.812799360e+00 7.739868311e-01 6.332016940e-01 0.000000000e+00 1.745705129e+00 0.000000000e+00 0.000000000e+00 1.000000000e+00 0.000000000e+00
5.841006939e-01 -8.116812055e-01 0.000000000e+00 3.997468972e+00 8.116812055e-01 5.841006939e-01 0.000000000e+00 1.966970410e+00 0.000000000e+00 0.000000000e+00 1.000000000e+00 0.000000000e+00
5.320567314e-01 -8.467087070e-01 0.000000000e+00 4.174289908e+00 8.467087070e-01 5.320567314e-01 0.000000000e+00 2.204828784e+00 0.000000000e+00 0.000000000e+00 1.000000000e+00 0.000000000e+00
4.756109904e-01 -8.796557201e-01 0.000000000e+00 4.340819548e+00 8.796557201e-01 4.756109904e-01 0.000000000e+00 2.458688506e+00 0.000000000e+00 0.000000000e+00 1.000000000e+00 0.000000000e+00
4.283038081e-01 -9.036347979e-01 0.000000000e+00 4.465792932e+00 9.036347979e-01 4.283038081e-01 0.000000000e+00 2.685878709e+00 0.000000000e+00 0.000000000e+00 1.000000000e+00 0.000000000e+00
3.813189972e-01 -9.244435204e-01 0.000000000e+00 4.583102794e+00 9.244435204e-01 3.813189972e-01 0.000000000e+00 2.922711463e+00 0.000000000e+00 0.000000000e+00 1.000000000e+00 0.000000000e+00
3.296292437e-01 -9.441104606e-01 0.000000000e+00 4.686283525e+00 9.441104606e-01 3.296292437e-01 0.000000000e+00 3.170484510e+00 0.000000000e+00 0.000000000e+00 1.000000000e+00 0.000000000e+00
2.786771261e-01 -9.603848496e-01 0.000000000e+00 4.772956779e+00 9.603848496e-01 2.786771261e-01 0.000000000e+00 3.415960829e+00 0.000000000e+00 0.000000000e+00 1.000000000e+00 0.000000000e+00
2.196078023e-01 -9.755882395e-01 0.000000000e+00 4.856705399e+00 9.755882395e-01 2.196078023e-01 0.000000000e+00 3.699910776e+00 0.000000000e+00 0.000000000e+00 1.000000000e+00 0.000000000e+00
1.641791857e-01 -9.864305323e-01 0.000000000e+00 4.914405208e+00 9.864305323e-01 1.641791857e-01 0.000000000e+00 3.953546455e+00 0.000000000e+00 0.000000000e+00 1.000000000e+00 0.000000000e+00
1.007907208e-01 -9.949076493e-01 0.000000000e+00 4.975458582e+00 9.949076493e-01 1.007907208e-01 0.000000000e+00 4.236973159e+00 0.000000000e+00 0.000000000e+00 1.000000000e+00 0.000000000e+00
4.833606475e-02 -9.988311293e-01 0.000000000e+00 5.005230117e+00 9.988311293e-01 4.833606475e-02 0.000000000e+00 4.488595140e+00 0.000000000e+00 0.000000000e+00 1.000000000e+00 0.000000000e+00
-1.035212425e-02 -9.999464153e-01 0.000000000e+00 5.027938785e+00 9.999464153e-01 -1.035212425e-02 0.000000000e+00 4.761887884e+00 0.000000000e+00 0.000000000e+00 1.000000000e+00 0.000000000e+00
-6.501818770e-02 -9.978840791e-01 0.000000000e+00 5.016997573e+00 9.978840791e-01 -6.501818770e-02 0.000000000e+00 5.013550830e+00 0.000000000e+00 0.000000000e+00 1.000000000e+00 0.000000000e+00
-1.125459968e-01 -9.936465159e-01 0.000000000e+00 5.008164522e+00 9.936465159e-01 -1.125459968e-01 0.000000000e+00 5.231773151e+00 0.000000000e+00 0.000000000e+00 1.000000000e+00 0.000000000e+00
-1.709117438e-01 -9.852863420e-01 0.000000000e+00 4.988552677e+00 9.852863420e-01 -1.709117438e-01 0.000000000e+00 5.491756223e+00 0.000000000e+00 0.000000000e+00 1.000000000e+00 0.000000000e+00
-2.267369811e-01 -9.739560264e-01 0.000000000e+00 4.937689621e+00 9.739560264e-01 -2.267369811e-01 0.000000000e+00 5.751258253e+00 0.000000000e+00 0.000000000e+00 1.000000000e+00 0.000000000e+00
-2.783949067e-01 -9.604666969e-01 0.000000000e+00 4.894480827e+00 9.604666969e-01 -2.783949067e-01 0.000000000e+00 6.007237439e+00 0.000000000e+00 0.000000000e+00 1.000000000e+00 0.000000000e+00
-3.391746638e-01 -9.407234171e-01 0.000000000e+00 4.818872289e+00 9.407234171e-01 -3.391746638e-01 0.000000000e+00 6.295790723e+00 0.000000000e+00 0.000000000e+00 1.000000000e+00 0.000000000e+00
-4.012196184e-01 -9.159818873e-01 0.000000000e+00 4.716073390e+00 9.159818873e-01 -4.012196184e-01 0.000000000e+00 6.567875773e+00 0.000000000e+00 0.000000000e+00 1.000000000e+00 0.000000000e+00
-4.481439114e-01 -8.939614280e-01 0.000000000e+00 4.633108963e+00 8.939614280e-01 -4.481439114e-01 0.000000000e+00 6.790501411e+00 0.000000000e+00 0.000000000e+00 1.000000000e+00 0.000000000e+00
-4.975247082e-01 -8.674498053e-01 0.000000000e+00 4.499611308e+00 8.674498053e-01 -4.975247082e-01 0.000000000e+00 7.040974984e+00 0.000000000e+00 0.000000000e+00 1.000000000e+00 0.000000000e+00
-5.518054436e-01 -8.339728727e-01 0.000000000e+00 4.376821330e+00 8.339728727e-01 -5.518054436e-01 0.000000000e+00 7.277124452e+00 0.000000000e+00 0.000000000e+00 1.000000000e+00 0.000000000e+00
-5.948391259e-01 -8.038447701e-01 0.000000000e+00 4.241462334e+00 8.038447701e-01 -5.948391259e-01 0.000000000e+00 7.494140090e+00 0.000000000e+00 0.000000000e+00 1.000000000e+00 0.000000000e+00
-6.362552740e-01 -7.714785975e-01 0.000000000e+00 4.101483408e+00 7.714785975e-01 -6.362552740e-01 0.000000000e+00 7.686669949e+00 0.000000000e+00 0.000000000e+00 1.000000000e+00 0.000000000e+00
-6.738188136e-01 -7.388966141e-01 0.000000000e+00 3.953139645e+00 7.388966141e-01 -6.738188136e-01 0.000000000e+00 7.879632894e+00 0.000000000e+00 0.000000000e+00 1.000000000e+00 0.000000000e+00
-7.113105817e-01 -7.028778389e-01 0.000000000e+00 3.778311647e+00 7.028778389e-01 -7.113105817e-01 0.000000000e+00 8.066764828e+00 0.000000000e+00 0.000000000e+00 1.000000000e+00 0.000000000e+00
-7.581283006e-01 -6.521054208e-01 0.000000000e+00 3.547457951e+00 6.521054208e-01 -7.581283006e-01 0.000000000e+00 8.292437339e+00 0.000000000e+00 0.000000000e+00 1.000000000e+00 0.000000000e+00
-7.967724542e-01 -6.042794522e-01 0.000000000e+00 3.363065363e+00 6.042794522e-01 -7.967724542e-01 0.000000000e+00 8.465609046e+00 0.000000000e+00 0.000000000e+00 1.000000000e+00 0.000000000e+00
-8.313771586e-01 -5.557085749e-01 0.000000000e+00 3.162888538e+00 5.557085749e-01 -8.313771586e-01 0.000000000e+00 8.627166106e+00 0.000000000e+00 0.000000000e+00 1.000000000e+00 0.000000000e+00
-8.602709721e-01 -5.098370864e-01 0.000000000e+00 2.960723770e+00 5.098370864e-01 -8.602709721e-01 0.000000000e+00 8.765432294e+00 0.000000000e+00 0.000000000e+00 1.000000000e+00 0.000000000e+00
-8.836564536e-01 -4.681359546e-01 0.000000000e+00 2.736741937e+00 4.681359546e-01 -8.836564536e-01 0.000000000e+00 8.898091146e+00 0.000000000e+00 0.000000000e+00 1.000000000e+00 0.000000000e+00
-9.099004590e-01 -4.148266563e-01 0.000000000e+00 2.515562366e+00 4.148266563e-01 -9.099004590e-01 0.000000000e+00 9.028413906e+00 0.000000000e+00 0.000000000e+00 1.000000000e+00 0.000000000e+00
-9.328684585e-01 -3.602172110e-01 0.000000000e+00 2.273310482e+00 3.602172110e-01 -9.328684585e-01 0.000000000e+00 9.157627613e+00 0.000000000e+00 0.000000000e+00 1.000000000e+00 0.000000000e+00
-9.524304119e-01 -3.047561494e-01 0.000000000e+00 2.023350960e+00 3.047561494e-01 -9.524304119e-01 0.000000000e+00 9.267522734e+00 0.000000000e+00 0.000000000e+00 1.000000000e+00 0.000000000e+00
-9.671570818e-01 -2.541794232e-01 0.000000000e+00 1.778838973e+00 2.541794232e-01 -9.671570818e-01 0.000000000e+00 9.357865729e+00 0.000000000e+00 0.000000000e+00 1.000000000e+00 0.000000000e+00
-9.791728090e-01 -2.030285942e-01 0.000000000e+00 1.536415001e+00 2.030285942e-01 -9.791728090e-01 0.000000000e+00 9.433158420e+00 0.000000000e+00 0.000000000e+00 1.000000000e+00 0.000000000e+00
-9.892108463e-01 -1.464988105e-01 0.000000000e+00 1.266657667e+00 1.464988105e-01 -9.892108463e-01 0.000000000e+00 9.490527172e+00 0.000000000e+00 0.000000000e+00 1.000000000e+00 0.000000000e+00
-9.965425544e-01 -8.308391712e-02 0.000000000e+00 9.812351735e-01 8.308391712e-02 -9.965425544e-01 0.000000000e+00 9.522301942e+00 0.000000000e+00 0.000000000e+00 1.000000000e+00 0.000000000e+00
-9.996377000e-01 -2.691595641e-02 0.000000000e+00 7.106330187e-01 2.691595641e-02 -9.996377000e-01 0.000000000e+00 9.547019080e+00 0.000000000e+00 0.000000000e+00 1.000000000e+00 0.000000000e+00
-9.995919567e-01 2.856431437e-02 0.000000000e+00 4.540647883e-01 -2.856431437e-02 -9.995919567e-01 0.000000000e+00 9.559232327e+00 0.000000000e+00 0.000000000e+00 1.000000000e+00 0.000000000e+00
-9.964798102e-01 8.383309584e-02 0.000000000e+00 1.930061806e-01 -8.383309584e-02 -9.964798102e-01 0.000000000e+00 9.544704054e+00 0.000000000e+00 0.000000000e+00 1.000000000e+00 0.000000000e+00
-9.904359272e-01 1.379734542e-01 0.000000000e+00 -6.923369632e-02 -1.379734542e-01 -9.904359272e-01 0.000000000e+00 9.527753289e+00 0.000000000e+00 0.000000000e+00 1.000000000e+00 0.000000000e+00
-9.816841023e-01 1.905159397e-01 0.000000000e+00 -3.207484989e-01 -1.905159397e-01 -9.816841023e-01 0.000000000e+00 9.494377098e+00 0.000000000e+00 0.000000000e+00 1.000000000e+00 0.000000000e+00
-9.677146753e-01 2.520482241e-01 0.000000000e+00 -5.907383295e-01 -2.520482241e-01 -9.677146753e-01 0.000000000e+00 9.443155445e+00 0.000000000e+00 0.000000000e+00 1.000000000e+00 0.000000000e+00
-9.535010722e-01 3.013896239e-01 0.000000000e+00 -8.266270512e-01 -3.013896239e-01 -9.535010722e-01 0.000000000e+00 9.390658852e+00 0.000000000e+00 0.000000000e+00 1.000000000e+00 0.000000000e+00
-9.344828340e-01 3.560081923e-01 0.000000000e+00 -1.081518197e+00 -3.560081923e-01 -9.344828340e-01 0.000000000e+00 9.296097492e+00 0.000000000e+00 0.000000000e+00 1.000000000e+00 0.000000000e+00
-9.129127853e-01 4.081546844e-01 0.000000000e+00 -1.346317343e+00 -4.081546844e-01 -9.129127853e-01 0.000000000e+00 9.185648516e+00 0.000000000e+00 0.000000000e+00 1.000000000e+00 0.000000000e+00
-8.843900064e-01 4.667486654e-01 0.000000000e+00 -1.621263071e+00 -4.667486654e-01 -8.843900064e-01 0.000000000e+00 9.058659852e+00 0.000000000e+00 0.000000000e+00 1.000000000e+00 0.000000000e+00
-8.557158456e-01 5.174460277e-01 0.000000000e+00 -1.860935000e+00 -5.174460277e-01 -8.557158456e-01 0.000000000e+00 8.930690855e+00 0.000000000e+00 0.000000000e+00 1.000000000e+00 0.000000000e+00
-8.232262856e-01 5.677133808e-01 0.000000000e+00 -2.090930388e+00 -5.677133808e-01 -8.232262856e-01 0.000000000e+00 8.788482839e+00 0.000000000e+00 0.000000000e+00 1.000000000e+00 0.000000000e+00
-7.902483260e-01 6.127867355e-01 0.000000000e+00 -2.304183013e+00 -6.127867355e-01 -7.902483260e-01 0.000000000e+00 8.643174407e+00 0.000000000e+00 0.000000000e+00 1.000000000e+00 0.000000000e+00
-7.537901612e-01 6.571152052e-01 0.000000000e+00 -2.515628866e+00 -6.571152052e-01 -7.537901612e-01 0.000000000e+00 8.475516804e+00 0.000000000e+00 0.000000000e+00 1.000000000e+00 0.000000000e+00
-7.313412656e-01 6.820116959e-01 0.000000000e+00 -2.686209750e+00 -6.820116959e-01 -7.313412656e-01 0.000000000e+00 8.356868713e+00 0.000000000e+00 0.000000000e+00 1.000000000e+00 0.000000000e+00
-6.889660843e-01 7.247935808e-01 0.000000000e+00 -2.898116800e+00 -7.247935808e-01 -6.889660843e-01 0.000000000e+00 8.147698392e+00 0.000000000e+00 0.000000000e+00 1.000000000e+00 0.000000000e+00
-6.420669408e-01 7.666485789e-01 0.000000000e+00 -3.083937398e+00 -7.666485789e-01 -6.420669408e-01 0.000000000e+00 7.948914538e+00 0.000000000e+00 0.000000000e+00 1.000000000e+00 0.000000000e+00
-6.044488603e-01 7.966439451e-01 0.000000000e+00 -3.233731286e+00 -7.966439451e-01 -6.044488603e-01 0.000000000e+00 7.769172595e+00 0.000000000e+00 0.000000000e+00 1.000000000e+00 0.000000000e+00
-5.571343544e-01 8.304223692e-01 0.000000000e+00 -3.391844800e+00 -8.304223692e-01 -5.571343544e-01 0.000000000e+00 7.559245201e+00 0.000000000e+00 0.000000000e+00 1.000000000e+00 0.000000000e+00
-5.102224564e-01 8.600424670e-01 0.000000000e+00 -3.534366488e+00 -8.600424670e-01 -5.102224564e-01 0.000000000e+00 7.346704412e+00 0.000000000e+00 0.000000000e+00 1.000000000e+00 0.000000000e+00
-4.681319523e-01 8.836585739e-01 0.000000000e+00 -3.655319414e+00 -8.836585739e-01 -4.681319523e-01 0.000000000e+00 7.138277467e+00 0.000000000e+00 0.000000000e+00 1.000000000e+00 0.000000000e+00
-4.256239085e-01 9.049001539e-01 0.000000000e+00 -3.770333670e+00 -9.049001539e-01 -4.256239085e-01 0.000000000e+00 6.917061018e+00 0.000000000e+00 0.000000000e+00 1.000000000e+00 0.000000000e+00
-3.609218012e-01 9.325960827e-01 0.000000000e+00 -3.882927702e+00 -9.325960827e-01 -3.609218012e-01 0.000000000e+00 6.665417137e+00 0.000000000e+00 0.000000000e+00 1.000000000e+00 0.000000000e+00
-3.116315321e-01 9.502030247e-01 0.000000000e+00 -3.970362480e+00 -9.502030247e-01 -3.116315321e-01 0.000000000e+00 6.435295157e+00 0.000000000e+00 0.000000000e+00 1.000000000e+00 0.000000000e+00
-2.627975215e-01 9.648510054e-01 0.000000000e+00 -4.051704782e+00 -9.648510054e-01 -2.627975215e-01 0.000000000e+00 6.186172319e+00 0.000000000e+00 0.000000000e+00 1.000000000e+00 0.000000000e+00
-1.896497731e-01 9.818518033e-01 0.000000000e+00 -4.131025880e+00 -9.818518033e-01 -1.896497731e-01 0.000000000e+00 5.904737946e+00 0.000000000e+00 0.000000000e+00 1.000000000e+00 0.000000000e+00
