1.000000000e+00 0.000000000e+00 0.000000000e+00 0.000000000e+00 0.000000000e+00 1.000000000e+00 0.000000000e+00 0.000000000e+00 0.000000000e+00 0.000000000e+00 1.000000000e+00 0.000000000e+00
9.977216433e-01 -6.746497300e-02 0.000000000e+00 2.965726792e-01 6.746497300e-02 9.977216433e-01 0.000000000e+00 1.036054032e-02 0.000000000e+00 0.000000000e+00 1.000000000e+00 0.000000000e+00
9.910272880e-01 -1.336596963e-01 0.000000000e+00 5.723896349e-01 1.336596963e-01 9.910272880e-01 0.000000000e+00 4.212597965e-02 0.000000000e+00 0.000000000e+00 1.000000000e+00 0.000000000e+00
9.982114788e-01 -5.978163324e-02 0.000000000e+00 6.187775087e-01 5.978163324e-02 9.982114788e-01 0.000000000e+00 5.220981210e-02 0.000000000e+00 0.000000000e+00 1.000000000e+00 0.000000000e+00
9.941801096e-01 -1.077307279e-01 0.000000000e+00 8.848133401e-01 1.077307279e-01 9.941801096e-01 0.000000000e+00 7.590881363e-02 0.000000000e+00 0.000000000e+00 1.000000000e+00 0.000000000e+00
9.880346627e-01 -1.542319853e-01 0.000000000e+00 1.144069559e+00 1.542319853e-01 9.880346627e-01 0.000000000e+00 1.105477494e-01 0.000000000e+00 0.000000000e+00 1.000000000e+00 0.000000000e+00
9.748683810e-01 -2.227815963e-01 0.000000000e+00 1.439454727e+00 2.227815963e-01 9.748683810e-01 0.000000000e+00 1.671498792e-01 0.000000000e+00 0.000000000e+00 1.000000000e+00 0.000000000e+00
9.497207520e-01 -3.130982167e-01 0.000000000e+00 1.757561638e+00 3.130982167e-01 9.497207520e-01 0.000000000e+00 2.615313517e-01 0.000000000e+00 0.000000000e+00 1.000000000e+00 0.000000000e+00
9.312719725e-01 -3.643247359e-01 0.000000000e+00 2.008551334e+00 3.643247359e-01 9.312719725e-01 0.000000000e+00 3.369537205e-01 0.000000000e+00 0.000000000e+00 1.000000000e+00 0.000000000e+00
9.090869238e-01 -4.166064869e-01 0.000000000e+00 2.246773036e+00 4.166064869e-01 9.090869238e-01 0.000000000e+00 4.459691066e-01 0.000000000e+00 0.000000000e+00 1.000000000e+00 0.000000000e+00
8.844353257e-01 -4.666627847e-01 0.000000000e+00 2.507818309e+00 4.666627847e-01 8.844353257e-01 0.000000000e+00 5.633251482e-01 0.000000000e+00 0.000000000e+00 1.000000000e+00 0.000000000e+00
8.611509161e-01 -5.083493874e-01 0.000000000e+00 2.728014397e+00 5.083493874e-01 8.611509161e-01 0.000000000e+00 6.872135807e-01 0.000000000e+00 0.000000000e+00 1.000000000e+00 0.000000000e+00
8.288455254e-01 -5.594775197e-01 0.000000000e+00 2.985257148e+00 5.594775197e-01 8.288455254e-01 0.000000000e+00 8.308362465e-01 0.000000000e+00 0.000000000e+00 1.000000000e+00 0.000000000e+00
8.047097498e-01 -5.936684416e-01 0.000000000e+00 3.188250402e+00 5.936684416e-01 8.047097498e-01 0.000000000e+00 9.660918634e-01 0.000000000e+00 0.000000000e+00 1.000000000e+00 0.000000000e+00
7.686843457e-01 -6.396283113e-01 0.000000000e+00 3.406051220e+00 6.396283113e-01 7.686843457e-01 0.000000000e+00 1.135170003e+00 0.000000000e+00 0.000000000e+00 1.000000000e+00 0.000000000e+00
7.286404665e-01 -6.848963941e-01 0.000000000e+00 3.641306234e+00 6.848963941e-01 7.286404665e-01 0.000000000e+00 1.320908809e+00 0.000000000e+00 0.000000000e+00 1.000000000e+00 0.000000000e+00
6.916581629e-01 -7.222250243e-01 0.000000000e+00 3.830126772e+00 7.222250243e-01 6.916581629e-01 0.000000000e+00 1.496261845e+00 0.000000000e+00 0.000000000e+00 1.000000000e+00 0.000000000e+00
6.470017229e-01 -7.624885380e-01 0.000000000e+00 4.042201081e+00 7.624885380e-01 6.470017229e-01 0.000000000e+00 1.707764761e+00 0.000000000e+00 0.000000000e+00 1.000000000e+00 0.000000000e+00
5.984695743e-01 -8.011455352e-01 0.000000000e+00 4.236534195e+00 8.011455352e-01 5.984695743e-01 0.000000000e+00 1.926974723e+00 0.000000000e+00 0.000000000e+00 1.000000000e+00 0.000000000e+00
5.506194122e-01 -8.347564093e-01 0.000000000e+00 4.416474512e+00 8.347564093e-01 5.506194122e-01 0.000000000e+00 2.152212845e+00 0.000000000e+00 0.000000000e+00 1.000000000e+00 0.000000000e+00
4.969668493e-01 -8.677695263e-01 0.000000000e+00 4.591875605e+00 8.677695263e-01 4.969668493e-01 0.000000000e+00 2.396477358e+00 0.000000000e+00 0.000000000e+00 1.000000000e+00 0.000000000e+00
4.442873219e-01 -8.958843539e-01 0.000000000e+00 4.747049686e+00 8.958843539e-01 4.442873219e-01 0.000000000e+00 2.649166079e+00 0.000000000e+00 0.000000000e+00 1.000000000e+00 0.000000000e+00
3.907225325e-01 -9.205085022e-01 0.000000000e+00 4.874946130e+00 9.205085022e-01 3.907225325e-01 0.000000000e+00 2.918764030e+00 0.000000000e+00 0.000000000e+00 1.000000000e+00 0.000000000e+00
3.335917577e-01 -9.427176349e-01 0.000000000e+00 4.998528438e+00 9.427176349e-01 3.335917577e-01 0.000000000e+00 3.172111261e+00 0.000000000e+00 0.000000000e+00 1.000000000e+00 0.000000000e+00
2.789830378e-01 -9.602960297e-01 0.000000000e+00 5.110162832e+00 9.602960297e-01 2.789830378e-01 0.000000000e+00 3.428838717e+00 0.000000000e+00 0.000000000e+00 1.000000000e+00 0.000000000e+00
2.187814566e-01 -9.757738848e-01 0.000000000e+00 5.207132618e+00 9.757738848e-01 2.187814566e-01 0.000000000e+00 3.709124600e+00 0.000000000e+00 0.000000000e+00 1.000000000e+00 0.000000000e+00
1.597435135e-01 -9.871585536e-01 0.000000000e+00 5.283154573e+00 9.871585536e-01 1.597435135e-01 0.000000000e+00 3.994741879e+00 0.000000000e+00 0.000000000e+00 1.000000000e+00 0.000000000e+00
1.028905523e-01 -9.946926833e-01 0.000000000e+00 5.357553980e+00 9.946926833e-01 1.028905523e-01 0.000000000e+00 4.260805711e+00 0.000000000e+00 0.000000000e+00 1.000000000e+00 0.000000000e+00
4.611173958e-02 -9.989362880e-01 0.000000000e+00 5.392628433e+00 9.989362880e-01 4.611173958e-02 0.000000000e+00 4.529844035e+00 0.000000000e+00 0.000000000e+00 1.000000000e+00 0.000000000e+00
-6.156944414e-03 -9.999810458e-01 0.000000000e+00 5.429558122e+00 9.999810458e-01 -6.156944414e-03 0.000000000e+00 4.799324089e+00 0.000000000e+00 0.000000000e+00 1.000000000e+00 0.000000000e+00
-7.265989752e-02 -9.973567763e-01 0.000000000e+00 5.429670554e+00 9.973567763e-01 -7.265989752e-02 0.000000000e+00 5.096046204e+00 0.000000000e+00 0.000000000e+00 1.000000000e+00 0.000000000e+00
-1.396108625e-01 -9.902064467e-01 0.000000000e+00 5.446005030e+00 9.902064467e-01 -1.396108625e-01 0.000000000e+00 5.384229106e+00 0.000000000e+00 0.000000000e+00 1.000000000e+00 0.000000000e+00
-2.010364491e-01 -9.795837617e-01 0.000000000e+00 5.424796719e+00 9.795837617e-01 -2.010364491e-01 0.000000000e+00 5.668063776e+00 0.000000000e+00 0.000000000e+00 1.000000000e+00 0.000000000e+00
-2.487627082e-01 -9.685644609e-01 0.000000000e+00 5.406927697e+00 9.685644609e-01 -2.487627082e-01 0.000000000e+00 5.923474372e+00 0.000000000e+00 0.000000000e+00 1.000000000e+00 0.000000000e+00
-3.133363606e-01 -9.496422090e-01 0.000000000e+00 5.350529341e+00 9.496422090e-01 -3.133363606e-01 0.000000000e+00 6.213696982e+00 0.000000000e+00 0.000000000e+00 1.000000000e+00 0.000000000e+00
-3.660679252e-01 -9.305881335e-01 0.000000000e+00 5.303890101e+00 9.305881335e-01 -3.660679252e-01 0.000000000e+00 6.474302687e+00 0.000000000e+00 0.000000000e+00 1.000000000e+00 0.000000000e+00
-4.125239535e-01 -9.109467535e-01 0.000000000e+00 5.231603927e+00 9.109467535e-01 -4.125239535e-01 0.000000000e+00 6.694748307e+00 0.000000000e+00 0.000000000e+00 1.000000000e+00 0.000000000e+00
-4.603799771e-01 -8.877219591e-01 0.000000000e+00 5.161651820e+00 8.877219591e-01 -4.603799771e-01 0.000000000e+00 6.921647829e+00 0.000000000e+00 0.000000000e+00 1.000000000e+00 0.000000000e+00
-5.119877285e-01 -8.589927624e-01 0.000000000e+00 5.051359149e+00 8.589927624e-01 -5.119877285e-01 0.000000000e+00 7.172219406e+00 0.000000000e+00 0.000000000e+00 1.000000000e+00 0.000000000e+00
-5.631875647e-01 -8.263290912e-01 0.000000000e+00 4.918214995e+00 8.263290912e-01 -5.631875647e-01 0.000000000e+00 7.418304478e+00 0.000000000e+00 0.000000000e+00 1.000000000e+00 0.000000000e+00
-6.109734316e-01 -7.916511011e-01 0.000000000e+00 4.748345983e+00 7.916511011e-01 -6.109734316e-01 0.000000000e+00 7.650691198e+00 0.000000000e+00 0.000000000e+00 1.000000000e+00 0.000000000e+00
-6.558170501e-01 -7.549198612e-01 0.000000000e+00 4.611701943e+00 7.549198612e-01 -6.558170501e-01 0.000000000e+00 7.872357057e+00 0.000000000e+00 0.000000000e+00 1.000000000e+00 0.000000000e+00
-6.977609425e-01 -7.163306968e-01 0.000000000e+00 4.448612959e+00 7.163306968e-01 -6.977609425e-01 0.000000000e+00 8.072212736e+00 0.000000000e+00 0.000000000e+00 1.000000000e+00 0.000000000e+00
-7.405222240e-01 -6.720318711e-01 0.000000000e+00 4.257386094e+00 6.720318711e-01 -7.405222240e-01 0.000000000e+00 8.265587360e+00 0.000000000e+00 0.000000000e+00 1.000000000e+00 0.000000000e+00
-7.769907056e-01 -6.295120678e-01 0.000000000e+00 4.079887394e+00 6.295120678e-01 -7.769907056e-01 0.000000000e+00 8.455789669e+00 0.000000000e+00 0.000000000e+00 1.000000000e+00 0.000000000e+00
-8.130266692e-01 -5.822264466e-01 0.000000000e+00 3.887087066e+00 5.822264466e-01 -8.130266692e-01 0.000000000e+00 8.617496110e+00 0.000000000e+00 0.000000000e+00 1.000000000e+00 0.000000000e+00
-8.444269221e-01 -5.356707694e-01 0.000000000e+00 3.685888557e+00 5.356707694e-01 -8.444269221e-01 0.000000000e+00 8.765950685e+00 0.000000000e+00 0.000000000e+00 1.000000000e+00 0.000000000e+00
-8.756394977e-01 -4.829652887e-01 0.000000000e+00 3.481378235e+00 4.829652887e-01 -8.756394977e-01 0.000000000e+00 8.920830506e+00 0.000000000e+00 0.000000000e+00 1.000000000e+00 0.000000000e+00
-8.998676361e-01 -4.361630859e-01 0.000000000e+00 3.279566293e+00 4.361630859e-01 -8.998676361e-01 0.000000000e+00 9.059656092e+00 0.000000000e+00 0.000000000e+00 1.000000000e+00 0.000000000e+00
-9.245602828e-01 -3.810358034e-01 0.000000000e+00 3.058064321e+00 3.810358034e-01 -9.245602828e-01 0.000000000e+00 9.177365467e+00 0.000000000e+00 0.000000000e+00 1.000000000e+00 0.000000000e+00
-9.421159351e-01 -3.352872871e-01 0.000000000e+00 2.843622229e+00 3.352872871e-01 -9.421159351e-01 0.000000000e+00 9.286450568e+00 0.000000000e+00 0.000000000e+00 1.000000000e+00 0.000000000e+00
-9.594302860e-01 -2.819459635e-01 0.000000000e+00 2.588548642e+00 2.819459635e-01 -9.594302860e-01 0.000000000e+00 9.374887462e+00 0.000000000e+00 0.000000000e+00 1.000000000e+00 0.000000000e+00
-9.745898923e-01 -2.239967449e-01 0.000000000e+00 2.355826687e+00 2.239967449e-01 -9.745898923e-01 0.000000000e+00 9.465773994e+00 0.000000000e+00 0.000000000e+00 1.000000000e+00 0.000000000e+00
-9.872376502e-01 -1.592539542e-01 0.000000000e+00 2.105644626e+00 1.592539542e-01 -9.872376502e-01 0.000000000e+00 9.541954407e+00 0.000000000e+00 0.000000000e+00 1.000000000e+00 0.000000000e+00
-9.946404514e-01 -1.033942570e-01 0.000000000e+00 1.874886402e+00 1.033942570e-01 -9.946404514e-01 0.000000000e+00 9.595355789e+00 0.000000000e+00 0.000000000e+00 1.000000000e+00 0.000000000e+00
-9.993725773e-01 -3.541824097e-02 0.000000000e+00 1.583305285e+00 3.541824097e-02 -9.993725773e-01 0.000000000e+00 9.631402081e+00 0.000000000e+00 0.000000000e+00 1.000000000e+00 0.000000000e+00
-9.998411403e-01 1.782397943e-02 0.000000000e+00 1.337606769e+00 -1.782397943e-02 -9.998411403e-01 0.000000000e+00 9.647437292e+00 0.000000000e+00 0.000000000e+00 1.000000000e+00 0.000000000e+00
-9.975274685e-01 7.027766124e-02 0.000000000e+00 1.099994579e+00 -7.027766124e-02 -9.975274685e-01 0.000000000e+00 9.648916972e+00 0.000000000e+00 0.000000000e+00 1.000000000e+00 0.000000000e+00
-9.888834640e-01 1.486926178e-01 0.000000000e+00 8.310316479e-01 -1.486926178e-01 -9.888834640e-01 0.000000000e+00 9.632986919e+00 0.000000000e+00 0.000000000e+00 1.000000000e+00 0.000000000e+00
-9.795595964e-01 2.011541623e-01 0.000000000e+00 6.020742449e-01 -2.011541623e-01 -9.795595964e-01 0.000000000e+00 9.598222448e+00 0.000000000e+00 0.000000000e+00 1.000000000e+00 0.000000000e+00
-9.659885350e-01 2.585848995e-01 0.000000000e+00 3.536813961e-01 -2.585848995e-01 -9.659885350e-01 0.000000000e+00 9.543194760e+00 0.000000000e+00 0.000000000e+00 1.000000000e+00 0.000000000e+00
-9.520577580e-01 3.059183312e-01 0.000000000e+00 1.295888684e-01 -3.059183312e-01 -9.520577580e-01 0.000000000e+00 9.486694935e+00 0.000000000e+00 0.000000000e+00 1.000000000e+00 0.000000000e+00
-9.265335836e-01 3.762120659e-01 0.000000000e+00 -1.078561781e-01 -3.762120659e-01 -9.265335836e-01 0.000000000e+00 9.406452475e+00 0.000000000e+00 0.000000000e+00 1.000000000e+00 0.000000000e+00
-9.135856561e-01 4.066463439e-01 0.000000000e+00 -3.104071541e-01 -4.066463439e-01 -9.135856561e-01 0.000000000e+00 9.341430464e+00 0.000000000e+00 0.000000000e+00 1.000000000e+00 0.000000000e+00
-8.789615367e-01 4.768926683e-01 0.000000000e+00 -5.415577403e-01 -4.768926683e-01 -8.789615367e-01 0.000000000e+00 9.233793092e+00 0.000000000e+00 0.000000000e+00 1.000000000e+00 0.000000000e+00
-8.555726319e-01 5.176827905e-01 0.000000000e+00 -7.411411878e-01 -5.176827905e-01 -8.555726319e-01 0.000000000e+00 9.128955028e+00 0.000000000e+00 0.000000000e+00 1.000000000e+00 0.000000000e+00
-8.245073264e-01 5.658512779e-01 0.000000000e+00 -9.463738333e-01 -5.658512779e-01 -8.245073264e-01 0.000000000e+00 8.996847295e+00 0.000000000e+00 0.000000000e+00 1.000000000e+00 0.000000000e+00
-7.907930529e-01 6.120836115e-01 0.000000000e+00 -1.139722095e+00 -6.120836115e-01 -7.907930529e-01 0.000000000e+00 8.860448306e+00 0.000000000e+00 0.000000000e+00 1.000000000e+00 0.000000000e+00
-7.504512772e-01 6.609257753e-01 0.000000000e+00 -1.339430930e+00 -6.609257753e-01 -7.504512772e-01 0.000000000e+00 8.696977529e+00 0.000000000e+00 0.000000000e+00 1.000000000e+00 0.000000000e+00
-7.116472616e-01 7.025369564e-01 0.000000000e+00 -1.540335336e+00 -7.025369564e-01 -7.116472616e-01 0.000000000e+00 8.509291429e+00 0.000000000e+00 0.000000000e+00 1.000000000e+00 0.000000000e+00
-6.627167087e-01 7.488701917e-01 0.000000000e+00 -1.717402557e+00 -7.488701917e-01 -6.627167087e-01 0.000000000e+00 8.324778905e+00 0.000000000e+00 0.000000000e+00 1.000000000e+00 0.000000000e+00
-6.232602156e-01 7.820145162e-01 0.000000000e+00 -1.863639946e+00 -7.820145162e-01 -6.232602156e-01 0.000000000e+00 8.147000075e+00 0.000000000e+00 0.000000000e+00 1.000000000e+00 0.000000000e+00
-5.768542762e-01 8.168470751e-01 0.000000000e+00 -2.006218836e+00 -8.168470751e-01 -5.768542762e-01 0.000000000e+00 7.948554620e+00 0.000000000e+00 0.000000000e+00 1.000000000e+00 0.000000000e+00
-5.248130067e-01 8.512175445e-01 0.000000000e+00 -2.157376379e+00 -8.512175445e-01 -5.248130067e-01 0.000000000e+00 7.715322783e+00 0.000000000e+00 0.000000000e+00 1.000000000e+00 0.000000000e+00
-4.796970288e-01 8.774341916e-01 0.000000000e+00 -2.274747872e+00 -8.774341916e-01 -4.796970288e-01 0.000000000e+00 7.508877957e+00 0.000000000e+00 0.000000000e+00 1.000000000e+00 0.000000000e+00
-4.206027944e-01 9.072448894e-01 0.000000000e+00 -2.401177497e+00 -9.072448894e-01 -4.206027944e-01 0.000000000e+00 7.242972970e+00 0.000000000e+00 0.000000000e+00 1.000000000e+00 0.000000000e+00
-3.613319972e-01 9.324372299e-01 0.000000000e+00 -2.508988829e+00 -9.324372299e-01 -3.613319972e-01 0.000000000e+00 6.983027599e+00 0.000000000e+00 0.000000000e+00 1.000000000e+00 0.000000000e+00
-3.110780593e-01 9.503843649e-01 0.000000000e+00 -2.583393060e+00 -9.503843649e-01 -3.110780593e-01 0.000000000e+00 6.744030277e+00 0.000000000e+00 0.000000000e+00 1.000000000e+00 0.000000000e+00
-2.581897660e-01 9.660942215e-01 0.000000000e+00 -2.647467439e+00 -9.660942215e-01 -2.581897660e-01 0.000000000e+00 6.505233995e+00 0.000000000e+00 0.000000000e+00 1.000000000e+00 0.000000000e+00
-2.083497606e-01 9.780543836e-01 0.000000000e+00 -2.700341914e+00 -9.780543836e-01 -2.083497606e-01 0.000000000e+00 6.266241888e+00 0.000000000e+00 0.000000000e+00 1.000000000e+00 0.000000000e+00
-1.548446280e-01 9.879388347e-01 0.000000000e+00 -2.742331315e+00 -9.879388347e-01 -1.548446280e-01 0.000000000e+00 6.018711970e+00 0.000000000e+00 0.000000000e+00 1.000000000e+00 0.000000000e+00
