1.000000000e+00 0.000000000e+00 0.000000000e+00 0.000000000e+00 0.000000000e+00 1.000000000e+00 0.000000000e+00 0.000000000e+00 0.000000000e+00 0.000000000e+00 1.000000000e+00 0.000000000e+00
9.982390498e-01 -5.931946870e-02 0.000000000e+00 2.820569051e-01 5.931946870e-02 9.982390498e-01 0.000000000e+00 1.332645632e-02 0.000000000e+00 0.000000000e+00 1.000000000e+00 0.000000000e+00
9.938229761e-01 -1.109769893e-01 0.000000000e+00 5.511208123e-01 1.109769893e-01 9.938229761e-01 0.000000000e+00 3.728871424e-02 0.000000000e+00 0.000000000e+00 1.000000000e+00 0.000000000e+00
9.860182632e-01 -1.666372848e-01 0.000000000e+00 8.270974853e-01 1.666372848e-01 9.860182632e-01 0.000000000e+00 7.757608654e-02 0.000000000e+00 0.000000000e+00 1.000000000e+00 0.000000000e+00
9.736858177e-01 -2.278945553e-01 0.000000000e+00 1.111367782e+00 2.278945553e-01 9.736858177e-01 0.000000000e+00 1.351975004e-01 0.000000000e+00 0.000000000e+00 1.000000000e+00 0.000000000e+00
9.563109370e-01 -2.923514867e-01 0.000000000e+00 1.407903869e+00 2.923514867e-01 9.563109370e-01 0.000000000e+00 2.116215761e-01 0.000000000e+00 0.000000000e+00 1.000000000e+00 0.000000000e+00
9.393552361e-01 -3.429456816e-01 0.000000000e+00 1.673164135e+00 3.429456816e-01 9.393552361e-01 0.000000000e+00 3.020169224e-01 0.000000000e+00 0.000000000e+00 1.000000000e+00 0.000000000e+00
9.149302288e-01 -4.036120371e-01 0.000000000e+00 1.955993618e+00 4.036120371e-01 9.149302288e-01 0.000000000e+00 4.123619464e-01 0.000000000e+00 0.000000000e+00 1.000000000e+00 0.000000000e+00
8.889852994e-01 -4.579357351e-01 0.000000000e+00 2.223655520e+00 4.579357351e-01 8.889852994e-01 0.000000000e+00 5.407288676e-01 0.000000000e+00 0.000000000e+00 1.000000000e+00 0.000000000e+00
8.603317637e-01 -5.097344959e-01 0.000000000e+00 2.470241139e+00 5.097344959e-01 8.603317637e-01 0.000000000e+00 6.771564112e-01 0.000000000e+00 0.000000000e+00 1.000000000e+00 0.000000000e+00
8.310742577e-01 -5.561614678e-01 0.000000000e+00 2.703523073e+00 5.561614678e-01 8.310742577e-01 0.000000000e+00 8.215306168e-01 0.000000000e+00 0.000000000e+00 1.000000000e+00 0.000000000e+00
7.962167522e-01 -6.050114738e-01 0.000000000e+00 2.948663156e+00 6.050114738e-01 7.962167522e-01 0.000000000e+00 9.890274147e-01 0.000000000e+00 0.000000000e+00 1.000000000e+00 0.000000000e+00
7.585961212e-01 -6.515611444e-01 0.000000000e+00 3.178663791e+00 6.515611444e-01 7.585961212e-01 0.000000000e+00 1.170853768e+00 0.000000000e+00 0.000000000e+00 1.000000000e+00 0.000000000e+00
7.242052008e-01 -6.895845323e-01 0.000000000e+00 3.378612914e+00 6.895845323e-01 7.242052008e-01 0.000000000e+00 1.337829558e+00 0.000000000e+00 0.000000000e+00 1.000000000e+00 0.000000000e+00
6.808087218e-01 -7.324612511e-01 0.000000000e+00 3.586226189e+00 7.324612511e-01 6.808087218e-01 0.000000000e+00 1.549393453e+00 0.000000000e+00 0.000000000e+00 1.000000000e+00 0.000000000e+00
6.427940395e-01 -7.660390478e-01 0.000000000e+00 3.762450564e+00 7.660390478e-01 6.427940395e-01 0.000000000e+00 1.739396936e+00 0.000000000e+00 0.000000000e+00 1.000000000e+00 0.000000000e+00
5.991658984e-01 -8.006248973e-01 0.000000000e+00 3.943987630e+00 8.006248973e-01 5.991658984e-01 0.000000000e+00 1.946834986e+00 0.000000000e+00 0.000000000e+00 1.000000000e+00 0.000000000e+00
5.546618525e-01 -8.320758556e-01 0.000000000e+00 4.114198165e+00 8.320758556e-01 5.546618525e-01 0.000000000e+00 2.164123367e+00 0.000000000e+00 0.000000000e+00 1.000000000e+00 0.000000000e+00
5.079618563e-01 -8.613795636e-01 0.000000000e+00 4.272838965e+00 8.613795636e-01 5.079618563e-01 0.000000000e+00 2.393148674e+00 0.000000000e+00 0.000000000e+00 1.000000000e+00 0.000000000e+00
4.553367563e-01 -8.903192901e-01 0.000000000e+00 4.426467056e+00 8.903192901e-01 4.553367563e-01 0.000000000e+00 2.634704188e+00 0.000000000e+00 0.000000000e+00 1.000000000e+00 0.000000000e+00
4.024584152e-01 -9.154382688e-01 0.000000000e+00 4.565812593e+00 9.154382688e-01 4.024584152e-01 0.000000000e+00 2.889410371e+00 0.000000000e+00 0.000000000e+00 1.000000000e+00 0.000000000e+00
3.528402207e-01 -9.356835890e-01 0.000000000e+00 4.681432964e+00 9.356835890e-01 3.528402207e-01 0.000000000e+00 3.136306264e+00 0.000000000e+00 0.000000000e+00 1.000000000e+00 0.000000000e+00
2.880009512e-01 -9.576301228e-01 0.000000000e+00 4.800279274e+00 9.576301228e-01 2.880009512e-01 0.000000000e+00 3.444920203e+00 0.000000000e+00 0.000000000e+00 1.000000000e+00 0.000000000e+00
2.381017905e-01 -9.712402058e-01 0.000000000e+00 4.878684144e+00 9.712402058e-01 2.381017905e-01 0.000000000e+00 3.688668973e+00 0.000000000e+00 0.000000000e+00 1.000000000e+00 0.000000000e+00
1.821640329e-01 -9.832681552e-01 0.000000000e+00 4.944178746e+00 9.832681552e-01 1.821640329e-01 0.000000000e+00 3.967649353e+00 0.000000000e+00 0.000000000e+00 1.000000000e+00 0.000000000e+00
1.265948138e-01 -9.919545116e-01 0.000000000e+00 5.009777888e+00 9.919545116e-01 1.265948138e-01 0.000000000e+00 4.237552249e+00 0.000000000e+00 0.000000000e+00 1.000000000e+00 0.000000000e+00
7.447996217e-02 -9.972225104e-01 0.000000000e+00 5.060500808e+00 9.972225104e-01 7.447996217e-02 0.000000000e+00 4.502394926e+00 0.000000000e+00 0.000000000e+00 1.000000000e+00 0.000000000e+00
7.760619491e-03 -9.999698859e-01 0.000000000e+00 5.110379103e+00 9.999698859e-01 7.760619491e-03 0.000000000e+00 4.798937992e+00 0.000000000e+00 0.000000000e+00 1.000000000e+00 0.000000000e+00
-4.079235352e-02 -9.991676455e-01 0.000000000e+00 5.120192901e+00 9.991676455e-01 -4.079235352e-02 0.000000000e+00 5.042226783e+00 0.000000000e+00 0.000000000e+00 1.000000000e+00 0.000000000e+00
-1.051999863e-01 -9.944510862e-01 0.000000000e+00 5.114714836e+00 9.944510862e-01 -1.051999863e-01 0.000000000e+00 5.348114883e+00 0.000000000e+00 0.000000000e+00 1.000000000e+00 0.000000000e+00
-1.704003540e-01 -9.853749131e-01 0.000000000e+00 5.104537480e+00 9.853749131e-01 -1.704003540e-01 0.000000000e+00 5.645881585e+00 0.000000000e+00 0.000000000e+00 1.000000000e+00 0.000000000e+00
-2.239471512e-01 -9.746012895e-01 0.000000000e+00 5.065957174e+00 9.746012895e-01 -2.239471512e-01 0.000000000e+00 5.905953580e+00 0.000000000e+00 0.000000000e+00 1.000000000e+00 0.000000000e+00
-2.746723423e-01 -9.615378850e-01 0.000000000e+00 5.011292757e+00 9.615378850e-01 -2.746723423e-01 0.000000000e+00 6.156285955e+00 0.000000000e+00 0.000000000e+00 1.000000000e+00 0.000000000e+00
-3.223351734e-01 -9.466256050e-01 0.000000000e+00 4.947212337e+00 9.466256050e-01 -3.223351734e-01 0.000000000e+00 6.383911575e+00 0.000000000e+00 0.000000000e+00 1.000000000e+00 0.000000000e+00
-3.629159769e-01 -9.318218680e-01 0.000000000e+00 4.904711367e+00 9.318218680e-01 -3.629159769e-01 0.000000000e+00 6.645496162e+00 0.000000000e+00 0.000000000e+00 1.000000000e+00 0.000000000e+00
-4.100238561e-01 -9.120747981e-01 0.000000000e+00 4.818187480e+00 9.120747981e-01 -4.100238561e-01 0.000000000e+00 6.879241181e+00 0.000000000e+00 0.000000000e+00 1.000000000e+00 0.000000000e+00
-4.627852718e-01 -8.864704125e-01 0.000000000e+00 4.720521270e+00 8.864704125e-01 -4.627852718e-01 0.000000000e+00 7.142140572e+00 0.000000000e+00 0.000000000e+00 1.000000000e+00 0.000000000e+00
-5.140756261e-01 -8.577448634e-01 0.000000000e+00 4.607513666e+00 8.577448634e-01 -5.140756261e-01 0.000000000e+00 7.397210665e+00 0.000000000e+00 0.000000000e+00 1.000000000e+00 0.000000000e+00
-5.656978767e-01 -8.246125832e-01 0.000000000e+00 4.449027875e+00 8.246125832e-01 -5.656978767e-01 0.000000000e+00 7.646610717e+00 0.000000000e+00 0.000000000e+00 1.000000000e+00 0.000000000e+00
-5.914806367e-01 -8.063192025e-01 0.000000000e+00 4.347476520e+00 8.063192025e-01 -5.914806367e-01 0.000000000e+00 7.850172990e+00 0.000000000e+00 0.000000000e+00 1.000000000e+00 0.000000000e+00
-6.365845959e-01 -7.712068803e-01 0.000000000e+00 4.218314350e+00 7.712068803e-01 -6.365845959e-01 0.000000000e+00 8.077925435e+00 0.000000000e+00 0.000000000e+00 1.000000000e+00 0.000000000e+00
-6.769360510e-01 -7.360418350e-01 0.000000000e+00 4.051497520e+00 7.360418350e-01 -6.769360510e-01 0.000000000e+00 8.287673544e+00 0.000000000e+00 0.000000000e+00 1.000000000e+00 0.000000000e+00
-7.208605387e-01 -6.930801423e-01 0.000000000e+00 3.901573536e+00 6.930801423e-01 -7.208605387e-01 0.000000000e+00 8.496922149e+00 0.000000000e+00 0.000000000e+00 1.000000000e+00 0.000000000e+00
-7.584242000e-01 -6.517612545e-01 0.000000000e+00 3.750787346e+00 6.517612545e-01 -7.584242000e-01 0.000000000e+00 8.703662811e+00 0.000000000e+00 0.000000000e+00 1.000000000e+00 0.000000000e+00
-7.912950389e-01 -6.114345112e-01 0.000000000e+00 3.561004099e+00 6.114345112e-01 -7.912950389e-01 0.000000000e+00 8.881901524e+00 0.000000000e+00 0.000000000e+00 1.000000000e+00 0.000000000e+00
-8.244916919e-01 -5.658740584e-01 0.000000000e+00 3.383641909e+00 5.658740584e-01 -8.244916919e-01 0.000000000e+00 9.059876184e+00 0.000000000e+00 0.000000000e+00 1.000000000e+00 0.000000000e+00
-8.511673897e-01 -5.248943462e-01 0.000000000e+00 3.194522173e+00 5.248943462e-01 -8.511673897e-01 0.000000000e+00 9.202702351e+00 0.000000000e+00 0.000000000e+00 1.000000000e+00 0.000000000e+00
-8.797629026e-01 -4.754126999e-01 0.000000000e+00 2.979521808e+00 4.754126999e-01 -8.797629026e-01 0.000000000e+00 9.345745817e+00 0.000000000e+00 0.000000000e+00 1.000000000e+00 0.000000000e+00
-9.102981041e-01 -4.139533326e-01 0.000000000e+00 2.716741647e+00 4.139533326e-01 -9.102981041e-01 0.000000000e+00 9.502519197e+00 0.000000000e+00 0.000000000e+00 1.000000000e+00 0.000000000e+00
-9.340244906e-01 -3.572089739e-01 0.000000000e+00 2.487386898e+00 3.572089739e-01 -9.340244906e-01 0.000000000e+00 9.633734007e+00 0.000000000e+00 0.000000000e+00 1.000000000e+00 0.000000000e+00
-9.495017038e-01 -3.137618756e-01 0.000000000e+00 2.287972220e+00 3.137618756e-01 -9.495017038e-01 0.000000000e+00 9.731170099e+00 0.000000000e+00 0.000000000e+00 1.000000000e+00 0.000000000e+00
-9.670695941e-01 -2.545120825e-01 0.000000000e+00 2.047231625e+00 2.545120825e-01 -9.670695941e-01 0.000000000e+00 9.836089331e+00 0.000000000e+00 0.000000000e+00 1.000000000e+00 0.000000000e+00
-9.789831154e-01 -2.039413146e-01 0.000000000e+00 1.816806285e+00 2.039413146e-01 -9.789831154e-01 0.000000000e+00 9.909118384e+00 0.000000000e+00 0.000000000e+00 1.000000000e+00 0.000000000e+00
-9.881933853e-01 -1.532117267e-01 0.000000000e+00 1.598562964e+00 1.532117267e-01 -9.881933853e-01 0.000000000e+00 9.977849759e+00 0.000000000e+00 0.000000000e+00 1.000000000e+00 0.000000000e+00
-9.955594368e-01 -9.413505110e-02 0.000000000e+00 1.348557627e+00 9.413505110e-02 -9.955594368e-01 0.000000000e+00 1.003672840e+01 0.000000000e+00 0.000000000e+00 1.000000000e+00 0.000000000e+00
-9.993794508e-01 -3.522375974e-02 0.000000000e+00 1.090001461e+00 3.522375974e-02 -9.993794508e-01 0.000000000e+00 1.006788416e+01 0.000000000e+00 0.000000000e+00 1.000000000e+00 0.000000000e+00
-9.997106798e-01 2.405320682e-02 0.000000000e+00 8.143782986e-01 -2.405320682e-02 -9.997106798e-01 0.000000000e+00 1.008428463e+01 0.000000000e+00 0.000000000e+00 1.000000000e+00 0.000000000e+00
-9.968457838e-01 7.936298474e-02 0.000000000e+00 5.669515218e-01 -7.936298474e-02 -9.968457838e-01 0.000000000e+00 1.009173470e+01 0.000000000e+00 0.000000000e+00 1.000000000e+00 0.000000000e+00
-9.909405171e-01 1.343014947e-01 0.000000000e+00 3.307411791e-01 -1.343014947e-01 -9.909405171e-01 0.000000000e+00 1.007785561e+01 0.000000000e+00 0.000000000e+00 1.000000000e+00 0.000000000e+00
-9.817320975e-01 1.902684648e-01 0.000000000e+00 7.984509455e-02 -1.902684648e-01 -9.817320975e-01 0.000000000e+00 1.005787800e+01 0.000000000e+00 0.000000000e+00 1.000000000e+00 0.000000000e+00
-9.703336719e-01 2.417696532e-01 0.000000000e+00 -1.564507728e-01 -2.417696532e-01 -9.703336719e-01 0.000000000e+00 1.001123233e+01 0.000000000e+00 0.000000000e+00 1.000000000e+00 0.000000000e+00
-9.545318406e-01 2.981089823e-01 0.000000000e+00 -4.153979429e-01 -2.981089823e-01 -9.545318406e-01 0.000000000e+00 9.948927154e+00 0.000000000e+00 0.000000000e+00 1.000000000e+00 0.000000000e+00
-9.360114234e-01 3.519696226e-01 0.000000000e+00 -6.458529041e-01 -3.519696226e-01 -9.360114234e-01 0.000000000e+00 9.885061949e+00 0.000000000e+00 0.000000000e+00 1.000000000e+00 0.000000000e+00
-9.167906748e-01 3.993680741e-01 0.000000000e+00 -8.367334694e-01 -3.993680741e-01 -9.167906748e-01 0.000000000e+00 9.823312600e+00 0.000000000e+00 0.000000000e+00 1.000000000e+00 0.000000000e+00
-8.921374167e-01 4.517641306e-01 0.000000000e+00 -1.053035472e+00 -4.517641306e-01 -8.921374167e-01 0.000000000e+00 9.744268534e+00 0.000000000e+00 0.000000000e+00 1.000000000e+00 0.000000000e+00
-8.506802682e-01 5.256834421e-01 0.000000000e+00 -1.294513455e+00 -5.256834421e-01 -8.506802682e-01 0.000000000e+00 9.631091484e+00 0.000000000e+00 0.000000000e+00 1.000000000e+00 0.000000000e+00
-8.182524317e-01 5.748590767e-01 0.000000000e+00 -1.519628412e+00 -5.748590767e-01 -8.182524317e-01 0.000000000e+00 9.482372892e+00 0.000000000e+00 0.000000000e+00 1.000000000e+00 0.000000000e+00
-7.825786388e-01 6.225517441e-01 0.000000000e+00 -1.714941094e+00 -6.225517441e-01 -7.825786388e-01 0.000000000e+00 9.351524950e+00 0.000000000e+00 0.000000000e+00 1.000000000e+00 0.000000000e+00
-7.450329249e-01 6.670276912e-01 0.000000000e+00 -1.923065248e+00 -6.670276912e-01 -7.450329249e-01 0.000000000e+00 9.193352565e+00 0.000000000e+00 0.000000000e+00 1.000000000e+00 0.000000000e+00
-7.056743785e-01 7.085362881e-01 0.000000000e+00 -2.102761930e+00 -7.085362881e-01 -7.056743785e-01 0.000000000e+00 9.029111824e+00 0.000000000e+00 0.000000000e+00 1.000000000e+00 0.000000000e+00
-6.573220208e-01 7.536098201e-01 0.000000000e+00 -2.291078390e+00 -7.536098201e-01 -6.573220208e-01 0.000000000e+00 8.839521899e+00 0.000000000e+00 0.000000000e+00 1.000000000e+00 0.000000000e+00
-6.034357173e-01 7.974116472e-01 0.000000000e+00 -2.477104798e+00 -7.974116472e-01 -6.034357173e-01 0.000000000e+00 8.628710276e+00 0.000000000e+00 0.000000000e+00 1.000000000e+00 0.000000000e+00
-5.540924625e-01 8.324551297e-01 0.000000000e+00 -2.645982054e+00 -8.324551297e-01 -5.540924625e-01 0.000000000e+00 8.383874442e+00 0.000000000e+00 0.000000000e+00 1.000000000e+00 0.000000000e+00
-5.054045349e-01 8.628825274e-01 0.000000000e+00 -2.768786774e+00 -8.628825274e-01 -5.054045349e-01 0.000000000e+00 8.192674431e+00 0.000000000e+00 0.000000000e+00 1.000000000e+00 0.000000000e+00
-4.489746091e-01 8.935445150e-01 0.000000000e+00 -2.902216828e+00 -8.935445150e-01 -4.489746091e-01 0.000000000e+00 7.947427883e+00 0.000000000e+00 0.000000000e+00 1.000000000e+00 0.000000000e+00
-4.003827439e-01 9.163480007e-01 0.000000000e+00 -3.002222144e+00 -9.163480007e-01 -4.003827439e-01 0.000000000e+00 7.725294963e+00 0.000000000e+00 0.000000000e+00 1.000000000e+00 0.000000000e+00
-3.446233641e-01 9.387410383e-01 0.000000000e+00 -3.097666313e+00 -9.387410383e-01 -3.446233641e-01 0.000000000e+00 7.487861851e+00 0.000000000e+00 0.000000000e+00 1.000000000e+00 0.000000000e+00
-2.775739113e-01 9.607042853e-01 0.000000000e+00 -3.190624940e+00 -9.607042853e-01 -2.775739113e-01 0.000000000e+00 7.184786100e+00 0.000000000e+00 0.000000000e+00 1.000000000e+00 0.000000000e+00
-2.282678329e-01 9.735983753e-01 0.000000000e+00 -3.240928292e+00 -9.735983753e-01 -2.282678329e-01 0.000000000e+00 6.963352089e+00 0.000000000e+00 0.000000000e+00 1.000000000e+00 0.000000000e+00
-1.680055421e-01 9.857860507e-01 0.000000000e+00 -3.287473050e+00 -9.857860507e-01 -1.680055421e-01 0.000000000e+00 6.706419611e+00 0.000000000e+00 0.000000000e+00 1.000000000e+00 0.000000000e+00
-1.105616803e-01 9.938692645e-01 0.000000000e+00 -3.321361583e+00 -9.938692645e-01 -1.105616803e-01 0.000000000e+00 6.447193518e+00 0.000000000e+00 0.000000000e+00 1.000000000e+00 0.000000000e+00
