1.000000000e+00 0.000000000e+00 0.000000000e+00 0.000000000e+00 0.000000000e+00 1.000000000e+00 0.000000000e+00 0.000000000e+00 0.000000000e+00 0.000000000e+00 1.000000000e+00 0.000000000e+00
9.980388575e-01 -6.259743544e-02 0.000000000e+00 -9.949096579e-03 6.259743544e-02 9.980388575e-01 0.000000000e+00 2.828502638e-01 0.000000000e+00 0.000000000e+00 1.000000000e+00 0.000000000e+00
9.919296298e-01 -1.267896271e-01 0.000000000e+00 -3.592203930e-02 1.267896271e-01 9.919296298e-01 0.000000000e+00 5.640625791e-01 0.000000000e+00 0.000000000e+00 1.000000000e+00 0.000000000e+00
9.824531895e-01 -1.865093309e-01 0.000000000e+00 -8.857732196e-02 1.865093309e-01 9.824531895e-01 0.000000000e+00 8.371505747e-01 0.000000000e+00 0.000000000e+00 1.000000000e+00 0.000000000e+00
9.689382090e-01 -2.473029461e-01 0.000000000e+00 -1.564594555e-01 2.473029461e-01 9.689382090e-01 0.000000000e+00 1.110698580e+00 0.000000000e+00 0.000000000e+00 1.000000000e+00 0.000000000e+00
9.510754916e-01 -3.089585883e-01 0.000000000e+00 -2.253995234e-01 3.089585883e-01 9.510754916e-01 0.000000000e+00 1.381943911e+00 0.000000000e+00 0.000000000e+00 1.000000000e+00 0.000000000e+00
9.288769038e-01 -3.703885766e-01 0.000000000e+00 -3.128737089e-01 3.703885766e-01 9.288769038e-01 0.000000000e+00 1.645637924e+00 0.000000000e+00 0.000000000e+00 1.000000000e+00 0.000000000e+00
9.034803018e-01 -4.286296120e-01 0.000000000e+00 -4.162598926e-01 4.286296120e-01 9.034803018e-01 0.000000000e+00 1.909149629e+00 0.000000000e+00 0.000000000e+00 1.000000000e+00 0.000000000e+00
8.747617016e-01 -4.845533670e-01 0.000000000e+00 -5.493084399e-01 4.845533670e-01 8.747617016e-01 0.000000000e+00 2.156569844e+00 0.000000000e+00 0.000000000e+00 1.000000000e+00 0.000000000e+00
8.427982501e-01 -5.382296068e-01 0.000000000e+00 -6.851626983e-01 5.382296068e-01 8.427982501e-01 0.000000000e+00 2.396241170e+00 0.000000000e+00 0.000000000e+00 1.000000000e+00 0.000000000e+00
8.066482114e-01 -5.910318630e-01 0.000000000e+00 -8.399421684e-01 5.910318630e-01 8.066482114e-01 0.000000000e+00 2.630377127e+00 0.000000000e+00 0.000000000e+00 1.000000000e+00 0.000000000e+00
7.678135864e-01 -6.406733150e-01 0.000000000e+00 -1.008977169e+00 6.406733150e-01 7.678135864e-01 0.000000000e+00 2.857331313e+00 0.000000000e+00 0.000000000e+00 1.000000000e+00 0.000000000e+00
7.262232865e-01 -6.874588993e-01 0.000000000e+00 -1.193220835e+00 6.874588993e-01 7.262232865e-01 0.000000000e+00 3.066153110e+00 0.000000000e+00 0.000000000e+00 1.000000000e+00 0.000000000e+00
6.822302960e-01 -7.311373491e-01 0.000000000e+00 -1.392539125e+00 7.311373491e-01 6.822302960e-01 0.000000000e+00 3.252083868e+00 0.000000000e+00 0.000000000e+00 1.000000000e+00 0.000000000e+00
6.337810797e-01 -7.735124711e-01 0.000000000e+00 -1.593611771e+00 7.735124711e-01 6.337810797e-01 0.000000000e+00 3.448303309e+00 0.000000000e+00 0.000000000e+00 1.000000000e+00 0.000000000e+00
5.834219470e-01 -8.121692137e-01 0.000000000e+00 -1.805612613e+00 8.121692137e-01 5.834219470e-01 0.000000000e+00 3.625647001e+00 0.000000000e+00 0.000000000e+00 1.000000000e+00 0.000000000e+00
5.297914501e-01 -8.481279499e-01 0.000000000e+00 -2.023159302e+00 8.481279499e-01 5.297914501e-01 0.000000000e+00 3.782935623e+00 0.000000000e+00 0.000000000e+00 1.000000000e+00 0.000000000e+00
4.768655770e-01 -8.789762349e-01 0.000000000e+00 -2.258342027e+00 8.789762349e-01 4.768655770e-01 0.000000000e+00 3.920432664e+00 0.000000000e+00 0.000000000e+00 1.000000000e+00 0.000000000e+00
4.213390798e-01 -9.069031811e-01 0.000000000e+00 -2.509375514e+00 9.069031811e-01 4.213390798e-01 0.000000000e+00 4.038949696e+00 0.000000000e+00 0.000000000e+00 1.000000000e+00 0.000000000e+00
3.613495937e-01 -9.324304109e-01 0.000000000e+00 -2.759069267e+00 9.324304109e-01 3.613495937e-01 0.000000000e+00 4.143927625e+00 0.000000000e+00 0.000000000e+00 1.000000000e+00 0.000000000e+00
3.021156318e-01 -9.532712862e-01 0.000000000e+00 -3.021324026e+00 9.532712862e-01 3.021156318e-01 0.000000000e+00 4.233571952e+00 0.000000000e+00 0.000000000e+00 1.000000000e+00 0.000000000e+00
2.417970664e-01 -9.703268412e-01 0.000000000e+00 -3.280712186e+00 9.703268412e-01 2.417970664e-01 0.000000000e+00 4.304550642e+00 0.000000000e+00 0.000000000e+00 1.000000000e+00 0.000000000e+00
1.857805607e-01 -9.825912595e-01 0.000000000e+00 -3.535189016e+00 9.825912595e-01 1.857805607e-01 0.000000000e+00 4.336425361e+00 0.000000000e+00 0.000000000e+00 1.000000000e+00 0.000000000e+00
1.227588793e-01 -9.924365257e-01 0.000000000e+00 -3.784497357e+00 9.924365257e-01 1.227588793e-01 0.000000000e+00 4.386760161e+00 0.000000000e+00 0.000000000e+00 1.000000000e+00 0.000000000e+00
6.049056708e-02 -9.981687689e-01 0.000000000e+00 -4.060748389e+00 9.981687689e-01 6.049056708e-02 0.000000000e+00 4.409883590e+00 0.000000000e+00 0.000000000e+00 1.000000000e+00 0.000000000e+00
-1.953472008e-03 -9.999980920e-01 0.000000000e+00 -4.330490961e+00 9.999980920e-01 -1.953472008e-03 0.000000000e+00 4.415769666e+00 0.000000000e+00 0.000000000e+00 1.000000000e+00 0.000000000e+00
-6.591003860e-02 -9.978255693e-01 0.000000000e+00 -4.588588968e+00 9.978255693e-01 -6.591003860e-02 0.000000000e+00 4.414835112e+00 0.000000000e+00 0.000000000e+00 1.000000000e+00 0.000000000e+00
-1.321571194e-01 -9.912287807e-01 0.000000000e+00 -4.839690383e+00 9.912287807e-01 -1.321571194e-01 0.000000000e+00 4.399257799e+00 0.000000000e+00 0.000000000e+00 1.000000000e+00 0.000000000e+00
-1.942835070e-01 -9.809454210e-01 0.000000000e+00 -5.095577475e+00 9.809454210e-01 -1.942835070e-01 0.000000000e+00 4.349234772e+00 0.000000000e+00 0.000000000e+00 1.000000000e+00 0.000000000e+00
-2.567731808e-01 -9.664716931e-01 0.000000000e+00 -5.352523109e+00 9.664716931e-01 -2.567731808e-01 0.000000000e+00 4.302812651e+00 0.000000000e+00 0.000000000e+00 1.000000000e+00 0.000000000e+00
-3.185388586e-01 -9.479098035e-01 0.000000000e+00 -5.611816410e+00 9.479098035e-01 -3.185388586e-01 0.000000000e+00 4.218154121e+00 0.000000000e+00 0.000000000e+00 1.000000000e+00 0.000000000e+00
-3.767444074e-01 -9.263172521e-01 0.000000000e+00 -5.843719492e+00 9.263172521e-01 -3.767444074e-01 0.000000000e+00 4.130218371e+00 0.000000000e+00 0.000000000e+00 1.000000000e+00 0.000000000e+00
-4.311386398e-01 -9.022856938e-01 0.000000000e+00 -6.054141717e+00 9.022856938e-01 -4.311386398e-01 0.000000000e+00 4.022525010e+00 0.000000000e+00 0.000000000e+00 1.000000000e+00 0.000000000e+00
-4.860353031e-01 -8.739391765e-01 0.000000000e+00 -6.294346528e+00 8.739391765e-01 -4.860353031e-01 0.000000000e+00 3.890927926e+00 0.000000000e+00 0.000000000e+00 1.000000000e+00 0.000000000e+00
-5.395976565e-01 -8.419230185e-01 0.000000000e+00 -6.521265768e+00 8.419230185e-01 -5.395976565e-01 0.000000000e+00 3.749669293e+00 0.000000000e+00 0.000000000e+00 1.000000000e+00 0.000000000e+00
-5.929158311e-01 -8.052644393e-01 0.000000000e+00 -6.744729610e+00 8.052644393e-01 -5.929158311e-01 0.000000000e+00 3.604029167e+00 0.000000000e+00 0.000000000e+00 1.000000000e+00 0.000000000e+00
-6.411793908e-01 -7.673910274e-01 0.000000000e+00 -6.956650233e+00 7.673910274e-01 -6.411793908e-01 0.000000000e+00 3.428992885e+00 0.000000000e+00 0.000000000e+00 1.000000000e+00 0.000000000e+00
-6.888785661e-01 -7.248767628e-01 0.000000000e+00 -7.160010068e+00 7.248767628e-01 -6.888785661e-01 0.000000000e+00 3.242025166e+00 0.000000000e+00 0.000000000e+00 1.000000000e+00 0.000000000e+00
-7.321338117e-01 -6.811608340e-01 0.000000000e+00 -7.334600082e+00 6.811608340e-01 -7.321338117e-01 0.000000000e+00 3.039757649e+00 0.000000000e+00 0.000000000e+00 1.000000000e+00 0.000000000e+00
-7.735972339e-01 -6.336776149e-01 0.000000000e+00 -7.501464079e+00 6.336776149e-01 -7.735972339e-01 0.000000000e+00 2.832338192e+00 0.000000000e+00 0.000000000e+00 1.000000000e+00 0.000000000e+00
-8.124299722e-01 -5.830587794e-01 0.000000000e+00 -7.652891823e+00 5.830587794e-01 -8.124299722e-01 0.000000000e+00 2.618378778e+00 0.000000000e+00 0.000000000e+00 1.000000000e+00 0.000000000e+00
-8.476691653e-01 -5.305251985e-01 0.000000000e+00 -7.791160118e+00 5.305251985e-01 -8.476691653e-01 0.000000000e+00 2.395144957e+00 0.000000000e+00 0.000000000e+00 1.000000000e+00 0.000000000e+00
-8.788141090e-01 -4.771642922e-01 0.000000000e+00 -7.910094452e+00 4.771642922e-01 -8.788141090e-01 0.000000000e+00 2.155104625e+00 0.000000000e+00 0.000000000e+00 1.000000000e+00 0.000000000e+00
-9.072865748e-01 -4.205128668e-01 0.000000000e+00 -8.009176280e+00 4.205128668e-01 -9.072865748e-01 0.000000000e+00 1.900276466e+00 0.000000000e+00 0.000000000e+00 1.000000000e+00 0.000000000e+00
-9.327464085e-01 -3.605331295e-01 0.000000000e+00 -8.097029889e+00 3.605331295e-01 -9.327464085e-01 0.000000000e+00 1.658922098e+00 0.000000000e+00 0.000000000e+00 1.000000000e+00 0.000000000e+00
-9.533912025e-01 -3.017369965e-01 0.000000000e+00 -8.169443900e+00 3.017369965e-01 -9.533912025e-01 0.000000000e+00 1.399830191e+00 0.000000000e+00 0.000000000e+00 1.000000000e+00 0.000000000e+00
-9.699708998e-01 -2.432209972e-01 0.000000000e+00 -8.237754705e+00 2.432209972e-01 -9.699708998e-01 0.000000000e+00 1.134724166e+00 0.000000000e+00 0.000000000e+00 1.000000000e+00 0.000000000e+00
-9.837288215e-01 -1.796596941e-01 0.000000000e+00 -8.298185557e+00 1.796596941e-01 -9.837288215e-01 0.000000000e+00 8.833305715e-01 0.000000000e+00 0.000000000e+00 1.000000000e+00 0.000000000e+00
-9.931789728e-01 -1.165998631e-01 0.000000000e+00 -8.326103773e+00 1.165998631e-01 -9.931789728e-01 0.000000000e+00 6.067421977e-01 0.000000000e+00 0.000000000e+00 1.000000000e+00 0.000000000e+00
-9.984865091e-01 -5.499719126e-02 0.000000000e+00 -8.339202241e+00 5.499719126e-02 -9.984865091e-01 0.000000000e+00 3.347892800e-01 0.000000000e+00 0.000000000e+00 1.000000000e+00 0.000000000e+00
-9.999399826e-01 1.095587585e-02 0.000000000e+00 -8.316336590e+00 -1.095587585e-02 -9.999399826e-01 0.000000000e+00 8.485261652e-02 0.000000000e+00 0.000000000e+00 1.000000000e+00 0.000000000e+00
-9.971892481e-01 7.492398408e-02 0.000000000e+00 -8.294354213e+00 -7.492398408e-02 -9.971892481e-01 0.000000000e+00 -1.878832724e-01 0.000000000e+00 0.000000000e+00 1.000000000e+00 0.000000000e+00
-9.906275722e-01 1.365906778e-01 0.000000000e+00 -8.235930566e+00 -1.365906778e-01 -9.906275722e-01 0.000000000e+00 -4.397186609e-01 0.000000000e+00 0.000000000e+00 1.000000000e+00 0.000000000e+00
-9.798729933e-01 1.996219352e-01 0.000000000e+00 -8.190607927e+00 -1.996219352e-01 -9.798729933e-01 0.000000000e+00 -7.039678526e-01 0.000000000e+00 0.000000000e+00 1.000000000e+00 0.000000000e+00
-9.656860573e-01 2.597122231e-01 0.000000000e+00 -8.101731670e+00 -2.597122231e-01 -9.656860573e-01 0.000000000e+00 -9.527111785e-01 0.000000000e+00 0.000000000e+00 1.000000000e+00 0.000000000e+00
-9.475446488e-01 3.196234323e-01 0.000000000e+00 -8.013285873e+00 -3.196234323e-01 -9.475446488e-01 0.000000000e+00 -1.209087472e+00 0.000000000e+00 0.000000000e+00 1.000000000e+00 0.000000000e+00
-9.249762183e-01 3.800249932e-01 0.000000000e+00 -7.904091605e+00 -3.800249932e-01 -9.249762183e-01 0.000000000e+00 -1.472994814e+00 0.000000000e+00 0.000000000e+00 1.000000000e+00 0.000000000e+00
-8.987218456e-01 4.385191492e-01 0.000000000e+00 -7.777449905e+00 -4.385191492e-01 -8.987218456e-01 0.000000000e+00 -1.715707759e+00 0.000000000e+00 0.000000000e+00 1.000000000e+00 0.000000000e+00
-8.699651502e-01 4.931132096e-01 0.000000000e+00 -7.634682267e+00 -4.931132096e-01 -8.699651502e-01 0.000000000e+00 -1.952496287e+00 0.000000000e+00 0.000000000e+00 1.000000000e+00 0.000000000e+00
-8.349547139e-01 5.503186584e-01 0.000000000e+00 -7.496371188e+00 -5.503186584e-01 -8.349547139e-01 0.000000000e+00 -2.186680937e+00 0.000000000e+00 0.000000000e+00 1.000000000e+00 0.000000000e+00
-7.977659440e-01 6.029672451e-01 0.000000000e+00 -7.341796224e+00 -6.029672451e-01 -7.977659440e-01 0.000000000e+00 -2.398864424e+00 0.000000000e+00 0.000000000e+00 1.000000000e+00 0.000000000e+00
-7.595782707e-01 6.504159060e-01 0.000000000e+00 -7.153243701e+00 -6.504159060e-01 -7.595782707e-01 0.000000000e+00 -2.606643623e+00 0.000000000e+00 0.000000000e+00 1.000000000e+00 0.000000000e+00
-7.162066550e-01 6.978882628e-01 0.000000000e+00 -6.953715565e+00 -6.978882628e-01 -7.162066550e-01 0.000000000e+00 -2.801011217e+00 0.000000000e+00 0.000000000e+00 1.000000000e+00 0.000000000e+00
-6.702224560e-01 7.421602654e-01 0.000000000e+00 -6.756819094e+00 -7.421602654e-01 -6.702224560e-01 0.000000000e+00 -2.987192275e+00 0.000000000e+00 0.000000000e+00 1.000000000e+00 0.000000000e+00
-6.236802142e-01 7.816795957e-01 0.000000000e+00 -6.531898280e+00 -7.816795957e-01 -6.236802142e-01 0.000000000e+00 -3.136388220e+00 0.000000000e+00 0.000000000e+00 1.000000000e+00 0.000000000e+00
-5.695138051e-01 8.219817673e-01 0.000000000e+00 -6.312388493e+00 -8.219817673e-01 -5.695138051e-01 0.000000000e+00 -3.300041960e+00 0.000000000e+00 0.000000000e+00 1.000000000e+00 0.000000000e+00
-5.202191134e-01 8.540328296e-01 0.000000000e+00 -6.071296646e+00 -8.540328296e-01 -5.202191134e-01 0.000000000e+00 -3.439707647e+00 0.000000000e+00 0.000000000e+00 1.000000000e+00 0.000000000e+00
-4.637547532e-01 8.859636160e-01 0.000000000e+00 -5.825694284e+00 -8.859636160e-01 -4.637547532e-01 0.000000000e+00 -3.570333260e+00 0.000000000e+00 0.000000000e+00 1.000000000e+00 0.000000000e+00
-4.094755736e-01 9.123210809e-01 0.000000000e+00 -5.567553324e+00 -9.123210809e-01 -4.094755736e-01 0.000000000e+00 -3.650079998e+00 0.000000000e+00 0.000000000e+00 1.000000000e+00 0.000000000e+00
-3.506593451e-01 9.365030826e-01 0.000000000e+00 -5.307731656e+00 -9.365030826e-01 -3.506593451e-01 0.000000000e+00 -3.748333934e+00 0.000000000e+00 0.000000000e+00 1.000000000e+00 0.000000000e+00
-2.890937311e-01 9.573007963e-01 0.000000000e+00 -5.044193893e+00 -9.573007963e-01 -2.890937311e-01 0.000000000e+00 -3.830418673e+00 0.000000000e+00 0.000000000e+00 1.000000000e+00 0.000000000e+00
-2.316763902e-01 9.727929123e-01 0.000000000e+00 -4.764913616e+00 -9.727929123e-01 -2.316763902e-01 0.000000000e+00 -3.869908907e+00 0.000000000e+00 0.000000000e+00 1.000000000e+00 0.000000000e+00
-1.710188673e-01 9.852677540e-01 0.000000000e+00 -4.487289867e+00 -9.852677540e-01 -1.710188673e-01 0.000000000e+00 -3.912100196e+00 0.000000000e+00 0.000000000e+00 1.000000000e+00 0.000000000e+00
-1.049395160e-01 9.944786061e-01 0.000000000e+00 -4.210132354e+00 -9.944786061e-01 -1.049395160e-01 0.000000000e+00 -3.954741471e+00 0.000000000e+00 0.000000000e+00 1.000000000e+00 0.000000000e+00
-4.382837889e-02 9.990390749e-01 0.000000000e+00 -3.930432026e+00 -9.990390749e-01 -4.382837889e-02 0.000000000e+00 -3.951243327e+00 0.000000000e+00 0.000000000e+00 1.000000000e+00 0.000000000e+00
1.609002190e-02 9.998705472e-01 0.000000000e+00 -3.658187892e+00 -9.998705472e-01 1.609002190e-02 0.000000000e+00 -3.918520011e+00 0.000000000e+00 0.000000000e+00 1.000000000e+00 0.000000000e+00
7.874903023e-02 9.968944730e-01 0.000000000e+00 -3.382473888e+00 -9.968944730e-01 7.874903023e-02 0.000000000e+00 -3.882727335e+00 0.000000000e+00 0.000000000e+00 1.000000000e+00 0.000000000e+00
1.446527942e-01 9.894824754e-01 0.000000000e+00 -3.116219060e+00 -9.894824754e-01 1.446527942e-01 0.000000000e+00 -3.821992450e+00 0.000000000e+00 0.000000000e+00 1.000000000e+00 0.000000000e+00
2.060207885e-01 9.785476149e-01 0.000000000e+00 -2.848178114e+00 -9.785476149e-01 2.060207885e-01 0.000000000e+00 -3.746174306e+00 0.000000000e+00 0.000000000e+00 1.000000000e+00 0.000000000e+00
2.690078219e-01 9.631379921e-01 0.000000000e+00 -2.578320591e+00 -9.631379921e-01 2.690078219e-01 0.000000000e+00 -3.664532643e+00 0.000000000e+00 0.000000000e+00 1.000000000e+00 0.000000000e+00
3.297602420e-01 9.440647132e-01 0.000000000e+00 -2.309757354e+00 -9.440647132e-01 3.297602420e-01 0.000000000e+00 -3.571011521e+00 0.000000000e+00 0.000000000e+00 1.000000000e+00 0.000000000e+00
3.885617153e-01 9.214227007e-01 0.000000000e+00 -2.060628220e+00 -9.214227007e-01 3.885617153e-01 0.000000000e+00 -3.459041421e+00 0.000000000e+00 0.000000000e+00 1.000000000e+00 0.000000000e+00
4.451298800e-01 8.954660183e-01 0.000000000e+00 -1.813054338e+00 -8.954660183e-01 4.451298800e-01 0.000000000e+00 -3.322726172e+00 0.000000000e+00 0.000000000e+00 1.000000000e+00 0.000000000e+00
5.018151700e-01 8.649748754e-01 0.000000000e+00 -1.569213004e+00 -8.649748754e-01 5.018151700e-01 0.000000000e+00 -3.186747857e+00 0.000000000e+00 0.000000000e+00 1.000000000e+00 0.000000000e+00
5.565109281e-01 8.308402896e-01 0.000000000e+00 -1.346696780e+00 -8.308402896e-01 5.565109281e-01 0.000000000e+00 -3.022519468e+00 0.000000000e+00 0.000000000e+00 1.000000000e+00 0.000000000e+00
6.045430417e-01 7.965724768e-01 0.000000000e+00 -1.121072076e+00 -7.965724768e-01 6.045430417e-01 0.000000000e+00 -2.856682886e+00 0.000000000e+00 0.000000000e+00 1.000000000e+00 0.000000000e+00
6.562805439e-01 7.545169632e-01 0.000000000e+00 -9.086395678e-01 -7.545169632e-01 6.562805439e-01 0.000000000e+00 -2.665378729e+00 0.000000000e+00 0.000000000e+00 1.000000000e+00 0.000000000e+00
7.037300036e-01 7.104675095e-01 0.000000000e+00 -7.014691386e-01 -7.104675095e-01 7.037300036e-01 0.000000000e+00 -2.465739472e+00 0.000000000e+00 0.000000000e+00 1.000000000e+00 0.000000000e+00
7.453791354e-01 6.666407912e-01 0.000000000e+00 -5.115186081e-01 -6.666407912e-01 7.453791354e-01 0.000000000e+00 -2.245173173e+00 0.000000000e+00 0.000000000e+00 1.000000000e+00 0.000000000e+00
7.859425177e-01 6.182995705e-01 0.000000000e+00 -3.279444190e-01 -6.182995705e-01 7.859425177e-01 0.000000000e+00 -2.017815839e+00 0.000000000e+00 0.000000000e+00 1.000000000e+00 0.000000000e+00
8.230529397e-01 5.679646630e-01 0.000000000e+00 -1.778539337e-01 -5.679646630e-01 8.230529397e-01 0.000000000e+00 -1.776700450e+00 0.000000000e+00 0.000000000e+00 1.000000000e+00 0.000000000e+00
8.578602973e-01 5.138829733e-01 0.000000000e+00 -1.906039164e-02 -5.138829733e-01 8.578602973e-01 0.000000000e+00 -1.549051004e+00 0.000000000e+00 0.000000000e+00 1.000000000e+00 0.000000000e+00
8.884621112e-01 4.589499722e-01 0.000000000e+00 1.198655311e-01 -4.589499722e-01 8.884621112e-01 0.000000000e+00 -1.298096962e+00 0.000000000e+00 0.000000000e+00 1.000000000e+00 0.000000000e+00
9.160099029e-01 4.011556528e-01 0.000000000e+00 2.312400271e-01 -4.011556528e-01 9.160099029e-01 0.000000000e+00 -1.033552216e+00 0.000000000e+00 0.000000000e+00 1.000000000e+00 0.000000000e+00
9.399765634e-01 3.412390074e-01 0.000000000e+00 3.495322061e-01 -3.412390074e-01 9.399765634e-01 0.000000000e+00 -7.804496682e-01 0.000000000e+00 0.000000000e+00 1.000000000e+00 0.000000000e+00
9.592181487e-01 2.826668413e-01 0.000000000e+00 4.283637555e-01 -2.826668413e-01 9.592181487e-01 0.000000000e+00 -5.071176457e-01 0.000000000e+00 0.000000000e+00 1.000000000e+00 0.000000000e+00
9.757549911e-01 2.188657062e-01 0.000000000e+00 4.982746306e-01 -2.188657062e-01 9.757549911e-01 0.000000000e+00 -2.314244049e-01 0.000000000e+00 0.000000000e+00 1.000000000e+00 0.000000000e+00
9.876556463e-01 1.566407493e-01 0.000000000e+00 5.402595247e-01 -1.566407493e-01 9.876556463e-01 0.000000000e+00 5.428174505e-02 0.000000000e+00 0.000000000e+00 1.000000000e+00 0.000000000e+00
9.956440301e-01 9.323607349e-02 0.000000000e+00 5.734030508e-01 -9.323607349e-02 9.956440301e-01 0.000000000e+00 3.313617825e-01 0.000000000e+00 0.000000000e+00 1.000000000e+00 0.000000000e+00
9.995314326e-01 3.060906988e-02 0.000000000e+00 5.824526409e-01 -3.060906988e-02 9.995314326e-01 0.000000000e+00 6.189808735e-01 0.000000000e+00 0.000000000e+00 1.000000000e+00 0.000000000e+00
9.994541257e-01 -3.303711099e-02 0.000000000e+00 5.787843514e-01 3.303711099e-02 9.994541257e-01 0.000000000e+00 8.944521095e-01 0.000000000e+00 0.000000000e+00 1.000000000e+00 0.000000000e+00
9.954305547e-01 -9.548827504e-02 0.000000000e+00 5.600100773e-01 9.548827504e-02 9.954305547e-01 0.000000000e+00 1.169747718e+00 0.000000000e+00 0.000000000e+00 1.000000000e+00 0.000000000e+00
9.872862056e-01 -1.589526603e-01 0.000000000e+00 5.265718659e-01 1.589526603e-01 9.872862056e-01 0.000000000e+00 1.444581082e+00 0.000000000e+00 0.000000000e+00 1.000000000e+00 0.000000000e+00
9.758743502e-01 -2.183328940e-01 0.000000000e+00 4.647822582e-01 2.183328940e-01 9.758743502e-01 0.000000000e+00 1.713404468e+00 0.000000000e+00 0.000000000e+00 1.000000000e+00 0.000000000e+00
9.603724064e-01 -2.787200046e-01 0.000000000e+00 3.875443496e-01 2.787200046e-01 9.603724064e-01 0.000000000e+00 1.979217409e+00 0.000000000e+00 0.000000000e+00 1.000000000e+00 0.000000000e+00
9.404853534e-01 -3.398342242e-01 0.000000000e+00 3.092029882e-01 3.398342242e-01 9.404853534e-01 0.000000000e+00 2.244017458e+00 0.000000000e+00 0.000000000e+00 1.000000000e+00 0.000000000e+00
9.163587194e-01 -4.003582112e-01 0.000000000e+00 2.126236159e-01 4.003582112e-01 9.163587194e-01 0.000000000e+00 2.500024960e+00 0.000000000e+00 0.000000000e+00 1.000000000e+00 0.000000000e+00
8.891088043e-01 -4.576958970e-01 0.000000000e+00 1.000870911e-01 4.576958970e-01 8.891088043e-01 0.000000000e+00 2.753543940e+00 0.000000000e+00 0.000000000e+00 1.000000000e+00 0.000000000e+00
8.586359766e-01 -5.125858560e-01 0.000000000e+00 -4.067546290e-02 5.125858560e-01 8.586359766e-01 0.000000000e+00 2.992189685e+00 0.000000000e+00 0.000000000e+00 1.000000000e+00 0.000000000e+00
8.253789964e-01 -5.645790577e-01 0.000000000e+00 -1.895047943e-01 5.645790577e-01 8.253789964e-01 0.000000000e+00 3.215435287e+00 0.000000000e+00 0.000000000e+00 1.000000000e+00 0.000000000e+00
7.875036679e-01 -6.163099651e-01 0.000000000e+00 -3.500022544e-01 6.163099651e-01 7.875036679e-01 0.000000000e+00 3.439523158e+00 0.000000000e+00 0.000000000e+00 1.000000000e+00 0.000000000e+00
7.469315889e-01 -6.649008959e-01 0.000000000e+00 -5.252091343e-01 6.649008959e-01 7.469315889e-01 0.000000000e+00 3.655940821e+00 0.000000000e+00 0.000000000e+00 1.000000000e+00 0.000000000e+00
7.038926025e-01 -7.103064157e-01 0.000000000e+00 -7.151905794e-01 7.103064157e-01 7.038926025e-01 0.000000000e+00 3.854719819e+00 0.000000000e+00 0.000000000e+00 1.000000000e+00 0.000000000e+00
6.585704183e-01 -7.525191055e-01 0.000000000e+00 -9.197487084e-01 7.525191055e-01 6.585704183e-01 0.000000000e+00 4.031331896e+00 0.000000000e+00 0.000000000e+00 1.000000000e+00 0.000000000e+00
6.087353707e-01 -7.933733349e-01 0.000000000e+00 -1.126577336e+00 7.933733349e-01 6.087353707e-01 0.000000000e+00 4.215813600e+00 0.000000000e+00 0.000000000e+00 1.000000000e+00 0.000000000e+00
5.572201997e-01 -8.303647687e-01 0.000000000e+00 -1.344046248e+00 8.303647687e-01 5.572201997e-01 0.000000000e+00 4.382550123e+00 0.000000000e+00 0.000000000e+00 1.000000000e+00 0.000000000e+00
5.025316330e-01 -8.645588227e-01 0.000000000e+00 -1.566159232e+00 8.645588227e-01 5.025316330e-01 0.000000000e+00 4.527650385e+00 0.000000000e+00 0.000000000e+00 1.000000000e+00 0.000000000e+00
4.487717739e-01 -8.936464038e-01 0.000000000e+00 -1.805083822e+00 8.936464038e-01 4.487717739e-01 0.000000000e+00 4.654355209e+00 0.000000000e+00 0.000000000e+00 1.000000000e+00 0.000000000e+00
3.923610026e-01 -9.198113087e-01 0.000000000e+00 -2.059015737e+00 9.198113087e-01 3.923610026e-01 0.000000000e+00 4.762111227e+00 0.000000000e+00 0.000000000e+00 1.000000000e+00 0.000000000e+00
3.316456387e-01 -9.434040335e-01 0.000000000e+00 -2.310808586e+00 9.434040335e-01 3.316456387e-01 0.000000000e+00 4.855532508e+00 0.000000000e+00 0.000000000e+00 1.000000000e+00 0.000000000e+00
2.715963887e-01 -9.624112435e-01 0.000000000e+00 -2.574580569e+00 9.624112435e-01 2.715963887e-01 0.000000000e+00 4.934270477e+00 0.000000000e+00 0.000000000e+00 1.000000000e+00 0.000000000e+00
2.108746955e-01 -9.775131011e-01 0.000000000e+00 -2.834096916e+00 9.775131011e-01 2.108746955e-01 0.000000000e+00 4.993441540e+00 0.000000000e+00 0.000000000e+00 1.000000000e+00 0.000000000e+00
1.545259106e-01 -9.879887362e-01 0.000000000e+00 -3.085692996e+00 9.879887362e-01 1.545259106e-01 0.000000000e+00 5.010236220e+00 0.000000000e+00 0.000000000e+00 1.000000000e+00 0.000000000e+00
9.123737846e-02 -9.958291725e-01 0.000000000e+00 -3.330617498e+00 9.958291725e-01 9.123737846e-02 0.000000000e+00 5.042282024e+00 0.000000000e+00 0.000000000e+00 1.000000000e+00 0.000000000e+00
2.886951353e-02 -9.995831887e-01 0.000000000e+00 -3.605691555e+00 9.995831887e-01 2.886951353e-02 0.000000000e+00 5.054187048e+00 0.000000000e+00 0.000000000e+00 1.000000000e+00 0.000000000e+00
-3.370952119e-02 -9.994316726e-01 0.000000000e+00 -3.872890349e+00 9.994316726e-01 -3.370952119e-02 0.000000000e+00 5.050099164e+00 0.000000000e+00 0.000000000e+00 1.000000000e+00 0.000000000e+00
