1.000000000e+00 5.240776030e-18 0.000000000e+00 0.000000000e+00 5.240776030e-18 1.000000000e+00 0.000000000e+00 -5.551115123e-17 0.000000000e+00 0.000000000e+00 1.000000000e+00 0.000000000e+00
9.961422737e-01 -8.775289466e-02 0.000000000e+00 -1.144960933e-02 8.775289466e-02 9.961422737e-01 0.000000000e+00 3.117710360e-01 0.000000000e+00 0.000000000e+00 1.000000000e+00 0.000000000e+00
9.703656178e-01 -2.416414035e-01 0.000000000e+00 -5.210729192e-02 2.416414035e-01 9.703656178e-01 0.000000000e+00 6.238731037e-01 0.000000000e+00 0.000000000e+00 1.000000000e+00 0.000000000e+00
9.228237048e-01 -3.852225458e-01 0.000000000e+00 -1.606972972e-01 3.852225458e-01 9.228237048e-01 0.000000000e+00 9.083467431e-01 0.000000000e+00 0.000000000e+00 1.000000000e+00 0.000000000e+00
8.549893951e-01 -5.186454804e-01 0.000000000e+00 -3.014460000e-01 5.186454804e-01 8.549893951e-01 0.000000000e+00 1.184427338e+00 0.000000000e+00 0.000000000e+00 1.000000000e+00 0.000000000e+00
7.713567094e-01 -6.364030381e-01 0.000000000e+00 -4.617423901e-01 6.364030381e-01 7.713567094e-01 0.000000000e+00 1.439140116e+00 0.000000000e+00 0.000000000e+00 1.000000000e+00 0.000000000e+00
6.752032444e-01 -7.376317366e-01 0.000000000e+00 -6.635747595e-01 7.376317366e-01 6.752032444e-01 0.000000000e+00 1.651903471e+00 0.000000000e+00 0.000000000e+00 1.000000000e+00 0.000000000e+00
5.693152995e-01 -8.221192674e-01 0.000000000e+00 -8.629387687e-01 8.221192674e-01 5.693152995e-01 0.000000000e+00 1.858962542e+00 0.000000000e+00 0.000000000e+00 1.000000000e+00 0.000000000e+00
4.585933389e-01 -8.886462454e-01 0.000000000e+00 -1.089132335e+00 8.886462454e-01 4.585933389e-01 0.000000000e+00 2.016705494e+00 0.000000000e+00 0.000000000e+00 1.000000000e+00 0.000000000e+00
3.551420129e-01 -9.348123612e-01 0.000000000e+00 -1.363708282e+00 9.348123612e-01 3.551420129e-01 0.000000000e+00 2.101569019e+00 0.000000000e+00 0.000000000e+00 1.000000000e+00 0.000000000e+00
2.517283992e-01 -9.677979195e-01 0.000000000e+00 -1.613990099e+00 9.677979195e-01 2.517283992e-01 0.000000000e+00 2.168625088e+00 0.000000000e+00 0.000000000e+00 1.000000000e+00 0.000000000e+00
1.457771604e-01 -9.893174513e-01 0.000000000e+00 -1.865877232e+00 9.893174513e-01 1.457771604e-01 0.000000000e+00 2.232998375e+00 0.000000000e+00 0.000000000e+00 1.000000000e+00 0.000000000e+00
4.863857537e-02 -9.988164441e-01 0.000000000e+00 -2.124748873e+00 9.988164441e-01 4.863857537e-02 0.000000000e+00 2.250194687e+00 0.000000000e+00 0.000000000e+00 1.000000000e+00 0.000000000e+00
-4.173212364e-02 -9.991288355e-01 0.000000000e+00 -2.381501240e+00 9.991288355e-01 -4.173212364e-02 0.000000000e+00 2.249522329e+00 0.000000000e+00 0.000000000e+00 1.000000000e+00 0.000000000e+00
-1.228635518e-01 -9.924235727e-01 0.000000000e+00 -2.638710011e+00 9.924235727e-01 -1.228635518e-01 0.000000000e+00 2.221583347e+00 0.000000000e+00 0.000000000e+00 1.000000000e+00 0.000000000e+00
-1.949008269e-01 -9.808229543e-01 0.000000000e+00 -2.877264261e+00 9.808229543e-01 -1.949008269e-01 0.000000000e+00 2.168844118e+00 0.000000000e+00 0.000000000e+00 1.000000000e+00 0.000000000e+00
-2.626034580e-01 -9.649038418e-01 0.000000000e+00 -3.117490493e+00 9.649038418e-01 -2.626034580e-01 0.000000000e+00 2.111803259e+00 0.000000000e+00 0.000000000e+00 1.000000000e+00 0.000000000e+00
-3.228335579e-01 -9.464557538e-01 0.000000000e+00 -3.334159266e+00 9.464557538e-01 -3.228335579e-01 0.000000000e+00 2.035802668e+00 0.000000000e+00 0.000000000e+00 1.000000000e+00 0.000000000e+00
-3.781351986e-01 -9.257503830e-01 0.000000000e+00 -3.543789097e+00 9.257503830e-01 -3.781351986e-01 0.000000000e+00 1.956544684e+00 0.000000000e+00 0.000000000e+00 1.000000000e+00 0.000000000e+00
-4.249991758e-01 -9.051937365e-01 0.000000000e+00 -3.752718210e+00 9.051937365e-01 -4.249991758e-01 0.000000000e+00 1.858764075e+00 0.000000000e+00 0.000000000e+00 1.000000000e+00 0.000000000e+00
-4.678699606e-01 -8.837973184e-01 0.000000000e+00 -3.959085044e+00 8.837973184e-01 -4.678699606e-01 0.000000000e+00 1.754039707e+00 0.000000000e+00 0.000000000e+00 1.000000000e+00 0.000000000e+00
-5.032831316e-01 -8.641215710e-01 0.000000000e+00 -4.163120609e+00 8.641215710e-01 -5.032831316e-01 0.000000000e+00 1.637389510e+00 0.000000000e+00 0.000000000e+00 1.000000000e+00 0.000000000e+00
-5.332823743e-01 -8.459372963e-01 0.000000000e+00 -4.329165657e+00 8.459372963e-01 -5.332823743e-01 0.000000000e+00 1.529457899e+00 0.000000000e+00 0.000000000e+00 1.000000000e+00 0.000000000e+00
-5.596219912e-01 -8.287479876e-01 0.000000000e+00 -4.499771246e+00 8.287479876e-01 -5.596219912e-01 0.000000000e+00 1.400977085e+00 0.000000000e+00 0.000000000e+00 1.000000000e+00 0.000000000e+00
-5.840007736e-01 -8.117531007e-01 0.000000000e+00 -4.688727383e+00 8.117531007e-01 -5.840007736e-01 0.000000000e+00 1.284542535e+00 0.000000000e+00 0.000000000e+00 1.000000000e+00 0.000000000e+00
-6.002836291e-01 -7.997871996e-01 0.000000000e+00 -4.843243863e+00 7.997871996e-01 -6.002836291e-01 0.000000000e+00 1.145996013e+00 0.000000000e+00 0.000000000e+00 1.000000000e+00 0.000000000e+00
-6.155832883e-01 -7.880718338e-01 0.000000000e+00 -5.017642538e+00 7.880718338e-01 -6.155832883e-01 0.000000000e+00 1.009765272e+00 0.000000000e+00 0.000000000e+00 1.000000000e+00 0.000000000e+00
-6.259062139e-01 -7.798983340e-01 0.000000000e+00 -5.183928092e+00 7.798983340e-01 -6.259062139e-01 0.000000000e+00 8.784608421e-01 0.000000000e+00 0.000000000e+00 1.000000000e+00 0.000000000e+00
-6.327731911e-01 -7.743371931e-01 0.000000000e+00 -5.346502456e+00 7.743371931e-01 -6.327731911e-01 0.000000000e+00 7.484761799e-01 0.000000000e+00 0.000000000e+00 1.000000000e+00 0.000000000e+00
-6.390397945e-01 -7.691736742e-01 0.000000000e+00 -5.507135484e+00 7.691736742e-01 -6.390397945e-01 0.000000000e+00 6.234974396e-01 0.000000000e+00 0.000000000e+00 1.000000000e+00 0.000000000e+00
-6.392429256e-01 -7.690048648e-01 0.000000000e+00 -5.650300841e+00 7.690048648e-01 -6.392429256e-01 0.000000000e+00 5.083300684e-01 0.000000000e+00 0.000000000e+00 1.000000000e+00 0.000000000e+00
-6.360543627e-01 -7.716442494e-01 0.000000000e+00 -5.814597821e+00 7.716442494e-01 -6.360543627e-01 0.000000000e+00 3.824519801e-01 0.000000000e+00 0.000000000e+00 1.000000000e+00 0.000000000e+00
-6.320784317e-01 -7.749044174e-01 0.000000000e+00 -5.971581207e+00 7.749044174e-01 -6.320784317e-01 0.000000000e+00 2.505763010e-01 0.000000000e+00 0.000000000e+00 1.000000000e+00 0.000000000e+00
-6.227714679e-01 -7.824037952e-01 0.000000000e+00 -6.135401594e+00 7.824037952e-01 -6.227714679e-01 0.000000000e+00 1.298982974e-01 0.000000000e+00 0.000000000e+00 1.000000000e+00 0.000000000e+00
-6.114727353e-01 -7.912655016e-01 0.000000000e+00 -6.298802715e+00 7.912655016e-01 -6.114727353e-01 0.000000000e+00 1.139503351e-03 0.000000000e+00 0.000000000e+00 1.000000000e+00 0.000000000e+00
-5.931523016e-01 -8.050902726e-01 0.000000000e+00 -6.458289443e+00 8.050902726e-01 -5.931523016e-01 0.000000000e+00 -1.311555602e-01 0.000000000e+00 0.000000000e+00 1.000000000e+00 0.000000000e+00
-5.762023621e-01 -8.173070647e-01 0.000000000e+00 -6.640418424e+00 8.173070647e-01 -5.762023621e-01 0.000000000e+00 -2.414932221e-01 0.000000000e+00 0.000000000e+00 1.000000000e+00 0.000000000e+00
-5.523028510e-01 -8.336435454e-01 0.000000000e+00 -6.820281716e+00 8.336435454e-01 -5.523028510e-01 0.000000000e+00 -3.682108521e-01 0.000000000e+00 0.000000000e+00 1.000000000e+00 0.000000000e+00
-5.238611405e-01 -8.518036778e-01 0.000000000e+00 -7.008144925e+00 8.518036778e-01 -5.238611405e-01 0.000000000e+00 -4.850675160e-01 0.000000000e+00 0.000000000e+00 1.000000000e+00 0.000000000e+00
-4.908172924e-01 -8.712625238e-01 0.000000000e+00 -7.198545013e+00 8.712625238e-01 -4.908172924e-01 0.000000000e+00 -5.991189050e-01 0.000000000e+00 0.000000000e+00 1.000000000e+00 0.000000000e+00
-4.532599962e-01 -8.913783573e-01 0.000000000e+00 -7.388087407e+00 8.913783573e-01 -4.532599962e-01 0.000000000e+00 -6.869319276e-01 0.000000000e+00 0.000000000e+00 1.000000000e+00 0.000000000e+00
-4.092609977e-01 -9.124173583e-01 0.000000000e+00 -7.586051781e+00 9.124173583e-01 -4.092609977e-01 0.000000000e+00 -7.657209630e-01 0.000000000e+00 0.000000000e+00 1.000000000e+00 0.000000000e+00
-3.610333672e-01 -9.325528981e-01 0.000000000e+00 -7.806766513e+00 9.325528981e-01 -3.610333672e-01 0.000000000e+00 -8.367217022e-01 0.000000000e+00 0.000000000e+00 1.000000000e+00 0.000000000e+00
-3.037275412e-01 -9.527589311e-01 0.000000000e+00 -8.014685007e+00 9.527589311e-01 -3.037275412e-01 0.000000000e+00 -8.783170560e-01 0.000000000e+00 0.000000000e+00 1.000000000e+00 0.000000000e+00
-2.418593322e-01 -9.703113229e-01 0.000000000e+00 -8.248016014e+00 9.703113229e-01 -2.418593322e-01 0.000000000e+00 -9.286785987e-01 0.000000000e+00 0.000000000e+00 1.000000000e+00 0.000000000e+00
-1.718527755e-01 -9.851226439e-01 0.000000000e+00 -8.489676748e+00 9.851226439e-01 -1.718527755e-01 0.000000000e+00 -9.689701194e-01 0.000000000e+00 0.000000000e+00 1.000000000e+00 0.000000000e+00
-9.512041699e-02 -9.954657735e-01 0.000000000e+00 -8.729975284e+00 9.954657735e-01 -9.512041699e-02 0.000000000e+00 -9.686162517e-01 0.000000000e+00 0.000000000e+00 1.000000000e+00 0.000000000e+00
-8.001370533e-03 -9.999679885e-01 0.000000000e+00 -8.981135933e+00 9.999679885e-01 -8.001370533e-03 0.000000000e+00 -9.578628875e-01 0.000000000e+00 0.000000000e+00 1.000000000e+00 0.000000000e+00
7.670820096e-02 -9.970535853e-01 0.000000000e+00 -9.223229956e+00 9.970535853e-01 7.670820096e-02 0.000000000e+00 -8.926097229e-01 0.000000000e+00 0.000000000e+00 1.000000000e+00 0.000000000e+00
1.746914468e-01 -9.846232266e-01 0.000000000e+00 -9.463589854e+00 9.846232266e-01 1.746914468e-01 0.000000000e+00 -8.075698824e-01 0.000000000e+00 0.000000000e+00 1.000000000e+00 0.000000000e+00
2.781426972e-01 -9.605397649e-01 0.000000000e+00 -9.716488370e+00 9.605397649e-01 2.781426972e-01 0.000000000e+00 -7.168633959e-01 0.000000000e+00 0.000000000e+00 1.000000000e+00 0.000000000e+00
3.855901506e-01 -9.226701663e-01 0.000000000e+00 -9.972270521e+00 9.226701663e-01 3.855901506e-01 0.000000000e+00 -6.005840324e-01 0.000000000e+00 0.000000000e+00 1.000000000e+00 0.000000000e+00
4.926752221e-01 -8.702132644e-01 0.000000000e+00 -1.019617979e+01 8.702132644e-01 4.926752221e-01 0.000000000e+00 -4.257049684e-01 0.000000000e+00 0.000000000e+00 1.000000000e+00 0.000000000e+00
5.992853567e-01 -8.005354840e-01 0.000000000e+00 -1.042553970e+01 8.005354840e-01 5.992853567e-01 0.000000000e+00 -2.463648881e-01 0.000000000e+00 0.000000000e+00 1.000000000e+00 0.000000000e+00
6.997799220e-01 -7.143584959e-01 0.000000000e+00 -1.065335521e+01 7.143584959e-01 6.997799220e-01 0.000000000e+00 -4.189533969e-02 0.000000000e+00 0.000000000e+00 1.000000000e+00 0.000000000e+00
7.934624049e-01 -6.086192668e-01 0.000000000e+00 -1.082513870e+01 6.086192668e-01 7.934624049e-01 0.000000000e+00 2.142717727e-01 0.000000000e+00 0.000000000e+00 1.000000000e+00 0.000000000e+00
8.719385966e-01 -4.896152405e-01 0.000000000e+00 -1.095520445e+01 4.896152405e-01 8.719385966e-01 0.000000000e+00 5.072175912e-01 0.000000000e+00 0.000000000e+00 1.000000000e+00 0.000000000e+00
9.344312323e-01 -3.561436116e-01 0.000000000e+00 -1.105316048e+01 3.561436116e-01 9.344312323e-01 0.000000000e+00 8.137322449e-01 0.000000000e+00 0.000000000e+00 1.000000000e+00 0.000000000e+00
9.777463798e-01 -2.097904118e-01 0.000000000e+00 -1.112401617e+01 2.097904118e-01 9.777463798e-01 0.000000000e+00 1.128271439e+00 0.000000000e+00 0.000000000e+00 1.000000000e+00 0.000000000e+00
9.983288774e-01 -5.778799715e-02 0.000000000e+00 -1.113828262e+01 5.778799715e-02 9.983288774e-01 0.000000000e+00 1.455655109e+00 0.000000000e+00 0.000000000e+00 1.000000000e+00 0.000000000e+00
9.948525289e-01 1.013333394e-01 0.000000000e+00 -1.111717773e+01 -1.013333394e-01 9.948525289e-01 0.000000000e+00 1.776577803e+00 0.000000000e+00 0.000000000e+00 1.000000000e+00 0.000000000e+00
9.674369765e-01 2.531120236e-01 0.000000000e+00 -1.099645329e+01 -2.531120236e-01 9.674369765e-01 0.000000000e+00 2.103548227e+00 0.000000000e+00 0.000000000e+00 1.000000000e+00 0.000000000e+00
9.158826157e-01 4.014461786e-01 0.000000000e+00 -1.086987350e+01 -4.014461786e-01 9.158826157e-01 0.000000000e+00 2.408223482e+00 0.000000000e+00 0.000000000e+00 1.000000000e+00 0.000000000e+00
8.455780949e-01 5.338517447e-01 0.000000000e+00 -1.067077909e+01 -5.338517447e-01 8.455780949e-01 0.000000000e+00 2.698796326e+00 0.000000000e+00 0.000000000e+00 1.000000000e+00 0.000000000e+00
7.577773591e-01 6.525131984e-01 0.000000000e+00 -1.047380311e+01 -6.525131984e-01 7.577773591e-01 0.000000000e+00 2.945590933e+00 0.000000000e+00 0.000000000e+00 1.000000000e+00 0.000000000e+00
6.563579718e-01 7.544496093e-01 0.000000000e+00 -1.025380162e+01 -7.544496093e-01 6.563579718e-01 0.000000000e+00 3.164650167e+00 0.000000000e+00 0.000000000e+00 1.000000000e+00 0.000000000e+00
5.446774157e-01 8.386456420e-01 0.000000000e+00 -9.974115213e+00 -8.386456420e-01 5.446774157e-01 0.000000000e+00 3.360133747e+00 0.000000000e+00 0.000000000e+00 1.000000000e+00 0.000000000e+00
4.283551171e-01 9.036104767e-01 0.000000000e+00 -9.699693222e+00 -9.036104767e-01 4.283551171e-01 0.000000000e+00 3.510284238e+00 0.000000000e+00 0.000000000e+00 1.000000000e+00 0.000000000e+00
3.122732701e-01 9.499923183e-01 0.000000000e+00 -9.412670414e+00 -9.499923183e-01 3.122732701e-01 0.000000000e+00 3.623687047e+00 0.000000000e+00 0.000000000e+00 1.000000000e+00 0.000000000e+00
1.972152911e-01 9.803602037e-01 0.000000000e+00 -9.113998111e+00 -9.803602037e-01 1.972152911e-01 0.000000000e+00 3.698822565e+00 0.000000000e+00 0.000000000e+00 1.000000000e+00 0.000000000e+00
8.735879123e-02 9.961769128e-01 0.000000000e+00 -8.818626385e+00 -9.961769128e-01 8.735879123e-02 0.000000000e+00 3.730895392e+00 0.000000000e+00 0.000000000e+00 1.000000000e+00 0.000000000e+00
-1.619146532e-02 9.998689096e-01 0.000000000e+00 -8.529053042e+00 -9.998689096e-01 -1.619146532e-02 0.000000000e+00 3.743108754e+00 0.000000000e+00 0.000000000e+00 1.000000000e+00 0.000000000e+00
-1.109724918e-01 9.938234783e-01 0.000000000e+00 -8.253109552e+00 -9.938234783e-01 -1.109724918e-01 0.000000000e+00 3.724698760e+00 0.000000000e+00 0.000000000e+00 1.000000000e+00 0.000000000e+00
-1.981346678e-01 9.801748076e-01 0.000000000e+00 -7.965464111e+00 -9.801748076e-01 -1.981346678e-01 0.000000000e+00 3.679599490e+00 0.000000000e+00 0.000000000e+00 1.000000000e+00 0.000000000e+00
-2.772235397e-01 9.608054481e-01 0.000000000e+00 -7.686398992e+00 -9.608054481e-01 -2.772235397e-01 0.000000000e+00 3.607640001e+00 0.000000000e+00 0.000000000e+00 1.000000000e+00 0.000000000e+00
-3.487109338e-01 9.372303264e-01 0.000000000e+00 -7.417166973e+00 -9.372303264e-01 -3.487109338e-01 0.000000000e+00 3.529316128e+00 0.000000000e+00 0.000000000e+00 1.000000000e+00 0.000000000e+00
-4.123211241e-01 9.110385780e-01 0.000000000e+00 -7.185004113e+00 -9.110385780e-01 -4.123211241e-01 0.000000000e+00 3.426123806e+00 0.000000000e+00 0.000000000e+00 1.000000000e+00 0.000000000e+00
-4.702836709e-01 8.825153080e-01 0.000000000e+00 -6.944215556e+00 -8.825153080e-01 -4.702836709e-01 0.000000000e+00 3.319213000e+00 0.000000000e+00 0.000000000e+00 1.000000000e+00 0.000000000e+00
-5.198292522e-01 8.542701848e-01 0.000000000e+00 -6.707836201e+00 -8.542701848e-01 -5.198292522e-01 0.000000000e+00 3.197965875e+00 0.000000000e+00 0.000000000e+00 1.000000000e+00 0.000000000e+00
-5.634928806e-01 8.261209194e-01 0.000000000e+00 -6.493412162e+00 -8.261209194e-01 -5.634928806e-01 0.000000000e+00 3.058418241e+00 0.000000000e+00 0.000000000e+00 1.000000000e+00 0.000000000e+00
-5.994870002e-01 8.003844930e-01 0.000000000e+00 -6.300876753e+00 -8.003844930e-01 -5.994870002e-01 0.000000000e+00 2.920032037e+00 0.000000000e+00 0.000000000e+00 1.000000000e+00 0.000000000e+00
-6.305002346e-01 7.761890583e-01 0.000000000e+00 -6.107283157e+00 -7.761890583e-01 -6.305002346e-01 0.000000000e+00 2.772159956e+00 0.000000000e+00 0.000000000e+00 1.000000000e+00 0.000000000e+00
-6.591382916e-01 7.520217501e-01 0.000000000e+00 -5.917466530e+00 -7.520217501e-01 -6.591382916e-01 0.000000000e+00 2.620583253e+00 0.000000000e+00 0.000000000e+00 1.000000000e+00 0.000000000e+00
-6.814408203e-01 7.318732188e-01 0.000000000e+00 -5.729746413e+00 -7.318732188e-01 -6.814408203e-01 0.000000000e+00 2.460932140e+00 0.000000000e+00 0.000000000e+00 1.000000000e+00 0.000000000e+00
-7.004577356e-01 7.136938844e-01 0.000000000e+00 -5.557823957e+00 -7.136938844e-01 -7.004577356e-01 0.000000000e+00 2.298875414e+00 0.000000000e+00 0.000000000e+00 1.000000000e+00 0.000000000e+00
-7.156268895e-01 6.984827522e-01 0.000000000e+00 -5.394160069e+00 -6.984827522e-01 -7.156268895e-01 0.000000000e+00 2.136517173e+00 0.000000000e+00 0.000000000e+00 1.000000000e+00 0.000000000e+00
-7.293155933e-01 6.841774370e-01 0.000000000e+00 -5.236837305e+00 -6.841774370e-01 -7.293155933e-01 0.000000000e+00 1.965486612e+00 0.000000000e+00 0.000000000e+00 1.000000000e+00 0.000000000e+00
-7.376784077e-01 6.751522545e-01 0.000000000e+00 -5.081566807e+00 -6.751522545e-01 -7.376784077e-01 0.000000000e+00 1.804022425e+00 0.000000000e+00 0.000000000e+00 1.000000000e+00 0.000000000e+00
-7.445701549e-01 6.675442191e-01 0.000000000e+00 -4.930449591e+00 -6.675442191e-01 -7.445701549e-01 0.000000000e+00 1.629801738e+00 0.000000000e+00 0.000000000e+00 1.000000000e+00 0.000000000e+00
-7.511940007e-01 6.600814899e-01 0.000000000e+00 -4.767558128e+00 -6.600814899e-01 -7.511940007e-01 0.000000000e+00 1.466953977e+00 0.000000000e+00 0.000000000e+00 1.000000000e+00 0.000000000e+00
-7.487236213e-01 6.628822964e-01 0.000000000e+00 -4.630494322e+00 -6.628822964e-01 -7.487236213e-01 0.000000000e+00 1.292215380e+00 0.000000000e+00 0.000000000e+00 1.000000000e+00 0.000000000e+00
-7.472665325e-01 6.645244385e-01 0.000000000e+00 -4.476632986e+00 -6.645244385e-01 -7.472665325e-01 0.000000000e+00 1.123981592e+00 0.000000000e+00 0.000000000e+00 1.000000000e+00 0.000000000e+00
-7.415987581e-01 6.708437090e-01 0.000000000e+00 -4.331529400e+00 -6.708437090e-01 -7.415987581e-01 0.000000000e+00 9.611682150e-01 0.000000000e+00 0.000000000e+00 1.000000000e+00 0.000000000e+00
-7.330575760e-01 6.801665901e-01 0.000000000e+00 -4.173676235e+00 -6.801665901e-01 -7.330575760e-01 0.000000000e+00 7.883730073e-01 0.000000000e+00 0.000000000e+00 1.000000000e+00 0.000000000e+00
-7.230169854e-01 6.908302532e-01 0.000000000e+00 -4.017461234e+00 -6.908302532e-01 -7.230169854e-01 0.000000000e+00 6.252859685e-01 0.000000000e+00 0.000000000e+00 1.000000000e+00 0.000000000e+00
-7.073271126e-01 7.068863811e-01 0.000000000e+00 -3.870090679e+00 -7.068863811e-01 -7.073271126e-01 0.000000000e+00 4.591566034e-01 0.000000000e+00 0.000000000e+00 1.000000000e+00 0.000000000e+00
-6.886272953e-01 7.251154723e-01 0.000000000e+00 -3.718904627e+00 -7.251154723e-01 -6.886272953e-01 0.000000000e+00 2.864325677e-01 0.000000000e+00 0.000000000e+00 1.000000000e+00 0.000000000e+00
-6.648549534e-01 7.469724834e-01 0.000000000e+00 -3.559760539e+00 -7.469724834e-01 -6.648549534e-01 0.000000000e+00 1.112705299e-01 0.000000000e+00 0.000000000e+00 1.000000000e+00 0.000000000e+00
-6.403900845e-01 7.680498289e-01 0.000000000e+00 -3.386337174e+00 -7.680498289e-01 -6.403900845e-01 0.000000000e+00 -4.626053609e-02 0.000000000e+00 0.000000000e+00 1.000000000e+00 0.000000000e+00
-6.112580392e-01 7.914313676e-01 0.000000000e+00 -3.209068904e+00 -7.914313676e-01 -6.112580392e-01 0.000000000e+00 -1.938497361e-01 0.000000000e+00 0.000000000e+00 1.000000000e+00 0.000000000e+00
-5.745695751e-01 8.184557431e-01 0.000000000e+00 -3.026378799e+00 -8.184557431e-01 -5.745695751e-01 0.000000000e+00 -3.487756364e-01 0.000000000e+00 0.000000000e+00 1.000000000e+00 0.000000000e+00
-5.351476499e-01 8.447585411e-01 0.000000000e+00 -2.828867259e+00 -8.447585411e-01 -5.351476499e-01 0.000000000e+00 -4.791441397e-01 0.000000000e+00 0.000000000e+00 1.000000000e+00 0.000000000e+00
-4.878983073e-01 8.729004764e-01 0.000000000e+00 -2.629363866e+00 -8.729004764e-01 -4.878983073e-01 0.000000000e+00 -6.032111865e-01 0.000000000e+00 0.000000000e+00 1.000000000e+00 0.000000000e+00
-4.355279081e-01 9.001752281e-01 0.000000000e+00 -2.405792845e+00 -9.001752281e-01 -4.355279081e-01 0.000000000e+00 -7.224030239e-01 0.000000000e+00 0.000000000e+00 1.000000000e+00 0.000000000e+00
-3.770657177e-01 9.261865063e-01 0.000000000e+00 -2.180457651e+00 -9.261865063e-01 -3.770657177e-01 0.000000000e+00 -8.212934186e-01 0.000000000e+00 0.000000000e+00 1.000000000e+00 0.000000000e+00
-3.068914584e-01 9.517445207e-01 0.000000000e+00 -1.954821229e+00 -9.517445207e-01 -3.068914584e-01 0.000000000e+00 -9.181101676e-01 0.000000000e+00 0.000000000e+00 1.000000000e+00 0.000000000e+00
-2.329566427e-01 9.724871221e-01 0.000000000e+00 -1.707577940e+00 -9.724871221e-01 -2.329566427e-01 0.000000000e+00 -9.902296469e-01 0.000000000e+00 0.000000000e+00 1.000000000e+00 0.000000000e+00
-1.490269366e-01 9.888331367e-01 0.000000000e+00 -1.452622416e+00 -9.888331367e-01 -1.490269366e-01 0.000000000e+00 -1.046992015e+00 0.000000000e+00 0.000000000e+00 1.000000000e+00 0.000000000e+00
-5.940495857e-02 9.982339660e-01 0.000000000e+00 -1.197701338e+00 -9.982339660e-01 -5.940495857e-02 0.000000000e+00 -1.077689473e+00 0.000000000e+00 0.000000000e+00 1.000000000e+00 0.000000000e+00
4.312739472e-02 9.990695811e-01 0.000000000e+00 -9.335225007e-01 -9.990695811e-01 4.312739472e-02 0.000000000e+00 -1.106956437e+00 0.000000000e+00 0.000000000e+00 1.000000000e+00 0.000000000e+00
1.498007153e-01 9.887162109e-01 0.000000000e+00 -6.682748292e-01 -9.887162109e-01 1.498007153e-01 0.000000000e+00 -1.091754844e+00 0.000000000e+00 0.000000000e+00 1.000000000e+00 0.000000000e+00
2.604038929e-01 9.654997735e-01 0.000000000e+00 -4.052798148e-01 -9.654997735e-01 2.604038929e-01 0.000000000e+00 -1.045714627e+00 0.000000000e+00 0.000000000e+00 1.000000000e+00 0.000000000e+00
3.737217976e-01 9.275408444e-01 0.000000000e+00 -1.395741415e-01 -9.275408444e-01 3.737217976e-01 0.000000000e+00 -9.682264806e-01 0.000000000e+00 0.000000000e+00 1.000000000e+00 0.000000000e+00
4.872937822e-01 8.732380946e-01 0.000000000e+00 1.120411106e-01 -8.732380946e-01 4.872937822e-01 0.000000000e+00 -8.330241411e-01 0.000000000e+00 0.000000000e+00 1.000000000e+00 0.000000000e+00
5.976339163e-01 8.017691077e-01 0.000000000e+00 3.514860143e-01 -8.017691077e-01 5.976339163e-01 0.000000000e+00 -6.738088946e-01 0.000000000e+00 0.000000000e+00 1.000000000e+00 0.000000000e+00
7.053771076e-01 7.088322341e-01 0.000000000e+00 5.571012691e-01 -7.088322341e-01 7.053771076e-01 0.000000000e+00 -5.071658480e-01 0.000000000e+00 0.000000000e+00 1.000000000e+00 0.000000000e+00
8.012868719e-01 5.982803263e-01 0.000000000e+00 7.523794842e-01 -5.982803263e-01 8.012868719e-01 0.000000000e+00 -2.894482682e-01 0.000000000e+00 0.000000000e+00 1.000000000e+00 0.000000000e+00
8.827787867e-01 4.697889034e-01 0.000000000e+00 9.203136404e-01 -4.697889034e-01 8.827787867e-01 0.000000000e+00 -5.375230458e-02 0.000000000e+00 0.000000000e+00 1.000000000e+00 0.000000000e+00
9.450822842e-01 3.268324894e-01 0.000000000e+00 1.049697059e+00 -3.268324894e-01 9.450822842e-01 0.000000000e+00 2.080121195e-01 0.000000000e+00 0.000000000e+00 1.000000000e+00 0.000000000e+00
9.821958556e-01 1.878597912e-01 0.000000000e+00 1.124949096e+00 -1.878597912e-01 9.821958556e-01 0.000000000e+00 4.963007515e-01 0.000000000e+00 0.000000000e+00 1.000000000e+00 0.000000000e+00
9.937668236e-01 1.114786990e-01 0.000000000e+00 1.148192644e+00 -1.114786990e-01 9.937668236e-01 0.000000000e+00 7.901735228e-01 0.000000000e+00 0.000000000e+00 1.000000000e+00 0.000000000e+00
