1.000000000e+00 0.000000000e+00 0.000000000e+00 0.000000000e+00 0.000000000e+00 1.000000000e+00 0.000000000e+00 0.000000000e+00 0.000000000e+00 0.000000000e+00 1.000000000e+00 0.000000000e+00
9.999935061e-01 3.603859360e-03 0.000000000e+00 -2.872581985e-03 -3.603859360e-03 9.999935061e-01 0.000000000e+00 3.084107093e-01 0.000000000e+00 0.000000000e+00 1.000000000e+00 0.000000000e+00
9.999917036e-01 4.073420586e-03 0.000000000e+00 -8.664590458e-03 -4.073420586e-03 9.999917036e-01 0.000000000e+00 6.050825856e-01 0.000000000e+00 0.000000000e+00 1.000000000e+00 0.000000000e+00
9.999946587e-01 3.268426874e-03 0.000000000e+00 -3.398849480e-03 -3.268426874e-03 9.999946587e-01 0.000000000e+00 9.030426911e-01 0.000000000e+00 0.000000000e+00 1.000000000e+00 0.000000000e+00
9.999883754e-01 -4.821726543e-03 0.000000000e+00 1.332304085e-02 4.821726543e-03 9.999883754e-01 0.000000000e+00 1.209730461e+00 0.000000000e+00 0.000000000e+00 1.000000000e+00 0.000000000e+00
9.999780860e-01 -6.620239637e-03 0.000000000e+00 1.581684796e-02 6.620239637e-03 9.999780860e-01 0.000000000e+00 1.499504731e+00 0.000000000e+00 0.000000000e+00 1.000000000e+00 0.000000000e+00
9.999705501e-01 -7.674557647e-03 0.000000000e+00 1.230871917e-02 7.674557647e-03 9.999705501e-01 0.000000000e+00 1.807909329e+00 0.000000000e+00 0.000000000e+00 1.000000000e+00 0.000000000e+00
9.999843198e-01 -5.600006934e-03 0.000000000e+00 9.135230596e-03 5.600006934e-03 9.999843198e-01 0.000000000e+00 2.106076245e+00 0.000000000e+00 0.000000000e+00 1.000000000e+00 0.000000000e+00
9.999847895e-01 -5.515494834e-03 0.000000000e+00 8.747864059e-03 5.515494834e-03 9.999847895e-01 0.000000000e+00 2.398005288e+00 0.000000000e+00 0.000000000e+00 1.000000000e+00 0.000000000e+00
9.999653198e-01 -8.328213665e-03 0.000000000e+00 3.185978592e-02 8.328213665e-03 9.999653198e-01 0.000000000e+00 2.683809493e+00 0.000000000e+00 0.000000000e+00 1.000000000e+00 0.000000000e+00
9.999549543e-01 -9.491537878e-03 0.000000000e+00 3.557566165e-02 9.491537878e-03 9.999549543e-01 0.000000000e+00 2.978907554e+00 0.000000000e+00 0.000000000e+00 1.000000000e+00 0.000000000e+00
9.999485661e-01 -1.014225095e-02 0.000000000e+00 4.211344934e-02 1.014225095e-02 9.999485661e-01 0.000000000e+00 3.266501700e+00 0.000000000e+00 0.000000000e+00 1.000000000e+00 0.000000000e+00
9.999410797e-01 -1.085528445e-02 0.000000000e+00 4.650971535e-02 1.085528445e-02 9.999410797e-01 0.000000000e+00 3.570352687e+00 0.000000000e+00 0.000000000e+00 1.000000000e+00 0.000000000e+00
9.999244842e-01 -1.228925759e-02 0.000000000e+00 5.139987182e-02 1.228925759e-02 9.999244842e-01 0.000000000e+00 3.854415583e+00 0.000000000e+00 0.000000000e+00 1.000000000e+00 0.000000000e+00
9.999007843e-01 -1.408621879e-02 0.000000000e+00 5.795414977e-02 1.408621879e-02 9.999007843e-01 0.000000000e+00 4.144013059e+00 0.000000000e+00 0.000000000e+00 1.000000000e+00 0.000000000e+00
9.999152620e-01 -1.301802123e-02 0.000000000e+00 5.542364489e-02 1.301802123e-02 9.999152620e-01 0.000000000e+00 4.437318678e+00 0.000000000e+00 0.000000000e+00 1.000000000e+00 0.000000000e+00
9.999454079e-01 -1.044898312e-02 0.000000000e+00 3.241517663e-02 1.044898312e-02 9.999454079e-01 0.000000000e+00 4.744437589e+00 0.000000000e+00 0.000000000e+00 1.000000000e+00 0.000000000e+00
9.999204209e-01 -1.261554081e-02 0.000000000e+00 3.079415143e-02 1.261554081e-02 9.999204209e-01 0.000000000e+00 5.037424478e+00 0.000000000e+00 0.000000000e+00 1.000000000e+00 0.000000000e+00
9.998861589e-01 -1.508871299e-02 0.000000000e+00 5.373661254e-02 1.508871299e-02 9.998861589e-01 0.000000000e+00 5.324593715e+00 0.000000000e+00 0.000000000e+00 1.000000000e+00 0.000000000e+00
9.999013602e-01 -1.404527634e-02 0.000000000e+00 6.456425168e-02 1.404527634e-02 9.999013602e-01 0.000000000e+00 5.608214637e+00 0.000000000e+00 0.000000000e+00 1.000000000e+00 0.000000000e+00
9.999145362e-01 -1.307364696e-02 0.000000000e+00 8.184452579e-02 1.307364696e-02 9.999145362e-01 0.000000000e+00 5.890285142e+00 0.000000000e+00 0.000000000e+00 1.000000000e+00 0.000000000e+00
9.999297763e-01 -1.185084127e-02 0.000000000e+00 9.676109815e-02 1.185084127e-02 9.999297763e-01 0.000000000e+00 6.171473060e+00 0.000000000e+00 0.000000000e+00 1.000000000e+00 0.000000000e+00
9.998856747e-01 -1.512076769e-02 0.000000000e+00 1.191871361e-01 1.512076769e-02 9.998856747e-01 0.000000000e+00 6.457805226e+00 0.000000000e+00 0.000000000e+00 1.000000000e+00 0.000000000e+00
9.999020148e-01 -1.399859887e-02 0.000000000e+00 1.355855678e-01 1.399859887e-02 9.999020148e-01 0.000000000e+00 6.741839872e+00 0.000000000e+00 0.000000000e+00 1.000000000e+00 0.000000000e+00
9.998944441e-01 -1.452930442e-02 0.000000000e+00 1.361184453e-01 1.452930442e-02 9.998944441e-01 0.000000000e+00 7.039311283e+00 0.000000000e+00 0.000000000e+00 1.000000000e+00 0.000000000e+00
9.998894647e-01 -1.486803116e-02 0.000000000e+00 1.493079629e-01 1.486803116e-02 9.998894647e-01 0.000000000e+00 7.328777715e+00 0.000000000e+00 0.000000000e+00 1.000000000e+00 0.000000000e+00
9.998957979e-01 -1.443583621e-02 0.000000000e+00 1.710165825e-01 1.443583621e-02 9.998957979e-01 0.000000000e+00 7.610205595e+00 0.000000000e+00 0.000000000e+00 1.000000000e+00 0.000000000e+00
9.999241516e-01 -1.231629388e-02 0.000000000e+00 1.874837298e-01 1.231629388e-02 9.999241516e-01 0.000000000e+00 7.893528539e+00 0.000000000e+00 0.000000000e+00 1.000000000e+00 0.000000000e+00
9.999020283e-01 -1.399763665e-02 0.000000000e+00 2.136069632e-01 1.399763665e-02 9.999020283e-01 0.000000000e+00 8.173913067e+00 0.000000000e+00 0.000000000e+00 1.000000000e+00 0.000000000e+00
9.999201491e-01 -1.263706904e-02 0.000000000e+00 2.343774765e-01 1.263706904e-02 9.999201491e-01 0.000000000e+00 8.455480659e+00 0.000000000e+00 0.000000000e+00 1.000000000e+00 0.000000000e+00
9.998967147e-01 -1.437219370e-02 0.000000000e+00 2.665491030e-01 1.437219370e-02 9.998967147e-01 0.000000000e+00 8.744353221e+00 0.000000000e+00 0.000000000e+00 1.000000000e+00 0.000000000e+00
9.998920791e-01 -1.469115655e-02 0.000000000e+00 2.710073974e-01 1.469115655e-02 9.998920791e-01 0.000000000e+00 9.030222925e+00 0.000000000e+00 0.000000000e+00 1.000000000e+00 0.000000000e+00
9.998261377e-01 -1.864656619e-02 0.000000000e+00 2.943239349e-01 1.864656619e-02 9.998261377e-01 0.000000000e+00 9.325493704e+00 0.000000000e+00 0.000000000e+00 1.000000000e+00 0.000000000e+00
9.983429779e-01 -5.754388271e-02 0.000000000e+00 3.236473071e-01 5.754388271e-02 9.983429779e-01 0.000000000e+00 9.603935649e+00 0.000000000e+00 0.000000000e+00 1.000000000e+00 0.000000000e+00
9.830472220e-01 -1.833525549e-01 0.000000000e+00 3.032560716e-01 1.833525549e-01 9.830472220e-01 0.000000000e+00 9.895164767e+00 0.000000000e+00 0.000000000e+00 1.000000000e+00 0.000000000e+00
9.292881948e-01 -3.693554536e-01 0.000000000e+00 2.184046707e-01 3.693554536e-01 9.292881948e-01 0.000000000e+00 1.016580127e+01 0.000000000e+00 0.000000000e+00 1.000000000e+00 0.000000000e+00
8.372293319e-01 -5.468519414e-01 0.000000000e+00 1.019798352e-01 5.468519414e-01 8.372293319e-01 0.000000000e+00 1.042059849e+01 0.000000000e+00 0.000000000e+00 1.000000000e+00 0.000000000e+00
7.114461339e-01 -7.027406339e-01 0.000000000e+00 -4.061348597e-02 7.027406339e-01 7.114461339e-01 0.000000000e+00 1.062330554e+01 0.000000000e+00 0.000000000e+00 1.000000000e+00 0.000000000e+00
5.566202723e-01 -8.307670386e-01 0.000000000e+00 -2.309595554e-01 8.307670386e-01 5.566202723e-01 0.000000000e+00 1.078493160e+01 0.000000000e+00 0.000000000e+00 1.000000000e+00 0.000000000e+00
3.818115805e-01 -9.242401836e-01 0.000000000e+00 -4.356726526e-01 9.242401836e-01 3.818115805e-01 0.000000000e+00 1.088086671e+01 0.000000000e+00 0.000000000e+00 1.000000000e+00 0.000000000e+00
1.912472678e-01 -9.815418904e-01 0.000000000e+00 -6.934619861e-01 9.815418904e-01 1.912472678e-01 0.000000000e+00 1.094198068e+01 0.000000000e+00 0.000000000e+00 1.000000000e+00 0.000000000e+00
-9.594811760e-03 -9.999539687e-01 0.000000000e+00 -9.636755325e-01 9.999539687e-01 -9.594811760e-03 0.000000000e+00 1.095665657e+01 0.000000000e+00 0.000000000e+00 1.000000000e+00 0.000000000e+00
-2.066495336e-01 -9.784150297e-01 0.000000000e+00 -1.242567005e+00 9.784150297e-01 -2.066495336e-01 0.000000000e+00 1.090729807e+01 0.000000000e+00 0.000000000e+00 1.000000000e+00 0.000000000e+00
-3.983409734e-01 -9.172374114e-01 0.000000000e+00 -1.500500332e+00 9.172374114e-01 -3.983409734e-01 0.000000000e+00 1.081349076e+01 0.000000000e+00 0.000000000e+00 1.000000000e+00 0.000000000e+00
-5.770652496e-01 -8.166980456e-01 0.000000000e+00 -1.710943377e+00 8.166980456e-01 -5.770652496e-01 0.000000000e+00 1.066100477e+01 0.000000000e+00 0.000000000e+00 1.000000000e+00 0.000000000e+00
-7.284130339e-01 -6.851382722e-01 0.000000000e+00 -1.912842154e+00 6.851382722e-01 -7.284130339e-01 0.000000000e+00 1.046520795e+01 0.000000000e+00 0.000000000e+00 1.000000000e+00 0.000000000e+00
-8.499059244e-01 -5.269344548e-01 0.000000000e+00 -2.061351259e+00 5.269344548e-01 -8.499059244e-01 0.000000000e+00 1.022654353e+01 0.000000000e+00 0.000000000e+00 1.000000000e+00 0.000000000e+00
-9.389062125e-01 -3.441731020e-01 0.000000000e+00 -2.184660911e+00 3.441731020e-01 -9.389062125e-01 0.000000000e+00 9.963108617e+00 0.000000000e+00 0.000000000e+00 1.000000000e+00 0.000000000e+00
-9.872609406e-01 -1.591095066e-01 0.000000000e+00 -2.177319107e+00 1.591095066e-01 -9.872609406e-01 0.000000000e+00 9.669812417e+00 0.000000000e+00 0.000000000e+00 1.000000000e+00 0.000000000e+00
-9.997857772e-01 -2.069781702e-02 0.000000000e+00 -2.148742847e+00 2.069781702e-02 -9.997857772e-01 0.000000000e+00 9.369629595e+00 0.000000000e+00 0.000000000e+00 1.000000000e+00 0.000000000e+00
-9.996771592e-01 2.540821643e-02 0.000000000e+00 -2.117733596e+00 -2.540821643e-02 -9.996771592e-01 0.000000000e+00 9.075059648e+00 0.000000000e+00 0.000000000e+00 1.000000000e+00 0.000000000e+00
-9.996864694e-01 2.503922566e-02 0.000000000e+00 -2.075713179e+00 -2.503922566e-02 -9.996864694e-01 0.000000000e+00 8.774535712e+00 0.000000000e+00 0.000000000e+00 1.000000000e+00 0.000000000e+00
-9.996572125e-01 2.618124318e-02 0.000000000e+00 -2.048788741e+00 -2.618124318e-02 -9.996572125e-01 0.000000000e+00 8.483698401e+00 0.000000000e+00 0.000000000e+00 1.000000000e+00 0.000000000e+00
-9.994903670e-01 3.192187822e-02 0.000000000e+00 -2.008828710e+00 -3.192187822e-02 -9.994903670e-01 0.000000000e+00 8.178432620e+00 0.000000000e+00 0.000000000e+00 1.000000000e+00 0.000000000e+00
-9.995838549e-01 2.884643855e-02 0.000000000e+00 -1.966163427e+00 -2.884643855e-02 -9.995838549e-01 0.000000000e+00 7.883589538e+00 0.000000000e+00 0.000000000e+00 1.000000000e+00 0.000000000e+00
-9.996159485e-01 2.771200984e-02 0.000000000e+00 -1.928112499e+00 -2.771200984e-02 -9.996159485e-01 0.000000000e+00 7.593508989e+00 0.000000000e+00 0.000000000e+00 1.000000000e+00 0.000000000e+00
-9.995811714e-01 2.893927918e-02 0.000000000e+00 -1.862883197e+00 -2.893927918e-02 -9.995811714e-01 0.000000000e+00 7.305977767e+00 0.000000000e+00 0.000000000e+00 1.000000000e+00 0.000000000e+00
-9.995892780e-01 2.865790189e-02 0.000000000e+00 -1.831772193e+00 -2.865790189e-02 -9.995892780e-01 0.000000000e+00 7.007429408e+00 0.000000000e+00 0.000000000e+00 1.000000000e+00 0.000000000e+00
-9.995642845e-01 2.951679448e-02 0.000000000e+00 -1.809611556e+00 -2.951679448e-02 -9.995642845e-01 0.000000000e+00 6.719122752e+00 0.000000000e+00 0.000000000e+00 1.000000000e+00 0.000000000e+00
-9.995357233e-01 3.046863815e-02 0.000000000e+00 -1.773343399e+00 -3.046863815e-02 -9.995357233e-01 0.000000000e+00 6.421607102e+00 0.000000000e+00 0.000000000e+00 1.000000000e+00 0.000000000e+00
-9.995409280e-01 3.029741440e-02 0.000000000e+00 -1.734580633e+00 -3.029741440e-02 -9.995409280e-01 0.000000000e+00 6.126691437e+00 0.000000000e+00 0.000000000e+00 1.000000000e+00 0.000000000e+00
-9.996322911e-01 2.711609565e-02 0.000000000e+00 -1.691929955e+00 -2.711609565e-02 -9.996322911e-01 0.000000000e+00 5.837595528e+00 0.000000000e+00 0.000000000e+00 1.000000000e+00 0.000000000e+00
-9.995411193e-01 3.029110019e-02 0.000000000e+00 -1.655675418e+00 -3.029110019e-02 -9.995411193e-01 0.000000000e+00 5.550953689e+00 0.000000000e+00 0.000000000e+00 1.000000000e+00 0.000000000e+00
-9.994626967e-01 3.277678792e-02 0.000000000e+00 -1.600588159e+00 -3.277678792e-02 -9.994626967e-01 0.000000000e+00 5.263869690e+00 0.000000000e+00 0.000000000e+00 1.000000000e+00 0.000000000e+00
-9.994337889e-01 3.364671648e-02 0.000000000e+00 -1.554414746e+00 -3.364671648e-02 -9.994337889e-01 0.000000000e+00 4.972494957e+00 0.000000000e+00 0.000000000e+00 1.000000000e+00 0.000000000e+00
-9.994522048e-01 3.309517096e-02 0.000000000e+00 -1.522067928e+00 -3.309517096e-02 -9.994522048e-01 0.000000000e+00 4.671534165e+00 0.000000000e+00 0.000000000e+00 1.000000000e+00 0.000000000e+00
-9.994483677e-01 3.321084546e-02 0.000000000e+00 -1.471999953e+00 -3.321084546e-02 -9.994483677e-01 0.000000000e+00 4.376556562e+00 0.000000000e+00 0.000000000e+00 1.000000000e+00 0.000000000e+00
-9.994526937e-01 3.308040143e-02 0.000000000e+00 -1.432818301e+00 -3.308040143e-02 -9.994526937e-01 0.000000000e+00 4.086161717e+00 0.000000000e+00 0.000000000e+00 1.000000000e+00 0.000000000e+00
-9.993519876e-01 3.599451099e-02 0.000000000e+00 -1.378147783e+00 -3.599451099e-02 -9.993519876e-01 0.000000000e+00 3.796579869e+00 0.000000000e+00 0.000000000e+00 1.000000000e+00 0.000000000e+00
-9.993390171e-01 3.635283872e-02 0.000000000e+00 -1.349248956e+00 -3.635283872e-02 -9.993390171e-01 0.000000000e+00 3.496457093e+00 0.000000000e+00 0.000000000e+00 1.000000000e+00 0.000000000e+00
-9.992833662e-01 3.785173792e-02 0.000000000e+00 -1.328933687e+00 -3.785173792e-02 -9.992833662e-01 0.000000000e+00 3.199719389e+00 0.000000000e+00 0.000000000e+00 1.000000000e+00 0.000000000e+00
-9.993656643e-01 3.561276588e-02 0.000000000e+00 -1.279996483e+00 -3.561276588e-02 -9.993656643e-01 0.000000000e+00 2.909089134e+00 0.000000000e+00 0.000000000e+00 1.000000000e+00 0.000000000e+00
-9.993875085e-01 3.499439852e-02 0.000000000e+00 -1.245535783e+00 -3.499439852e-02 -9.993875085e-01 0.000000000e+00 2.612768706e+00 0.000000000e+00 0.000000000e+00 1.000000000e+00 0.000000000e+00
-9.994165725e-01 3.415427668e-02 0.000000000e+00 -1.211260420e+00 -3.415427668e-02 -9.994165725e-01 0.000000000e+00 2.320747862e+00 0.000000000e+00 0.000000000e+00 1.000000000e+00 0.000000000e+00
-9.993805233e-01 3.519331958e-02 0.000000000e+00 -1.163841822e+00 -3.519331958e-02 -9.993805233e-01 0.000000000e+00 2.036010782e+00 0.000000000e+00 0.000000000e+00 1.000000000e+00 0.000000000e+00
-9.993529282e-01 3.596838648e-02 0.000000000e+00 -1.127887744e+00 -3.596838648e-02 -9.993529282e-01 0.000000000e+00 1.750026969e+00 0.000000000e+00 0.000000000e+00 1.000000000e+00 0.000000000e+00
-9.993621591e-01 3.571099114e-02 0.000000000e+00 -1.100200850e+00 -3.571099114e-02 -9.993621591e-01 0.000000000e+00 1.455086812e+00 0.000000000e+00 0.000000000e+00 1.000000000e+00 0.000000000e+00
-9.993234937e-01 3.677709760e-02 0.000000000e+00 -1.073049929e+00 -3.677709760e-02 -9.993234937e-01 0.000000000e+00 1.162572832e+00 0.000000000e+00 0.000000000e+00 1.000000000e+00 0.000000000e+00
-9.992877123e-01 3.773682635e-02 0.000000000e+00 -1.018115114e+00 -3.773682635e-02 -9.992877123e-01 0.000000000e+00 8.865635832e-01 0.000000000e+00 0.000000000e+00 1.000000000e+00 0.000000000e+00
-9.990399502e-01 4.380842257e-02 0.000000000e+00 -9.856375423e-01 -4.380842257e-02 -9.990399502e-01 0.000000000e+00 6.127116075e-01 0.000000000e+00 0.000000000e+00 1.000000000e+00 0.000000000e+00
-9.990842657e-01 4.278586344e-02 0.000000000e+00 -9.586302831e-01 -4.278586344e-02 -9.990842657e-01 0.000000000e+00 3.139396590e-01 0.000000000e+00 0.000000000e+00 1.000000000e+00 0.000000000e+00
-9.992386598e-01 3.901410926e-02 0.000000000e+00 -9.416036964e-01 -3.901410926e-02 -9.992386598e-01 0.000000000e+00 2.324602716e-02 0.000000000e+00 0.000000000e+00 1.000000000e+00 0.000000000e+00
-9.999446739e-01 1.051899309e-02 0.000000000e+00 -9.432039908e-01 -1.051899309e-02 -9.999446739e-01 0.000000000e+00 -2.696865175e-01 0.000000000e+00 0.000000000e+00 1.000000000e+00 0.000000000e+00
-9.930736089e-01 -1.174938610e-01 0.000000000e+00 -9.233776089e-01 1.174938610e-01 -9.930736089e-01 0.000000000e+00 -5.625285297e-01 0.000000000e+00 0.000000000e+00 1.000000000e+00 0.000000000e+00
-9.518533899e-01 -3.065536235e-01 0.000000000e+00 -9.591829621e-01 3.065536235e-01 -9.518533899e-01 0.000000000e+00 -8.350875989e-01 0.000000000e+00 0.000000000e+00 1.000000000e+00 0.000000000e+00
-8.724008086e-01 -4.887911918e-01 0.000000000e+00 -1.064474116e+00 4.887911918e-01 -8.724008086e-01 0.000000000e+00 -1.088686396e+00 0.000000000e+00 0.000000000e+00 1.000000000e+00 0.000000000e+00
-7.580147538e-01 -6.522374054e-01 0.000000000e+00 -1.224527869e+00 6.522374054e-01 -7.580147538e-01 0.000000000e+00 -1.313827180e+00 0.000000000e+00 0.000000000e+00 1.000000000e+00 0.000000000e+00
-6.145533039e-01 -7.888752986e-01 0.000000000e+00 -1.438922289e+00 7.888752986e-01 -6.145533039e-01 0.000000000e+00 -1.498580780e+00 0.000000000e+00 0.000000000e+00 1.000000000e+00 0.000000000e+00
-4.430021810e-01 -8.965205338e-01 0.000000000e+00 -1.675507179e+00 8.965205338e-01 -4.430021810e-01 0.000000000e+00 -1.665680099e+00 0.000000000e+00 0.000000000e+00 1.000000000e+00 0.000000000e+00
-2.596354257e-01 -9.657067079e-01 0.000000000e+00 -1.949705173e+00 9.657067079e-01 -2.596354257e-01 0.000000000e+00 -1.747784431e+00 0.000000000e+00 0.000000000e+00 1.000000000e+00 0.000000000e+00
-6.257476523e-02 -9.980402791e-01 0.000000000e+00 -2.221801718e+00 9.980402791e-01 -6.257476523e-02 0.000000000e+00 -1.779015230e+00 0.000000000e+00 0.000000000e+00 1.000000000e+00 0.000000000e+00
1.416555489e-01 -9.899160093e-01 0.000000000e+00 -2.488555666e+00 9.899160093e-01 1.416555489e-01 0.000000000e+00 -1.746275459e+00 0.000000000e+00 0.000000000e+00 1.000000000e+00 0.000000000e+00
3.360961391e-01 -9.418276834e-01 0.000000000e+00 -2.751320254e+00 9.418276834e-01 3.360961391e-01 0.000000000e+00 -1.655640756e+00 0.000000000e+00 0.000000000e+00 1.000000000e+00 0.000000000e+00
5.145707494e-01 -8.574479249e-01 0.000000000e+00 -2.983731630e+00 8.574479249e-01 5.145707494e-01 0.000000000e+00 -1.496376733e+00 0.000000000e+00 0.000000000e+00 1.000000000e+00 0.000000000e+00
6.737161599e-01 -7.389902136e-01 0.000000000e+00 -3.173937159e+00 7.389902136e-01 6.737161599e-01 0.000000000e+00 -1.290716781e+00 0.000000000e+00 0.000000000e+00 1.000000000e+00 0.000000000e+00
8.066079806e-01 -5.910867666e-01 0.000000000e+00 -3.346457710e+00 5.910867666e-01 8.066079806e-01 0.000000000e+00 -1.054260130e+00 0.000000000e+00 0.000000000e+00 1.000000000e+00 0.000000000e+00
9.080534734e-01 -4.188542581e-01 0.000000000e+00 -3.454197213e+00 4.188542581e-01 9.080534734e-01 0.000000000e+00 -7.637979497e-01 0.000000000e+00 0.000000000e+00 1.000000000e+00 0.000000000e+00
9.715681341e-01 -2.367601334e-01 0.000000000e+00 -3.519347380e+00 2.367601334e-01 9.715681341e-01 0.000000000e+00 -4.764001363e-01 0.000000000e+00 0.000000000e+00 1.000000000e+00 0.000000000e+00
9.953879695e-01 -9.593117373e-02 0.000000000e+00 -3.541055534e+00 9.593117373e-02 9.953879695e-01 0.000000000e+00 -1.694706038e-01 0.000000000e+00 0.000000000e+00 1.000000000e+00 0.000000000e+00
9.988624109e-01 -4.768526040e-02 0.000000000e+00 -3.537005449e+00 4.768526040e-02 9.988624109e-01 0.000000000e+00 1.273131818e-01 0.000000000e+00 0.000000000e+00 1.000000000e+00 0.000000000e+00
9.990155422e-01 -4.436154337e-02 0.000000000e+00 -3.511253860e+00 4.436154337e-02 9.990155422e-01 0.000000000e+00 4.363048789e-01 0.000000000e+00 0.000000000e+00 1.000000000e+00 0.000000000e+00
9.989718938e-01 -4.533382222e-02 0.000000000e+00 -3.489378626e+00 4.533382222e-02 9.989718938e-01 0.000000000e+00 7.542897512e-01 0.000000000e+00 0.000000000e+00 1.000000000e+00 0.000000000e+00
9.989199349e-01 -4.646464995e-02 0.000000000e+00 -3.418768775e+00 4.646464995e-02 9.989199349e-01 0.000000000e+00 1.072040528e+00 0.000000000e+00 0.000000000e+00 1.000000000e+00 0.000000000e+00
9.989110479e-01 -4.665531390e-02 0.000000000e+00 -3.334672775e+00 4.665531390e-02 9.989110479e-01 0.000000000e+00 1.397850249e+00 0.000000000e+00 0.000000000e+00 1.000000000e+00 0.000000000e+00
9.989887233e-01 -4.496143517e-02 0.000000000e+00 -3.300485129e+00 4.496143517e-02 9.989887233e-01 0.000000000e+00 1.710625835e+00 0.000000000e+00 0.000000000e+00 1.000000000e+00 0.000000000e+00
9.990343042e-01 -4.393698972e-02 0.000000000e+00 -3.275770766e+00 4.393698972e-02 9.990343042e-01 0.000000000e+00 2.016356432e+00 0.000000000e+00 0.000000000e+00 1.000000000e+00 0.000000000e+00
9.990180871e-01 -4.430419432e-02 0.000000000e+00 -3.236207485e+00 4.430419432e-02 9.990180871e-01 0.000000000e+00 2.323720664e+00 0.000000000e+00 0.000000000e+00 1.000000000e+00 0.000000000e+00
9.988664972e-01 -4.759958836e-02 0.000000000e+00 -3.209560728e+00 4.759958836e-02 9.988664972e-01 0.000000000e+00 2.628325106e+00 0.000000000e+00 0.000000000e+00 1.000000000e+00 0.000000000e+00
9.988858613e-01 -4.719148422e-02 0.000000000e+00 -3.171863327e+00 4.719148422e-02 9.988858613e-01 0.000000000e+00 2.935891018e+00 0.000000000e+00 0.000000000e+00 1.000000000e+00 0.000000000e+00
9.989992010e-01 -4.472802736e-02 0.000000000e+00 -3.160444000e+00 4.472802736e-02 9.989992010e-01 0.000000000e+00 3.238693318e+00 0.000000000e+00 0.000000000e+00 1.000000000e+00 0.000000000e+00
9.988768365e-01 -4.738212117e-02 0.000000000e+00 -3.144089211e+00 4.738212117e-02 9.988768365e-01 0.000000000e+00 3.545274916e+00 0.000000000e+00 0.000000000e+00 1.000000000e+00 0.000000000e+00
9.988739671e-01 -4.744257396e-02 0.000000000e+00 -3.056493757e+00 4.744257396e-02 9.988739671e-01 0.000000000e+00 3.862553200e+00 0.000000000e+00 0.000000000e+00 1.000000000e+00 0.000000000e+00
9.988556162e-01 -4.782737715e-02 0.000000000e+00 -3.036866608e+00 4.782737715e-02 9.988556162e-01 0.000000000e+00 4.153552343e+00 0.000000000e+00 0.000000000e+00 1.000000000e+00 0.000000000e+00
9.988468099e-01 -4.801093894e-02 0.000000000e+00 -2.977083691e+00 4.801093894e-02 9.988468099e-01 0.000000000e+00 4.475651198e+00 0.000000000e+00 0.000000000e+00 1.000000000e+00 0.000000000e+00
9.988743700e-01 -4.743408984e-02 0.000000000e+00 -2.898771470e+00 4.743408984e-02 9.988743700e-01 0.000000000e+00 4.789230489e+00 0.000000000e+00 0.000000000e+00 1.000000000e+00 0.000000000e+00
9.987715985e-01 -4.955092268e-02 0.000000000e+00 -2.811793565e+00 4.955092268e-02 9.987715985e-01 0.000000000e+00 5.096712792e+00 0.000000000e+00 0.000000000e+00 1.000000000e+00 0.000000000e+00
9.987635630e-01 -4.971262665e-02 0.000000000e+00 -2.777528806e+00 4.971262665e-02 9.987635630e-01 0.000000000e+00 5.404749994e+00 0.000000000e+00 0.000000000e+00 1.000000000e+00 0.000000000e+00
9.985429165e-01 -5.396335800e-02 0.000000000e+00 -2.757823062e+00 5.396335800e-02 9.985429165e-01 0.000000000e+00 5.706562746e+00 0.000000000e+00 0.000000000e+00 1.000000000e+00 0.000000000e+00
9.985989505e-01 -5.291631269e-02 0.000000000e+00 -2.717460196e+00 5.291631269e-02 9.985989505e-01 0.000000000e+00 6.015177164e+00 0.000000000e+00 0.000000000e+00 1.000000000e+00 0.000000000e+00
9.986455884e-01 -5.202873009e-02 0.000000000e+00 -2.693266944e+00 5.202873009e-02 9.986455884e-01 0.000000000e+00 6.313040872e+00 0.000000000e+00 0.000000000e+00 1.000000000e+00 0.000000000e+00
9.988161587e-01 -4.864443590e-02 0.000000000e+00 -2.652123628e+00 4.864443590e-02 9.988161587e-01 0.000000000e+00 6.625051184e+00 0.000000000e+00 0.000000000e+00 1.000000000e+00 0.000000000e+00
9.988370700e-01 -4.821314776e-02 0.000000000e+00 -2.555690918e+00 4.821314776e-02 9.988370700e-01 0.000000000e+00 6.930617337e+00 0.000000000e+00 0.000000000e+00 1.000000000e+00 0.000000000e+00
9.988836817e-01 -4.723759509e-02 0.000000000e+00 -2.459624526e+00 4.723759509e-02 9.988836817e-01 0.000000000e+00 7.239056973e+00 0.000000000e+00 0.000000000e+00 1.000000000e+00 0.000000000e+00
9.988388222e-01 -4.817683373e-02 0.000000000e+00 -2.401419160e+00 4.817683373e-02 9.988388222e-01 0.000000000e+00 7.540239276e+00 0.000000000e+00 0.000000000e+00 1.000000000e+00 0.000000000e+00
9.987738872e-01 -4.950477000e-02 0.000000000e+00 -2.321041400e+00 4.950477000e-02 9.987738872e-01 0.000000000e+00 7.846028823e+00 0.000000000e+00 0.000000000e+00 1.000000000e+00 0.000000000e+00
9.987771694e-01 -4.943850524e-02 0.000000000e+00 -2.266169673e+00 4.943850524e-02 9.987771694e-01 0.000000000e+00 8.151582106e+00 0.000000000e+00 0.000000000e+00 1.000000000e+00 0.000000000e+00
9.987871079e-01 -4.923731372e-02 0.000000000e+00 -2.206685920e+00 4.923731372e-02 9.987871079e-01 0.000000000e+00 8.452832619e+00 0.000000000e+00 0.000000000e+00 1.000000000e+00 0.000000000e+00
9.988563721e-01 -4.781158857e-02 0.000000000e+00 -2.181361705e+00 4.781158857e-02 9.988563721e-01 0.000000000e+00 8.751197241e+00 0.000000000e+00 0.000000000e+00 1.000000000e+00 0.000000000e+00
9.987255887e-01 -5.046977733e-02 0.000000000e+00 -2.083689697e+00 5.046977733e-02 9.987255887e-01 0.000000000e+00 9.058949433e+00 0.000000000e+00 0.000000000e+00 1.000000000e+00 0.000000000e+00
9.987248016e-01 -5.048535108e-02 0.000000000e+00 -2.018286053e+00 5.048535108e-02 9.987248016e-01 0.000000000e+00 9.358287005e+00 0.000000000e+00 0.000000000e+00 1.000000000e+00 0.000000000e+00
9.987629656e-01 -4.972462747e-02 0.000000000e+00 -1.945570233e+00 4.972462747e-02 9.987629656e-01 0.000000000e+00 9.663197649e+00 0.000000000e+00 0.000000000e+00 1.000000000e+00 0.000000000e+00
9.989568889e-01 -4.566326858e-02 0.000000000e+00 -1.913959805e+00 4.566326858e-02 9.989568889e-01 0.000000000e+00 9.959139831e+00 0.000000000e+00 0.000000000e+00 1.000000000e+00 0.000000000e+00
