1.000000000e+00 7.724549729e-18 0.000000000e+00 0.000000000e+00 1.019723764e-17 1.000000000e+00 0.000000000e+00 0.000000000e+00 0.000000000e+00 0.000000000e+00 1.000000000e+00 0.000000000e+00
9.980043372e-01 6.314541176e-02 0.000000000e+00 2.837821828e-02 -6.314541176e-02 9.980043372e-01 0.000000000e+00 3.524046640e-01 0.000000000e+00 0.000000000e+00 1.000000000e+00 0.000000000e+00
9.928935065e-01 1.190062386e-01 0.000000000e+00 6.837077306e-02 -1.190062386e-01 9.928935065e-01 0.000000000e+00 7.049928971e-01 0.000000000e+00 0.000000000e+00 1.000000000e+00 0.000000000e+00
9.899976781e-01 1.410836537e-01 0.000000000e+00 1.226031844e-01 -1.410836537e-01 9.899976781e-01 0.000000000e+00 1.050267511e+00 0.000000000e+00 0.000000000e+00 1.000000000e+00 0.000000000e+00
9.879675735e-01 1.546611579e-01 0.000000000e+00 1.832029198e-01 -1.546611579e-01 9.879675735e-01 0.000000000e+00 1.391811012e+00 0.000000000e+00 0.000000000e+00 1.000000000e+00 0.000000000e+00
9.841009203e-01 1.776101875e-01 0.000000000e+00 2.473966343e-01 -1.776101875e-01 9.841009203e-01 0.000000000e+00 1.738912825e+00 0.000000000e+00 0.000000000e+00 1.000000000e+00 0.000000000e+00
9.800623520e-01 1.986901766e-01 0.000000000e+00 3.127369814e-01 -1.986901766e-01 9.800623520e-01 0.000000000e+00 2.071576403e+00 0.000000000e+00 0.000000000e+00 1.000000000e+00 0.000000000e+00
9.751037848e-01 2.217489772e-01 0.000000000e+00 3.957364471e-01 -2.217489772e-01 9.751037848e-01 0.000000000e+00 2.414151684e+00 0.000000000e+00 0.000000000e+00 1.000000000e+00 0.000000000e+00
9.739627438e-01 2.267081244e-01 0.000000000e+00 4.902312582e-01 -2.267081244e-01 9.739627438e-01 0.000000000e+00 2.746299321e+00 0.000000000e+00 0.000000000e+00 1.000000000e+00 0.000000000e+00
9.731242458e-01 2.302807030e-01 0.000000000e+00 5.749381608e-01 -2.302807030e-01 9.731242458e-01 0.000000000e+00 3.083430078e+00 0.000000000e+00 0.000000000e+00 1.000000000e+00 0.000000000e+00
9.740064798e-01 2.265201478e-01 0.000000000e+00 6.555642944e-01 -2.265201478e-01 9.740064798e-01 0.000000000e+00 3.416790753e+00 0.000000000e+00 0.000000000e+00 1.000000000e+00 0.000000000e+00
9.766238952e-01 2.149552682e-01 0.000000000e+00 7.388985409e-01 -2.149552682e-01 9.766238952e-01 0.000000000e+00 3.747581617e+00 0.000000000e+00 0.000000000e+00 1.000000000e+00 0.000000000e+00
9.780326418e-01 2.084517969e-01 0.000000000e+00 8.191269269e-01 -2.084517969e-01 9.780326418e-01 0.000000000e+00 4.082636831e+00 0.000000000e+00 0.000000000e+00 1.000000000e+00 0.000000000e+00
9.813911662e-01 1.920192150e-01 0.000000000e+00 8.940594102e-01 -1.920192150e-01 9.813911662e-01 0.000000000e+00 4.430829018e+00 0.000000000e+00 0.000000000e+00 1.000000000e+00 0.000000000e+00
9.826339679e-01 1.855545339e-01 0.000000000e+00 9.969563285e-01 -1.855545339e-01 9.826339679e-01 0.000000000e+00 4.758404791e+00 0.000000000e+00 0.000000000e+00 1.000000000e+00 0.000000000e+00
9.793858612e-01 2.019983537e-01 0.000000000e+00 1.093235043e+00 -2.019983537e-01 9.793858612e-01 0.000000000e+00 5.090479678e+00 0.000000000e+00 0.000000000e+00 1.000000000e+00 0.000000000e+00
9.724704622e-01 2.330261789e-01 0.000000000e+00 1.178828834e+00 -2.330261789e-01 9.724704622e-01 0.000000000e+00 5.419983949e+00 0.000000000e+00 0.000000000e+00 1.000000000e+00 0.000000000e+00
9.564001988e-01 2.920593429e-01 0.000000000e+00 1.299828495e+00 -2.920593429e-01 9.564001988e-01 0.000000000e+00 5.746706922e+00 0.000000000e+00 0.000000000e+00 1.000000000e+00 0.000000000e+00
9.321069516e-01 3.621831454e-01 0.000000000e+00 1.435639446e+00 -3.621831454e-01 9.321069516e-01 0.000000000e+00 6.069397554e+00 0.000000000e+00 0.000000000e+00 1.000000000e+00 0.000000000e+00
8.924645934e-01 4.511174453e-01 0.000000000e+00 1.603441193e+00 -4.511174453e-01 8.924645934e-01 0.000000000e+00 6.363119975e+00 0.000000000e+00 0.000000000e+00 1.000000000e+00 0.000000000e+00
8.517186919e-01 5.239993032e-01 0.000000000e+00 1.806006501e+00 -5.239993032e-01 8.517186919e-01 0.000000000e+00 6.641242244e+00 0.000000000e+00 0.000000000e+00 1.000000000e+00 0.000000000e+00
8.084755715e-01 5.885297362e-01 0.000000000e+00 2.018487118e+00 -5.885297362e-01 8.084755715e-01 0.000000000e+00 6.913431119e+00 0.000000000e+00 0.000000000e+00 1.000000000e+00 0.000000000e+00
7.431975762e-01 6.690720161e-01 0.000000000e+00 2.258940430e+00 -6.690720161e-01 7.431975762e-01 0.000000000e+00 7.164799217e+00 0.000000000e+00 0.000000000e+00 1.000000000e+00 0.000000000e+00
6.718333383e-01 7.407023462e-01 0.000000000e+00 2.532789625e+00 -7.407023462e-01 6.718333383e-01 0.000000000e+00 7.377631019e+00 0.000000000e+00 0.000000000e+00 1.000000000e+00 0.000000000e+00
6.024580047e-01 7.981505827e-01 0.000000000e+00 2.834507569e+00 -7.981505827e-01 6.024580047e-01 0.000000000e+00 7.558484236e+00 0.000000000e+00 0.000000000e+00 1.000000000e+00 0.000000000e+00
5.412179950e-01 8.408823235e-01 0.000000000e+00 3.162315462e+00 -8.408823235e-01 5.412179950e-01 0.000000000e+00 7.700259305e+00 0.000000000e+00 0.000000000e+00 1.000000000e+00 0.000000000e+00
4.748982464e-01 8.800407125e-01 0.000000000e+00 3.475628663e+00 -8.800407125e-01 4.748982464e-01 0.000000000e+00 7.860956795e+00 0.000000000e+00 0.000000000e+00 1.000000000e+00 0.000000000e+00
4.166964689e-01 9.090456825e-01 0.000000000e+00 3.803908561e+00 -9.090456825e-01 4.166964689e-01 0.000000000e+00 7.980103669e+00 0.000000000e+00 0.000000000e+00 1.000000000e+00 0.000000000e+00
3.670670967e-01 9.301944670e-01 0.000000000e+00 4.136764075e+00 -9.301944670e-01 3.670670967e-01 0.000000000e+00 8.090959171e+00 0.000000000e+00 0.000000000e+00 1.000000000e+00 0.000000000e+00
3.149148851e-01 9.491199161e-01 0.000000000e+00 4.480612598e+00 -9.491199161e-01 3.149148851e-01 0.000000000e+00 8.181407741e+00 0.000000000e+00 0.000000000e+00 1.000000000e+00 0.000000000e+00
2.769569921e-01 9.608823157e-01 0.000000000e+00 4.826968994e+00 -9.608823157e-01 2.769569921e-01 0.000000000e+00 8.247887318e+00 0.000000000e+00 0.000000000e+00 1.000000000e+00 0.000000000e+00
2.719196275e-01 9.623199656e-01 0.000000000e+00 5.179482482e+00 -9.623199656e-01 2.719196275e-01 0.000000000e+00 8.307269193e+00 0.000000000e+00 0.000000000e+00 1.000000000e+00 0.000000000e+00
2.840853261e-01 9.587990026e-01 0.000000000e+00 5.526523696e+00 -9.587990026e-01 2.840853261e-01 0.000000000e+00 8.380177813e+00 0.000000000e+00 0.000000000e+00 1.000000000e+00 0.000000000e+00
3.105102159e-01 9.505700426e-01 0.000000000e+00 5.866600436e+00 -9.505700426e-01 3.105102159e-01 0.000000000e+00 8.468799338e+00 0.000000000e+00 0.000000000e+00 1.000000000e+00 0.000000000e+00
3.340847509e-01 9.425430384e-01 0.000000000e+00 6.208223608e+00 -9.425430384e-01 3.340847509e-01 0.000000000e+00 8.565633876e+00 0.000000000e+00 0.000000000e+00 1.000000000e+00 0.000000000e+00
3.421865397e-01 9.396320408e-01 0.000000000e+00 6.547060062e+00 -9.396320408e-01 3.421865397e-01 0.000000000e+00 8.664529023e+00 0.000000000e+00 0.000000000e+00 1.000000000e+00 0.000000000e+00
3.687307632e-01 9.295362415e-01 0.000000000e+00 6.881211498e+00 -9.295362415e-01 3.687307632e-01 0.000000000e+00 8.751930327e+00 0.000000000e+00 0.000000000e+00 1.000000000e+00 0.000000000e+00
4.138941064e-01 9.103250346e-01 0.000000000e+00 7.211824327e+00 -9.103250346e-01 4.138941064e-01 0.000000000e+00 8.864392383e+00 0.000000000e+00 0.000000000e+00 1.000000000e+00 0.000000000e+00
4.408435327e-01 8.975839680e-01 0.000000000e+00 7.536294070e+00 -8.975839680e-01 4.408435327e-01 0.000000000e+00 8.990637827e+00 0.000000000e+00 0.000000000e+00 1.000000000e+00 0.000000000e+00
4.429686724e-01 8.965370909e-01 0.000000000e+00 7.868063276e+00 -8.965370909e-01 4.429686724e-01 0.000000000e+00 9.113225955e+00 0.000000000e+00 0.000000000e+00 1.000000000e+00 0.000000000e+00
4.005040898e-01 9.162949711e-01 0.000000000e+00 8.192388468e+00 -9.162949711e-01 4.005040898e-01 0.000000000e+00 9.245539073e+00 0.000000000e+00 0.000000000e+00 1.000000000e+00 0.000000000e+00
3.452638372e-01 9.385056647e-01 0.000000000e+00 8.525184886e+00 -9.385056647e-01 3.452638372e-01 0.000000000e+00 9.348123088e+00 0.000000000e+00 0.000000000e+00 1.000000000e+00 0.000000000e+00
2.860939939e-01 9.582015585e-01 0.000000000e+00 8.870065070e+00 -9.582015585e-01 2.860939939e-01 0.000000000e+00 9.428610510e+00 0.000000000e+00 0.000000000e+00 1.000000000e+00 0.000000000e+00
2.284403175e-01 9.735579188e-01 0.000000000e+00 9.222053180e+00 -9.735579188e-01 2.284403175e-01 0.000000000e+00 9.447505427e+00 0.000000000e+00 0.000000000e+00 1.000000000e+00 0.000000000e+00
1.977890423e-01 9.802446097e-01 0.000000000e+00 9.580457884e+00 -9.802446097e-01 1.977890423e-01 0.000000000e+00 9.460389947e+00 0.000000000e+00 0.000000000e+00 1.000000000e+00 0.000000000e+00
1.389582771e-01 9.902982365e-01 0.000000000e+00 9.921191331e+00 -9.902982365e-01 1.389582771e-01 0.000000000e+00 9.488315705e+00 0.000000000e+00 0.000000000e+00 1.000000000e+00 0.000000000e+00
6.634509952e-02 9.977967367e-01 0.000000000e+00 1.028416818e+01 -9.977967367e-01 6.634509952e-02 0.000000000e+00 9.450693664e+00 0.000000000e+00 0.000000000e+00 1.000000000e+00 0.000000000e+00
2.409029537e-03 9.999970983e-01 0.000000000e+00 1.064725717e+01 -9.999970983e-01 2.409029537e-03 0.000000000e+00 9.381706823e+00 0.000000000e+00 0.000000000e+00 1.000000000e+00 0.000000000e+00
-5.346041280e-02 9.985699696e-01 0.000000000e+00 1.100680335e+01 -9.985699696e-01 -5.346041280e-02 0.000000000e+00 9.329244877e+00 0.000000000e+00 0.000000000e+00 1.000000000e+00 0.000000000e+00
-9.461022414e-02 9.955143924e-01 0.000000000e+00 1.135710978e+01 -9.955143924e-01 -9.461022414e-02 0.000000000e+00 9.228422176e+00 0.000000000e+00 0.000000000e+00 1.000000000e+00 0.000000000e+00
-1.303833938e-01 9.914636507e-01 0.000000000e+00 1.170999479e+01 -9.914636507e-01 -1.303833938e-01 0.000000000e+00 9.116605291e+00 0.000000000e+00 0.000000000e+00 1.000000000e+00 0.000000000e+00
-1.910287850e-01 9.815844351e-01 0.000000000e+00 1.206055006e+01 -9.815844351e-01 -1.910287850e-01 0.000000000e+00 8.973887191e+00 0.000000000e+00 0.000000000e+00 1.000000000e+00 0.000000000e+00
-2.613780821e-01 9.652364986e-01 0.000000000e+00 1.240039784e+01 -9.652364986e-01 -2.613780821e-01 0.000000000e+00 8.803754968e+00 0.000000000e+00 0.000000000e+00 1.000000000e+00 0.000000000e+00
-3.010085037e-01 9.536214557e-01 0.000000000e+00 1.273512943e+01 -9.536214557e-01 -3.010085037e-01 0.000000000e+00 8.605182467e+00 0.000000000e+00 0.000000000e+00 1.000000000e+00 0.000000000e+00
-3.274105862e-01 9.448821662e-01 0.000000000e+00 1.306608091e+01 -9.448821662e-01 -3.274105862e-01 0.000000000e+00 8.416466395e+00 0.000000000e+00 0.000000000e+00 1.000000000e+00 0.000000000e+00
-3.468885009e-01 9.379063748e-01 0.000000000e+00 1.338956727e+01 -9.379063748e-01 -3.468885009e-01 0.000000000e+00 8.217101898e+00 0.000000000e+00 0.000000000e+00 1.000000000e+00 0.000000000e+00
-3.776502747e-01 9.259483085e-01 0.000000000e+00 1.372269613e+01 -9.259483085e-01 -3.776502747e-01 0.000000000e+00 8.040033469e+00 0.000000000e+00 0.000000000e+00 1.000000000e+00 0.000000000e+00
-4.186855340e-01 9.081312810e-01 0.000000000e+00 1.405316945e+01 -9.081312810e-01 -4.186855340e-01 0.000000000e+00 7.858596217e+00 0.000000000e+00 0.000000000e+00 1.000000000e+00 0.000000000e+00
-4.508265493e-01 8.926115742e-01 0.000000000e+00 1.436006979e+01 -8.926115742e-01 -4.508265493e-01 0.000000000e+00 7.616944234e+00 0.000000000e+00 0.000000000e+00 1.000000000e+00 0.000000000e+00
-4.765049779e-01 8.791717728e-01 0.000000000e+00 1.466135944e+01 -8.791717728e-01 -4.765049779e-01 0.000000000e+00 7.375090852e+00 0.000000000e+00 0.000000000e+00 1.000000000e+00 0.000000000e+00
-4.782776251e-01 8.782086957e-01 0.000000000e+00 1.495733269e+01 -8.782086957e-01 -4.782776251e-01 0.000000000e+00 7.120050032e+00 0.000000000e+00 0.000000000e+00 1.000000000e+00 0.000000000e+00
-4.624777698e-01 8.866308772e-01 0.000000000e+00 1.526300726e+01 -8.866308772e-01 -4.624777698e-01 0.000000000e+00 6.877684580e+00 0.000000000e+00 0.000000000e+00 1.000000000e+00 0.000000000e+00
-4.717931406e-01 8.817092675e-01 0.000000000e+00 1.556470491e+01 -8.817092675e-01 -4.717931406e-01 0.000000000e+00 6.650262065e+00 0.000000000e+00 0.000000000e+00 1.000000000e+00 0.000000000e+00
-4.860345546e-01 8.739395928e-01 0.000000000e+00 1.585744025e+01 -8.739395928e-01 -4.860345546e-01 0.000000000e+00 6.384118308e+00 0.000000000e+00 0.000000000e+00 1.000000000e+00 0.000000000e+00
-4.923623040e-01 8.703903502e-01 0.000000000e+00 1.615651993e+01 -8.703903502e-01 -4.923623040e-01 0.000000000e+00 6.175393504e+00 0.000000000e+00 0.000000000e+00 1.000000000e+00 0.000000000e+00
-4.791245710e-01 8.777469142e-01 0.000000000e+00 1.644412305e+01 -8.777469142e-01 -4.791245710e-01 0.000000000e+00 5.950869708e+00 0.000000000e+00 0.000000000e+00 1.000000000e+00 0.000000000e+00
-4.574382758e-01 8.892413755e-01 0.000000000e+00 1.674213128e+01 -8.892413755e-01 -4.574382758e-01 0.000000000e+00 5.697515947e+00 0.000000000e+00 0.000000000e+00 1.000000000e+00 0.000000000e+00
-4.319064945e-01 9.019183888e-01 0.000000000e+00 1.704619276e+01 -9.019183888e-01 -4.319064945e-01 0.000000000e+00 5.514470799e+00 0.000000000e+00 0.000000000e+00 1.000000000e+00 0.000000000e+00
-4.069734966e-01 9.134399669e-01 0.000000000e+00 1.735457005e+01 -9.134399669e-01 -4.069734966e-01 0.000000000e+00 5.309872261e+00 0.000000000e+00 0.000000000e+00 1.000000000e+00 0.000000000e+00
-3.794838262e-01 9.251983710e-01 0.000000000e+00 1.766549258e+01 -9.251983710e-01 -3.794838262e-01 0.000000000e+00 5.130420544e+00 0.000000000e+00 0.000000000e+00 1.000000000e+00 0.000000000e+00
-3.512853075e-01 9.362684619e-01 0.000000000e+00 1.796772094e+01 -9.362684619e-01 -3.512853075e-01 0.000000000e+00 4.905767945e+00 0.000000000e+00 0.000000000e+00 1.000000000e+00 0.000000000e+00
-3.080324716e-01 9.513758439e-01 0.000000000e+00 1.827260062e+01 -9.513758439e-01 -3.080324716e-01 0.000000000e+00 4.686476094e+00 0.000000000e+00 0.000000000e+00 1.000000000e+00 0.000000000e+00
-2.732223771e-01 9.619508993e-01 0.000000000e+00 1.861138574e+01 -9.619508993e-01 -2.732223771e-01 0.000000000e+00 4.547998173e+00 0.000000000e+00 0.000000000e+00 1.000000000e+00 0.000000000e+00
-2.300016166e-01 9.731902467e-01 0.000000000e+00 1.891824670e+01 -9.731902467e-01 -2.300016166e-01 0.000000000e+00 4.375745075e+00 0.000000000e+00 0.000000000e+00 1.000000000e+00 0.000000000e+00
-2.045920598e-01 9.788473267e-01 0.000000000e+00 1.925211724e+01 -9.788473267e-01 -2.045920598e-01 0.000000000e+00 4.253714794e+00 0.000000000e+00 0.000000000e+00 1.000000000e+00 0.000000000e+00
-1.767431033e-01 9.842570170e-01 0.000000000e+00 1.957071037e+01 -9.842570170e-01 -1.767431033e-01 0.000000000e+00 4.111304826e+00 0.000000000e+00 0.000000000e+00 1.000000000e+00 0.000000000e+00
-1.431106468e-01 9.897066953e-01 0.000000000e+00 1.989557237e+01 -9.897066953e-01 -1.431106468e-01 0.000000000e+00 3.970354522e+00 0.000000000e+00 0.000000000e+00 1.000000000e+00 0.000000000e+00
-9.770534670e-02 9.952153863e-01 0.000000000e+00 2.021429998e+01 -9.952153863e-01 -9.770534670e-02 0.000000000e+00 3.845063212e+00 0.000000000e+00 0.000000000e+00 1.000000000e+00 0.000000000e+00
-7.346829911e-02 9.972975529e-01 0.000000000e+00 2.053532640e+01 -9.972975529e-01 -7.346829911e-02 0.000000000e+00 3.743645397e+00 0.000000000e+00 0.000000000e+00 1.000000000e+00 0.000000000e+00
-5.153307929e-02 9.986712881e-01 0.000000000e+00 2.085023238e+01 -9.986712881e-01 -5.153307929e-02 0.000000000e+00 3.620657746e+00 0.000000000e+00 0.000000000e+00 1.000000000e+00 0.000000000e+00
-4.583447584e-02 9.989490482e-01 0.000000000e+00 2.119054555e+01 -9.989490482e-01 -4.583447584e-02 0.000000000e+00 3.577898539e+00 0.000000000e+00 0.000000000e+00 1.000000000e+00 0.000000000e+00
-3.053581871e-02 9.995336732e-01 0.000000000e+00 2.150344131e+01 -9.995336732e-01 -3.053581871e-02 0.000000000e+00 3.457342297e+00 0.000000000e+00 0.000000000e+00 1.000000000e+00 0.000000000e+00
-3.635653613e-02 9.993388826e-01 0.000000000e+00 2.181993818e+01 -9.993388826e-01 -3.635653613e-02 0.000000000e+00 3.335626042e+00 0.000000000e+00 0.000000000e+00 1.000000000e+00 0.000000000e+00
-3.005175415e-02 9.995483440e-01 0.000000000e+00 2.215701870e+01 -9.995483440e-01 -3.005175415e-02 0.000000000e+00 3.277488811e+00 0.000000000e+00 0.000000000e+00 1.000000000e+00 0.000000000e+00
-5.735633730e-02 9.983537702e-01 0.000000000e+00 2.248213550e+01 -9.983537702e-01 -5.735633730e-02 0.000000000e+00 3.183863937e+00 0.000000000e+00 0.000000000e+00 1.000000000e+00 0.000000000e+00
-8.928790024e-02 9.960058589e-01 0.000000000e+00 2.280111777e+01 -9.960058589e-01 -8.928790024e-02 0.000000000e+00 3.061439514e+00 0.000000000e+00 0.000000000e+00 1.000000000e+00 0.000000000e+00
-1.352880429e-01 9.908063108e-01 0.000000000e+00 2.311604404e+01 -9.908063108e-01 -1.352880429e-01 0.000000000e+00 2.917461353e+00 0.000000000e+00 0.000000000e+00 1.000000000e+00 0.000000000e+00
-1.918012637e-01 9.814337855e-01 0.000000000e+00 2.342603943e+01 -9.814337855e-01 -1.918012637e-01 0.000000000e+00 2.754477366e+00 0.000000000e+00 0.000000000e+00 1.000000000e+00 0.000000000e+00
-2.461883857e-01 9.692219966e-01 0.000000000e+00 2.375429215e+01 -9.692219966e-01 -2.461883857e-01 0.000000000e+00 2.614164848e+00 0.000000000e+00 0.000000000e+00 1.000000000e+00 0.000000000e+00
-2.781554546e-01 9.605360707e-01 0.000000000e+00 2.405383515e+01 -9.605360707e-01 -2.781554546e-01 0.000000000e+00 2.422225554e+00 0.000000000e+00 0.000000000e+00 1.000000000e+00 0.000000000e+00
-3.209007985e-01 9.471128114e-01 0.000000000e+00 2.437151699e+01 -9.471128114e-01 -3.209007985e-01 0.000000000e+00 2.267081976e+00 0.000000000e+00 0.000000000e+00 1.000000000e+00 0.000000000e+00
-3.545334052e-01 9.350433490e-01 0.000000000e+00 2.466197508e+01 -9.350433490e-01 -3.545334052e-01 0.000000000e+00 2.047210935e+00 0.000000000e+00 0.000000000e+00 1.000000000e+00 0.000000000e+00
-4.099072041e-01 9.121272302e-01 0.000000000e+00 2.494363042e+01 -9.121272302e-01 -4.099072041e-01 0.000000000e+00 1.802328331e+00 0.000000000e+00 0.000000000e+00 1.000000000e+00 0.000000000e+00
-4.355279685e-01 9.001751988e-01 0.000000000e+00 2.522224848e+01 -9.001751988e-01 -4.355279685e-01 0.000000000e+00 1.555593834e+00 0.000000000e+00 0.000000000e+00 1.000000000e+00 0.000000000e+00
-4.428745276e-01 8.965836006e-01 0.000000000e+00 2.550234143e+01 -8.965836006e-01 -4.428745276e-01 0.000000000e+00 1.300335107e+00 0.000000000e+00 0.000000000e+00 1.000000000e+00 0.000000000e+00
-4.161429134e-01 9.092992223e-01 0.000000000e+00 2.579590373e+01 -9.092992223e-01 -4.161429134e-01 0.000000000e+00 1.094905120e+00 0.000000000e+00 0.000000000e+00 1.000000000e+00 0.000000000e+00
-3.518025087e-01 9.360742464e-01 0.000000000e+00 2.609414050e+01 -9.360742464e-01 -3.518025087e-01 0.000000000e+00 9.168790440e-01 0.000000000e+00 0.000000000e+00 1.000000000e+00 0.000000000e+00
-3.028832355e-01 9.530276731e-01 0.000000000e+00 2.637728330e+01 -9.530276731e-01 -3.028832355e-01 0.000000000e+00 6.987937773e-01 0.000000000e+00 0.000000000e+00 1.000000000e+00 0.000000000e+00
-2.752070889e-01 9.613849688e-01 0.000000000e+00 2.665917469e+01 -9.613849688e-01 -2.752070889e-01 0.000000000e+00 4.843945780e-01 0.000000000e+00 0.000000000e+00 1.000000000e+00 0.000000000e+00
-2.563508743e-01 9.665837932e-01 0.000000000e+00 2.697534808e+01 -9.665837932e-01 -2.563508743e-01 0.000000000e+00 3.373249303e-01 0.000000000e+00 0.000000000e+00 1.000000000e+00 0.000000000e+00
-2.286177342e-01 9.735162719e-01 0.000000000e+00 2.730274051e+01 -9.735162719e-01 -2.286177342e-01 0.000000000e+00 2.163624656e-01 0.000000000e+00 0.000000000e+00 1.000000000e+00 0.000000000e+00
