1.000000000e+00 0.000000000e+00 0.000000000e+00 0.000000000e+00 0.000000000e+00 1.000000000e+00 0.000000000e+00 0.000000000e+00 0.000000000e+00 0.000000000e+00 1.000000000e+00 0.000000000e+00
9.917764591e-01 -1.279822458e-01 0.000000000e+00 -3.278824620e-02 1.279822458e-01 9.917764591e-01 0.000000000e+00 5.004477920e-01 0.000000000e+00 0.000000000e+00 1.000000000e+00 0.000000000e+00
9.677915419e-01 -2.517529176e-01 0.000000000e+00 -1.367905890e-01 2.517529176e-01 9.677915419e-01 0.000000000e+00 9.887567891e-01 0.000000000e+00 0.000000000e+00 1.000000000e+00 0.000000000e+00
9.285140595e-01 -3.712972411e-01 0.000000000e+00 -2.926759164e-01 3.712972411e-01 9.285140595e-01 0.000000000e+00 1.448153642e+00 0.000000000e+00 0.000000000e+00 1.000000000e+00 0.000000000e+00
8.741715126e-01 -4.856173045e-01 0.000000000e+00 -5.092812576e-01 4.856173045e-01 8.741715126e-01 0.000000000e+00 1.891870720e+00 0.000000000e+00 0.000000000e+00 1.000000000e+00 0.000000000e+00
8.057863647e-01 -5.922063276e-01 0.000000000e+00 -7.841982689e-01 5.922063276e-01 8.057863647e-01 0.000000000e+00 2.302902334e+00 0.000000000e+00 0.000000000e+00 1.000000000e+00 0.000000000e+00
7.264902035e-01 -6.871768216e-01 0.000000000e+00 -1.104218182e+00 6.871768216e-01 7.264902035e-01 0.000000000e+00 2.681726415e+00 0.000000000e+00 0.000000000e+00 1.000000000e+00 0.000000000e+00
6.322434234e-01 -7.747698069e-01 0.000000000e+00 -1.468384676e+00 7.747698069e-01 6.322434234e-01 0.000000000e+00 3.027253379e+00 0.000000000e+00 0.000000000e+00 1.000000000e+00 0.000000000e+00
5.284258663e-01 -8.489794484e-01 0.000000000e+00 -1.863123379e+00 8.489794484e-01 5.284258663e-01 0.000000000e+00 3.320074737e+00 0.000000000e+00 0.000000000e+00 1.000000000e+00 0.000000000e+00
4.144130515e-01 -9.100889092e-01 0.000000000e+00 -2.299148016e+00 9.100889092e-01 4.144130515e-01 0.000000000e+00 3.568227995e+00 0.000000000e+00 0.000000000e+00 1.000000000e+00 0.000000000e+00
2.954982848e-01 -9.553432701e-01 0.000000000e+00 -2.745651523e+00 9.553432701e-01 2.954982848e-01 0.000000000e+00 3.731773946e+00 0.000000000e+00 0.000000000e+00 1.000000000e+00 0.000000000e+00
1.734683534e-01 -9.848394439e-01 0.000000000e+00 -3.222864730e+00 9.848394439e-01 1.734683534e-01 0.000000000e+00 3.834123571e+00 0.000000000e+00 0.000000000e+00 1.000000000e+00 0.000000000e+00
4.403126433e-02 -9.990301536e-01 0.000000000e+00 -3.705595039e+00 9.990301536e-01 4.403126433e-02 0.000000000e+00 3.919140324e+00 0.000000000e+00 0.000000000e+00 1.000000000e+00 0.000000000e+00
-7.945297390e-02 -9.968386153e-01 0.000000000e+00 -4.204040859e+00 9.968386153e-01 -7.945297390e-02 0.000000000e+00 3.895442210e+00 0.000000000e+00 0.000000000e+00 1.000000000e+00 0.000000000e+00
-2.002475377e-01 -9.797453361e-01 0.000000000e+00 -4.691099394e+00 9.797453361e-01 -2.002475377e-01 0.000000000e+00 3.820594786e+00 0.000000000e+00 0.000000000e+00 1.000000000e+00 0.000000000e+00
-3.216539650e-01 -9.468572896e-01 0.000000000e+00 -5.156447131e+00 9.468572896e-01 -3.216539650e-01 0.000000000e+00 3.667175557e+00 0.000000000e+00 0.000000000e+00 1.000000000e+00 0.000000000e+00
-4.363343017e-01 -8.997846282e-01 0.000000000e+00 -5.612794014e+00 8.997846282e-01 -4.363343017e-01 0.000000000e+00 3.466521081e+00 0.000000000e+00 0.000000000e+00 1.000000000e+00 0.000000000e+00
-5.428348846e-01 -8.398394418e-01 0.000000000e+00 -6.025530875e+00 8.398394418e-01 -5.428348846e-01 0.000000000e+00 3.200196486e+00 0.000000000e+00 0.000000000e+00 1.000000000e+00 0.000000000e+00
-6.413620049e-01 -7.672384106e-01 0.000000000e+00 -6.424300862e+00 7.672384106e-01 -6.413620049e-01 0.000000000e+00 2.881053170e+00 0.000000000e+00 0.000000000e+00 1.000000000e+00 0.000000000e+00
-7.323680451e-01 -6.809089855e-01 0.000000000e+00 -6.783066502e+00 6.809089855e-01 -7.323680451e-01 0.000000000e+00 2.538363569e+00 0.000000000e+00 0.000000000e+00 1.000000000e+00 0.000000000e+00
-8.092815175e-01 -5.874209951e-01 0.000000000e+00 -7.080591144e+00 5.874209951e-01 -8.092815175e-01 0.000000000e+00 2.136323475e+00 0.000000000e+00 0.000000000e+00 1.000000000e+00 0.000000000e+00
-8.743004552e-01 -4.853851193e-01 0.000000000e+00 -7.314313688e+00 4.853851193e-01 -8.743004552e-01 0.000000000e+00 1.710880772e+00 0.000000000e+00 0.000000000e+00 1.000000000e+00 0.000000000e+00
-9.275262893e-01 -3.737579199e-01 0.000000000e+00 -7.511297800e+00 3.737579199e-01 -9.275262893e-01 0.000000000e+00 1.260586713e+00 0.000000000e+00 0.000000000e+00 1.000000000e+00 0.000000000e+00
-9.670233127e-01 -2.546878732e-01 0.000000000e+00 -7.649244473e+00 2.546878732e-01 -9.670233127e-01 0.000000000e+00 7.934041009e-01 0.000000000e+00 0.000000000e+00 1.000000000e+00 0.000000000e+00
-9.907389612e-01 -1.357803770e-01 0.000000000e+00 -7.717330121e+00 1.357803770e-01 -9.907389612e-01 0.000000000e+00 3.027867294e-01 0.000000000e+00 0.000000000e+00 1.000000000e+00 0.000000000e+00
-9.998932565e-01 -1.461080629e-02 0.000000000e+00 -7.743167305e+00 1.461080629e-02 -9.998932565e-01 0.000000000e+00 -2.014553479e-01 0.000000000e+00 0.000000000e+00 1.000000000e+00 0.000000000e+00
-9.940216500e-01 1.091831456e-01 0.000000000e+00 -7.702230541e+00 -1.091831456e-01 -9.940216500e-01 0.000000000e+00 -6.905736539e-01 0.000000000e+00 0.000000000e+00 1.000000000e+00 0.000000000e+00
-9.745011420e-01 2.243825399e-01 0.000000000e+00 -7.570716712e+00 -2.243825399e-01 -9.745011420e-01 0.000000000e+00 -1.151737979e+00 0.000000000e+00 0.000000000e+00 1.000000000e+00 0.000000000e+00
-9.394828895e-01 3.425958266e-01 0.000000000e+00 -7.423647911e+00 -3.425958266e-01 -9.394828895e-01 0.000000000e+00 -1.616044496e+00 0.000000000e+00 0.000000000e+00 1.000000000e+00 0.000000000e+00
-8.892922853e-01 4.573392956e-01 0.000000000e+00 -7.210815648e+00 -4.573392956e-01 -8.892922853e-01 0.000000000e+00 -2.073724840e+00 0.000000000e+00 0.000000000e+00 1.000000000e+00 0.000000000e+00
-8.262618070e-01 5.632862738e-01 0.000000000e+00 -6.928018443e+00 -5.632862738e-01 -8.262618070e-01 0.000000000e+00 -2.481000254e+00 0.000000000e+00 0.000000000e+00 1.000000000e+00 0.000000000e+00
-7.483008306e-01 6.633595306e-01 0.000000000e+00 -6.608707618e+00 -6.633595306e-01 -7.483008306e-01 0.000000000e+00 -2.847311179e+00 0.000000000e+00 0.000000000e+00 1.000000000e+00 0.000000000e+00
-6.516545027e-01 7.585159255e-01 0.000000000e+00 -6.255730264e+00 -7.585159255e-01 -6.516545027e-01 0.000000000e+00 -3.180952790e+00 0.000000000e+00 0.000000000e+00 1.000000000e+00 0.000000000e+00
-5.514489892e-01 8.342086144e-01 0.000000000e+00 -5.841695212e+00 -8.342086144e-01 -5.514489892e-01 0.000000000e+00 -3.447216681e+00 0.000000000e+00 0.000000000e+00 1.000000000e+00 0.000000000e+00
-4.413196677e-01 8.973499601e-01 0.000000000e+00 -5.402619074e+00 -8.973499601e-01 -4.413196677e-01 0.000000000e+00 -3.672043294e+00 0.000000000e+00 0.000000000e+00 1.000000000e+00 0.000000000e+00
-3.246435162e-01 9.458364485e-01 0.000000000e+00 -4.943661424e+00 -9.458364485e-01 -3.246435162e-01 0.000000000e+00 -3.842078534e+00 0.000000000e+00 0.000000000e+00 1.000000000e+00 0.000000000e+00
-2.039193225e-01 9.789876965e-01 0.000000000e+00 -4.460988278e+00 -9.789876965e-01 -2.039193225e-01 0.000000000e+00 -3.938045445e+00 0.000000000e+00 0.000000000e+00 1.000000000e+00 0.000000000e+00
-7.934546039e-02 9.968471788e-01 0.000000000e+00 -3.969118973e+00 -9.968471788e-01 -7.934546039e-02 0.000000000e+00 -3.986885431e+00 0.000000000e+00 0.000000000e+00 1.000000000e+00 0.000000000e+00
4.505591453e-02 9.989844666e-01 0.000000000e+00 -3.475528343e+00 -9.989844666e-01 4.505591453e-02 0.000000000e+00 -3.955017766e+00 0.000000000e+00 0.000000000e+00 1.000000000e+00 0.000000000e+00
1.696068648e-01 9.855118018e-01 0.000000000e+00 -2.979647621e+00 -9.855118018e-01 1.696068648e-01 0.000000000e+00 -3.883760882e+00 0.000000000e+00 0.000000000e+00 1.000000000e+00 0.000000000e+00
2.911436513e-01 9.566793477e-01 0.000000000e+00 -2.505997747e+00 -9.566793477e-01 2.911436513e-01 0.000000000e+00 -3.738521383e+00 0.000000000e+00 0.000000000e+00 1.000000000e+00 0.000000000e+00
4.073678490e-01 9.132641653e-01 0.000000000e+00 -2.047868066e+00 -9.132641653e-01 4.073678490e-01 0.000000000e+00 -3.551771606e+00 0.000000000e+00 0.000000000e+00 1.000000000e+00 0.000000000e+00
5.199434725e-01 8.542006705e-01 0.000000000e+00 -1.622498341e+00 -8.542006705e-01 5.199434725e-01 0.000000000e+00 -3.303971263e+00 0.000000000e+00 0.000000000e+00 1.000000000e+00 0.000000000e+00
6.242186185e-01 7.812497144e-01 0.000000000e+00 -1.209799264e+00 -7.812497144e-01 6.242186185e-01 0.000000000e+00 -3.014916610e+00 0.000000000e+00 0.000000000e+00 1.000000000e+00 0.000000000e+00
7.193730862e-01 6.946239003e-01 0.000000000e+00 -8.451094259e-01 -6.946239003e-01 7.193730862e-01 0.000000000e+00 -2.672152608e+00 0.000000000e+00 0.000000000e+00 1.000000000e+00 0.000000000e+00
8.006605007e-01 5.991183211e-01 0.000000000e+00 -5.261118080e-01 -5.991183211e-01 8.006605007e-01 0.000000000e+00 -2.277834900e+00 0.000000000e+00 0.000000000e+00 1.000000000e+00 0.000000000e+00
8.714626242e-01 4.904619197e-01 0.000000000e+00 -2.749766772e-01 -4.904619197e-01 8.714626242e-01 0.000000000e+00 -1.847392918e+00 0.000000000e+00 0.000000000e+00 1.000000000e+00 0.000000000e+00
9.256339321e-01 3.784201683e-01 0.000000000e+00 -7.901793283e-02 -3.784201683e-01 9.256339321e-01 0.000000000e+00 -1.391527122e+00 0.000000000e+00 0.000000000e+00 1.000000000e+00 0.000000000e+00
9.687502446e-01 2.480382301e-01 0.000000000e+00 6.849607425e-02 -2.480382301e-01 9.687502446e-01 0.000000000e+00 -9.159684332e-01 0.000000000e+00 0.000000000e+00 1.000000000e+00 0.000000000e+00
9.928074252e-01 1.197222476e-01 0.000000000e+00 1.416959034e-01 -1.197222476e-01 9.928074252e-01 0.000000000e+00 -4.306092950e-01 0.000000000e+00 0.000000000e+00 1.000000000e+00 0.000000000e+00
9.999660427e-01 -8.240961989e-03 0.000000000e+00 1.447320422e-01 8.240961989e-03 9.999660427e-01 0.000000000e+00 6.673965896e-02 0.000000000e+00 0.000000000e+00 1.000000000e+00 0.000000000e+00
9.905910830e-01 -1.368550558e-01 0.000000000e+00 1.033976208e-01 1.368550558e-01 9.905910830e-01 0.000000000e+00 5.637268990e-01 0.000000000e+00 0.000000000e+00 1.000000000e+00 0.000000000e+00
9.654805388e-01 -2.604751987e-01 0.000000000e+00 -1.958509842e-02 2.604751987e-01 9.654805388e-01 0.000000000e+00 1.044884508e+00 0.000000000e+00 0.000000000e+00 1.000000000e+00 0.000000000e+00
9.250482032e-01 -3.798497358e-01 0.000000000e+00 -1.954878251e-01 3.798497358e-01 9.250482032e-01 0.000000000e+00 1.497110811e+00 0.000000000e+00 0.000000000e+00 1.000000000e+00 0.000000000e+00
8.695484991e-01 -4.938475551e-01 0.000000000e+00 -4.297604089e-01 4.938475551e-01 8.695484991e-01 0.000000000e+00 1.933509922e+00 0.000000000e+00 0.000000000e+00 1.000000000e+00 0.000000000e+00
8.003035684e-01 -5.995950287e-01 0.000000000e+00 -7.233459206e-01 5.995950287e-01 8.003035684e-01 0.000000000e+00 2.335302218e+00 0.000000000e+00 0.000000000e+00 1.000000000e+00 0.000000000e+00
7.204432848e-01 -6.935138595e-01 0.000000000e+00 -1.053558118e+00 6.935138595e-01 7.204432848e-01 0.000000000e+00 2.708607761e+00 0.000000000e+00 0.000000000e+00 1.000000000e+00 0.000000000e+00
6.259082916e-01 -7.798966665e-01 0.000000000e+00 -1.426309896e+00 7.798966665e-01 6.259082916e-01 0.000000000e+00 3.049636322e+00 0.000000000e+00 0.000000000e+00 1.000000000e+00 0.000000000e+00
5.223370609e-01 -8.527391130e-01 0.000000000e+00 -1.829823399e+00 8.527391130e-01 5.223370609e-01 0.000000000e+00 3.338019785e+00 0.000000000e+00 0.000000000e+00 1.000000000e+00 0.000000000e+00
4.090981005e-01 -9.124904077e-01 0.000000000e+00 -2.270999160e+00 9.124904077e-01 4.090981005e-01 0.000000000e+00 3.582192437e+00 0.000000000e+00 0.000000000e+00 1.000000000e+00 0.000000000e+00
2.911398231e-01 -9.566805127e-01 0.000000000e+00 -2.734484146e+00 9.566805127e-01 2.911398231e-01 0.000000000e+00 3.738929658e+00 0.000000000e+00 0.000000000e+00 1.000000000e+00 0.000000000e+00
1.706219663e-01 -9.853365641e-01 0.000000000e+00 -3.219480938e+00 9.853365641e-01 1.706219663e-01 0.000000000e+00 3.837268562e+00 0.000000000e+00 0.000000000e+00 1.000000000e+00 0.000000000e+00
4.270592821e-02 -9.990876857e-01 0.000000000e+00 -3.704794626e+00 9.990876857e-01 4.270592821e-02 0.000000000e+00 3.920129239e+00 0.000000000e+00 0.000000000e+00 1.000000000e+00 0.000000000e+00
-8.269624547e-02 -9.965747995e-01 0.000000000e+00 -4.199481348e+00 9.965747995e-01 -8.269624547e-02 0.000000000e+00 3.903060201e+00 0.000000000e+00 0.000000000e+00 1.000000000e+00 0.000000000e+00
-2.052681935e-01 -9.787057621e-01 0.000000000e+00 -4.679302944e+00 9.787057621e-01 -2.052681935e-01 0.000000000e+00 3.839014640e+00 0.000000000e+00 0.000000000e+00 1.000000000e+00 0.000000000e+00
-3.285152536e-01 -9.444986650e-01 0.000000000e+00 -5.128673310e+00 9.444986650e-01 -3.285152536e-01 0.000000000e+00 3.705988415e+00 0.000000000e+00 0.000000000e+00 1.000000000e+00 0.000000000e+00
-4.447102728e-01 -8.956744795e-01 0.000000000e+00 -5.576462585e+00 8.956744795e-01 -4.447102728e-01 0.000000000e+00 3.511405520e+00 0.000000000e+00 0.000000000e+00 1.000000000e+00 0.000000000e+00
-5.523743017e-01 -8.335962037e-01 0.000000000e+00 -5.966760255e+00 8.335962037e-01 -5.523743017e-01 0.000000000e+00 3.267117205e+00 0.000000000e+00 0.000000000e+00 1.000000000e+00 0.000000000e+00
-6.517329629e-01 -7.584485118e-01 0.000000000e+00 -6.356364291e+00 7.584485118e-01 -6.517329629e-01 0.000000000e+00 2.950283802e+00 0.000000000e+00 0.000000000e+00 1.000000000e+00 0.000000000e+00
-7.430582429e-01 -6.692267536e-01 0.000000000e+00 -6.704986027e+00 6.692267536e-01 -7.430582429e-01 0.000000000e+00 2.609655948e+00 0.000000000e+00 0.000000000e+00 1.000000000e+00 0.000000000e+00
-8.198197657e-01 -5.726216480e-01 0.000000000e+00 -6.987285874e+00 5.726216480e-01 -8.198197657e-01 0.000000000e+00 2.215032415e+00 0.000000000e+00 0.000000000e+00 1.000000000e+00 0.000000000e+00
-8.840635216e-01 -4.673667616e-01 0.000000000e+00 -7.191033994e+00 4.673667616e-01 -8.840635216e-01 0.000000000e+00 1.815465750e+00 0.000000000e+00 0.000000000e+00 1.000000000e+00 0.000000000e+00
-9.358401172e-01 -3.524248501e-01 0.000000000e+00 -7.368664736e+00 3.524248501e-01 -9.358401172e-01 0.000000000e+00 1.373866502e+00 0.000000000e+00 0.000000000e+00 1.000000000e+00 0.000000000e+00
-9.730635851e-01 -2.305368938e-01 0.000000000e+00 -7.479749237e+00 2.305368938e-01 -9.730635851e-01 0.000000000e+00 9.226312539e-01 0.000000000e+00 0.000000000e+00 1.000000000e+00 0.000000000e+00
-9.940418716e-01 -1.089988873e-01 0.000000000e+00 -7.530748129e+00 1.089988873e-01 -9.940418716e-01 0.000000000e+00 4.359834153e-01 0.000000000e+00 0.000000000e+00 1.000000000e+00 0.000000000e+00
-9.998962186e-01 1.440666604e-02 0.000000000e+00 -7.534294912e+00 -1.440666604e-02 -9.998962186e-01 0.000000000e+00 -5.858613066e-02 0.000000000e+00 0.000000000e+00 1.000000000e+00 0.000000000e+00
-9.901761619e-01 1.398254925e-01 0.000000000e+00 -7.475371633e+00 -1.398254925e-01 -9.901761619e-01 0.000000000e+00 -5.414972932e-01 0.000000000e+00 0.000000000e+00 1.000000000e+00 0.000000000e+00
-9.666703732e-01 2.560241972e-01 0.000000000e+00 -7.311756242e+00 -2.560241972e-01 -9.666703732e-01 0.000000000e+00 -9.737829683e-01 0.000000000e+00 0.000000000e+00 1.000000000e+00 0.000000000e+00
-9.274108629e-01 3.740442373e-01 0.000000000e+00 -7.142560872e+00 -3.740442373e-01 -9.274108629e-01 0.000000000e+00 -1.423034895e+00 0.000000000e+00 0.000000000e+00 1.000000000e+00 0.000000000e+00
-8.727651281e-01 4.881403805e-01 0.000000000e+00 -6.909262150e+00 -4.881403805e-01 -8.727651281e-01 0.000000000e+00 -1.866311161e+00 0.000000000e+00 0.000000000e+00 1.000000000e+00 0.000000000e+00
-8.054465762e-01 5.926683836e-01 0.000000000e+00 -6.602243798e+00 -5.926683836e-01 -8.054465762e-01 0.000000000e+00 -2.250304679e+00 0.000000000e+00 0.000000000e+00 1.000000000e+00 0.000000000e+00
-7.233061859e-01 6.905274516e-01 0.000000000e+00 -6.256373797e+00 -6.905274516e-01 -7.233061859e-01 0.000000000e+00 -2.587618463e+00 0.000000000e+00 0.000000000e+00 1.000000000e+00 0.000000000e+00
-6.226700020e-01 7.824845484e-01 0.000000000e+00 -5.875688393e+00 -7.824845484e-01 -6.226700020e-01 0.000000000e+00 -2.888487315e+00 0.000000000e+00 0.000000000e+00 1.000000000e+00 0.000000000e+00
-5.193426664e-01 8.545660857e-01 0.000000000e+00 -5.437474851e+00 -8.545660857e-01 -5.193426664e-01 0.000000000e+00 -3.118826894e+00 0.000000000e+00 0.000000000e+00 1.000000000e+00 0.000000000e+00
-4.067625063e-01 9.135339422e-01 0.000000000e+00 -4.979658237e+00 -9.135339422e-01 -4.067625063e-01 0.000000000e+00 -3.309676101e+00 0.000000000e+00 0.000000000e+00 1.000000000e+00 0.000000000e+00
-2.884572194e-01 9.574927846e-01 0.000000000e+00 -4.505032927e+00 -9.574927846e-01 -2.884572194e-01 0.000000000e+00 -3.445671355e+00 0.000000000e+00 0.000000000e+00 1.000000000e+00 0.000000000e+00
-1.668082124e-01 9.859893611e-01 0.000000000e+00 -4.005494809e+00 -9.859893611e-01 -1.668082124e-01 0.000000000e+00 -3.500094171e+00 0.000000000e+00 0.000000000e+00 1.000000000e+00 0.000000000e+00
-4.201537878e-02 9.991169641e-01 0.000000000e+00 -3.506963884e+00 -9.991169641e-01 -4.201537878e-02 0.000000000e+00 -3.521632544e+00 0.000000000e+00 0.000000000e+00 1.000000000e+00 0.000000000e+00
8.188342730e-02 9.966419138e-01 0.000000000e+00 -3.001834655e+00 -9.966419138e-01 8.188342730e-02 0.000000000e+00 -3.449657328e+00 0.000000000e+00 0.000000000e+00 1.000000000e+00 0.000000000e+00
2.050533173e-01 9.787508044e-01 0.000000000e+00 -2.500906751e+00 -9.787508044e-01 2.050533173e-01 0.000000000e+00 -3.347751897e+00 0.000000000e+00 0.000000000e+00 1.000000000e+00 0.000000000e+00
3.246145466e-01 9.458463914e-01 0.000000000e+00 -2.021615289e+00 -9.458463914e-01 3.246145466e-01 0.000000000e+00 -3.169492330e+00 0.000000000e+00 0.000000000e+00 1.000000000e+00 0.000000000e+00
4.384522488e-01 8.987544857e-01 0.000000000e+00 -1.565136440e+00 -8.987544857e-01 4.384522488e-01 0.000000000e+00 -2.959768652e+00 0.000000000e+00 0.000000000e+00 1.000000000e+00 0.000000000e+00
5.481882171e-01 8.363549956e-01 0.000000000e+00 -1.135334165e+00 -8.363549956e-01 5.481882171e-01 0.000000000e+00 -2.680336957e+00 0.000000000e+00 0.000000000e+00 1.000000000e+00 0.000000000e+00
6.489499697e-01 7.608310829e-01 0.000000000e+00 -7.274235501e-01 -7.608310829e-01 6.489499697e-01 0.000000000e+00 -2.371714419e+00 0.000000000e+00 0.000000000e+00 1.000000000e+00 0.000000000e+00
7.405775261e-01 6.719709279e-01 0.000000000e+00 -3.628603438e-01 -6.719709279e-01 7.405775261e-01 0.000000000e+00 -2.005400951e+00 0.000000000e+00 0.000000000e+00 1.000000000e+00 0.000000000e+00
8.181741195e-01 5.749705298e-01 0.000000000e+00 -5.187452873e-02 -5.749705298e-01 8.181741195e-01 0.000000000e+00 -1.596868701e+00 0.000000000e+00 0.000000000e+00 1.000000000e+00 0.000000000e+00
8.852186459e-01 4.651751810e-01 0.000000000e+00 2.059550302e-01 -4.651751810e-01 8.852186459e-01 0.000000000e+00 -1.138661874e+00 0.000000000e+00 0.000000000e+00 1.000000000e+00 0.000000000e+00
9.357582064e-01 3.526422821e-01 0.000000000e+00 4.001797324e-01 -3.526422821e-01 9.357582064e-01 0.000000000e+00 -6.654451505e-01 0.000000000e+00 0.000000000e+00 1.000000000e+00 0.000000000e+00
9.749991874e-01 2.222084261e-01 0.000000000e+00 5.503972847e-01 -2.222084261e-01 9.749991874e-01 0.000000000e+00 -1.697465725e-01 0.000000000e+00 0.000000000e+00 1.000000000e+00 0.000000000e+00
9.955588655e-01 9.414109266e-02 0.000000000e+00 6.330472064e-01 -9.414109266e-02 9.955588655e-01 0.000000000e+00 3.361494509e-01 0.000000000e+00 0.000000000e+00 1.000000000e+00 0.000000000e+00
9.994447746e-01 -3.331880195e-02 0.000000000e+00 6.611283312e-01 3.331880195e-02 9.994447746e-01 0.000000000e+00 8.534522658e-01 0.000000000e+00 0.000000000e+00 1.000000000e+00 0.000000000e+00
