1.000000000e+00 0.000000000e+00 0.000000000e+00 0.000000000e+00 0.000000000e+00 1.000000000e+00 0.000000000e+00 0.000000000e+00 0.000000000e+00 0.000000000e+00 1.000000000e+00 0.000000000e+00
9.938603687e-01 -1.106416174e-01 0.000000000e+00 -2.113954487e-02 1.106416174e-01 9.938603687e-01 0.000000000e+00 2.475640825e-01 0.000000000e+00 0.000000000e+00 1.000000000e+00 0.000000000e+00
9.764674253e-01 -2.156649422e-01 0.000000000e+00 -7.570476011e-02 2.156649422e-01 9.764674253e-01 0.000000000e+00 4.922469555e-01 0.000000000e+00 0.000000000e+00 1.000000000e+00 0.000000000e+00
9.507199318e-01 -3.100509817e-01 0.000000000e+00 -1.676823913e-01 3.100509817e-01 9.507199318e-01 0.000000000e+00 7.258482452e-01 0.000000000e+00 0.000000000e+00 1.000000000e+00 0.000000000e+00
9.184531029e-01 -3.955298949e-01 0.000000000e+00 -2.666835845e-01 3.955298949e-01 9.184531029e-01 0.000000000e+00 9.488109928e-01 0.000000000e+00 0.000000000e+00 1.000000000e+00 0.000000000e+00
8.815497032e-01 -4.720912209e-01 0.000000000e+00 -3.780017652e-01 4.720912209e-01 8.815497032e-01 0.000000000e+00 1.173026525e+00 0.000000000e+00 0.000000000e+00 1.000000000e+00 0.000000000e+00
8.483083135e-01 -5.295026018e-01 0.000000000e+00 -5.225028130e-01 5.295026018e-01 8.483083135e-01 0.000000000e+00 1.382628905e+00 0.000000000e+00 0.000000000e+00 1.000000000e+00 0.000000000e+00
8.168521395e-01 -5.768471047e-01 0.000000000e+00 -6.519078397e-01 5.768471047e-01 8.168521395e-01 0.000000000e+00 1.590090787e+00 0.000000000e+00 0.000000000e+00 1.000000000e+00 0.000000000e+00
7.955073643e-01 -6.059439193e-01 0.000000000e+00 -8.037763594e-01 6.059439193e-01 7.955073643e-01 0.000000000e+00 1.776850425e+00 0.000000000e+00 0.000000000e+00 1.000000000e+00 0.000000000e+00
7.794427537e-01 -6.264734582e-01 0.000000000e+00 -9.505525348e-01 6.264734582e-01 7.794427537e-01 0.000000000e+00 1.969646185e+00 0.000000000e+00 0.000000000e+00 1.000000000e+00 0.000000000e+00
7.748073061e-01 -6.321974679e-01 0.000000000e+00 -1.102007917e+00 6.321974679e-01 7.748073061e-01 0.000000000e+00 2.160869543e+00 0.000000000e+00 0.000000000e+00 1.000000000e+00 0.000000000e+00
7.809340768e-01 -6.246134546e-01 0.000000000e+00 -1.250886368e+00 6.246134546e-01 7.809340768e-01 0.000000000e+00 2.357628637e+00 0.000000000e+00 0.000000000e+00 1.000000000e+00 0.000000000e+00
7.980778009e-01 -6.025544156e-01 0.000000000e+00 -1.390706023e+00 6.025544156e-01 7.980778009e-01 0.000000000e+00 2.554518560e+00 0.000000000e+00 0.000000000e+00 1.000000000e+00 0.000000000e+00
8.238370948e-01 -5.668266412e-01 0.000000000e+00 -1.533882824e+00 5.668266412e-01 8.238370948e-01 0.000000000e+00 2.764627894e+00 0.000000000e+00 0.000000000e+00 1.000000000e+00 0.000000000e+00
8.560228133e-01 -5.169380457e-01 0.000000000e+00 -1.652201260e+00 5.169380457e-01 8.560228133e-01 0.000000000e+00 2.975896960e+00 0.000000000e+00 0.000000000e+00 1.000000000e+00 0.000000000e+00
8.907769525e-01 -4.544407782e-01 0.000000000e+00 -1.756906325e+00 4.544407782e-01 8.907769525e-01 0.000000000e+00 3.199502644e+00 0.000000000e+00 0.000000000e+00 1.000000000e+00 0.000000000e+00
9.276247136e-01 -3.735135751e-01 0.000000000e+00 -1.854080242e+00 3.735135751e-01 9.276247136e-01 0.000000000e+00 3.424842151e+00 0.000000000e+00 0.000000000e+00 1.000000000e+00 0.000000000e+00
9.586503096e-01 -2.845866896e-01 0.000000000e+00 -1.917189102e+00 2.845866896e-01 9.586503096e-01 0.000000000e+00 3.667082159e+00 0.000000000e+00 0.000000000e+00 1.000000000e+00 0.000000000e+00
9.824435342e-01 -1.865601837e-01 0.000000000e+00 -1.948529578e+00 1.865601837e-01 9.824435342e-01 0.000000000e+00 3.905589370e+00 0.000000000e+00 0.000000000e+00 1.000000000e+00 0.000000000e+00
9.964181114e-01 -8.456327406e-02 0.000000000e+00 -1.948996614e+00 8.456327406e-02 9.964181114e-01 0.000000000e+00 4.167597092e+00 0.000000000e+00 0.000000000e+00 1.000000000e+00 0.000000000e+00
9.996903240e-01 2.488485661e-02 0.000000000e+00 -1.931522634e+00 -2.488485661e-02 9.996903240e-01 0.000000000e+00 4.418964257e+00 0.000000000e+00 0.000000000e+00 1.000000000e+00 0.000000000e+00
9.911938109e-01 1.324191422e-01 0.000000000e+00 -1.889986244e+00 -1.324191422e-01 9.911938109e-01 0.000000000e+00 4.660414746e+00 0.000000000e+00 0.000000000e+00 1.000000000e+00 0.000000000e+00
9.718325399e-01 2.356724727e-01 0.000000000e+00 -1.823044894e+00 -2.356724727e-01 9.718325399e-01 0.000000000e+00 4.902427832e+00 0.000000000e+00 0.000000000e+00 1.000000000e+00 0.000000000e+00
9.435010881e-01 3.313694265e-01 0.000000000e+00 -1.720545362e+00 -3.313694265e-01 9.435010881e-01 0.000000000e+00 5.141508859e+00 0.000000000e+00 0.000000000e+00 1.000000000e+00 0.000000000e+00
9.095843467e-01 4.155193332e-01 0.000000000e+00 -1.614869850e+00 -4.155193332e-01 9.095843467e-01 0.000000000e+00 5.361060758e+00 0.000000000e+00 0.000000000e+00 1.000000000e+00 0.000000000e+00
8.732733271e-01 4.872306396e-01 0.000000000e+00 -1.486776376e+00 -4.872306396e-01 8.732733271e-01 0.000000000e+00 5.582178041e+00 0.000000000e+00 0.000000000e+00 1.000000000e+00 0.000000000e+00
8.387706682e-01 5.444848631e-01 0.000000000e+00 -1.328523375e+00 -5.444848631e-01 8.387706682e-01 0.000000000e+00 5.777128219e+00 0.000000000e+00 0.000000000e+00 1.000000000e+00 0.000000000e+00
8.064095827e-01 5.913574088e-01 0.000000000e+00 -1.185248108e+00 -5.913574088e-01 8.064095827e-01 0.000000000e+00 5.980815356e+00 0.000000000e+00 0.000000000e+00 1.000000000e+00 0.000000000e+00
7.810552018e-01 6.244619858e-01 0.000000000e+00 -1.027759369e+00 -6.244619858e-01 7.810552018e-01 0.000000000e+00 6.176477720e+00 0.000000000e+00 0.000000000e+00 1.000000000e+00 0.000000000e+00
7.653930324e-01 6.435631328e-01 0.000000000e+00 -8.666292012e-01 -6.435631328e-01 7.653930324e-01 0.000000000e+00 6.372661206e+00 0.000000000e+00 0.000000000e+00 1.000000000e+00 0.000000000e+00
7.638865758e-01 6.453505244e-01 0.000000000e+00 -6.870084567e-01 -6.453505244e-01 7.638865758e-01 0.000000000e+00 6.547926873e+00 0.000000000e+00 0.000000000e+00 1.000000000e+00 0.000000000e+00
7.706954173e-01 6.372037145e-01 0.000000000e+00 -5.058950063e-01 -6.372037145e-01 7.706954173e-01 0.000000000e+00 6.726788626e+00 0.000000000e+00 0.000000000e+00 1.000000000e+00 0.000000000e+00
7.882196517e-01 6.153940044e-01 0.000000000e+00 -3.322744250e-01 -6.153940044e-01 7.882196517e-01 0.000000000e+00 6.910604824e+00 0.000000000e+00 0.000000000e+00 1.000000000e+00 0.000000000e+00
8.153976615e-01 5.789012469e-01 0.000000000e+00 -1.764678036e-01 -5.789012469e-01 8.153976615e-01 0.000000000e+00 7.103765279e+00 0.000000000e+00 0.000000000e+00 1.000000000e+00 0.000000000e+00
8.484490699e-01 5.292770312e-01 0.000000000e+00 -3.442258613e-02 -5.292770312e-01 8.484490699e-01 0.000000000e+00 7.313163995e+00 0.000000000e+00 0.000000000e+00 1.000000000e+00 0.000000000e+00
8.845395654e-01 4.664651727e-01 0.000000000e+00 8.347546212e-02 -4.664651727e-01 8.845395654e-01 0.000000000e+00 7.537110447e+00 0.000000000e+00 0.000000000e+00 1.000000000e+00 0.000000000e+00
9.208433133e-01 3.899328050e-01 0.000000000e+00 1.925495940e-01 -3.899328050e-01 9.208433133e-01 0.000000000e+00 7.746776632e+00 0.000000000e+00 0.000000000e+00 1.000000000e+00 0.000000000e+00
9.537261174e-01 3.006767250e-01 0.000000000e+00 2.817295257e-01 -3.006767250e-01 9.537261174e-01 0.000000000e+00 7.976270810e+00 0.000000000e+00 0.000000000e+00 1.000000000e+00 0.000000000e+00
9.792467252e-01 2.026717817e-01 0.000000000e+00 3.342363273e-01 -2.026717817e-01 9.792467252e-01 0.000000000e+00 8.204863855e+00 0.000000000e+00 0.000000000e+00 1.000000000e+00 0.000000000e+00
9.952387521e-01 9.746705200e-02 0.000000000e+00 3.632944774e-01 -9.746705200e-02 9.952387521e-01 0.000000000e+00 8.442633198e+00 0.000000000e+00 0.000000000e+00 1.000000000e+00 0.000000000e+00
9.999431579e-01 -1.066212784e-02 0.000000000e+00 3.670585423e-01 1.066212784e-02 9.999431579e-01 0.000000000e+00 8.679160589e+00 0.000000000e+00 0.000000000e+00 1.000000000e+00 0.000000000e+00
9.928023719e-01 -1.197641448e-01 0.000000000e+00 3.533464212e-01 1.197641448e-01 9.928023719e-01 0.000000000e+00 8.912557416e+00 0.000000000e+00 0.000000000e+00 1.000000000e+00 0.000000000e+00
9.741268426e-01 -2.260019792e-01 0.000000000e+00 3.380035308e-01 2.260019792e-01 9.741268426e-01 0.000000000e+00 9.119949630e+00 0.000000000e+00 0.000000000e+00 1.000000000e+00 0.000000000e+00
9.469588913e-01 -3.213547232e-01 0.000000000e+00 2.811259192e-01 3.213547232e-01 9.469588913e-01 0.000000000e+00 9.329692542e+00 0.000000000e+00 0.000000000e+00 1.000000000e+00 0.000000000e+00
9.133261867e-01 -4.072287769e-01 0.000000000e+00 2.049584942e-01 4.072287769e-01 9.133261867e-01 0.000000000e+00 9.533176496e+00 0.000000000e+00 0.000000000e+00 1.000000000e+00 0.000000000e+00
8.790826687e-01 -4.766693420e-01 0.000000000e+00 1.152830261e-01 4.766693420e-01 8.790826687e-01 0.000000000e+00 9.715501315e+00 0.000000000e+00 0.000000000e+00 1.000000000e+00 0.000000000e+00
8.441897718e-01 -5.360444283e-01 0.000000000e+00 1.465960634e-02 5.360444283e-01 8.441897718e-01 0.000000000e+00 9.904429620e+00 0.000000000e+00 0.000000000e+00 1.000000000e+00 0.000000000e+00
8.120025876e-01 -5.836538338e-01 0.000000000e+00 -9.859319226e-02 5.836538338e-01 8.120025876e-01 0.000000000e+00 1.008624664e+01 0.000000000e+00 0.000000000e+00 1.000000000e+00 0.000000000e+00
7.882692846e-01 -6.153304275e-01 0.000000000e+00 -2.378587968e-01 6.153304275e-01 7.882692846e-01 0.000000000e+00 1.027096952e+01 0.000000000e+00 0.000000000e+00 1.000000000e+00 0.000000000e+00
7.756620742e-01 -6.311484347e-01 0.000000000e+00 -3.417140400e-01 6.311484347e-01 7.756620742e-01 0.000000000e+00 1.041773280e+01 0.000000000e+00 0.000000000e+00 1.000000000e+00 0.000000000e+00
7.694197040e-01 -6.387435472e-01 0.000000000e+00 -4.572221893e-01 6.387435472e-01 7.694197040e-01 0.000000000e+00 1.058275838e+01 0.000000000e+00 0.000000000e+00 1.000000000e+00 0.000000000e+00
7.750273751e-01 -6.319276603e-01 0.000000000e+00 -5.780707039e-01 6.319276603e-01 7.750273751e-01 0.000000000e+00 1.074159681e+01 0.000000000e+00 0.000000000e+00 1.000000000e+00 0.000000000e+00
7.936121415e-01 -6.084240042e-01 0.000000000e+00 -7.142530638e-01 6.084240042e-01 7.936121415e-01 0.000000000e+00 1.092769592e+01 0.000000000e+00 0.000000000e+00 1.000000000e+00 0.000000000e+00
8.185623142e-01 -5.744177380e-01 0.000000000e+00 -8.349275850e-01 5.744177380e-01 8.185623142e-01 0.000000000e+00 1.112690809e+01 0.000000000e+00 0.000000000e+00 1.000000000e+00 0.000000000e+00
8.511397298e-01 -5.249391969e-01 0.000000000e+00 -9.486172098e-01 5.249391969e-01 8.511397298e-01 0.000000000e+00 1.133233593e+01 0.000000000e+00 0.000000000e+00 1.000000000e+00 0.000000000e+00
8.866110379e-01 -4.625158023e-01 0.000000000e+00 -1.051090310e+00 4.625158023e-01 8.866110379e-01 0.000000000e+00 1.154061661e+01 0.000000000e+00 0.000000000e+00 1.000000000e+00 0.000000000e+00
9.230502644e-01 -3.846793592e-01 0.000000000e+00 -1.120677015e+00 3.846793592e-01 9.230502644e-01 0.000000000e+00 1.175001764e+01 0.000000000e+00 0.000000000e+00 1.000000000e+00 0.000000000e+00
9.543558623e-01 -2.986718736e-01 0.000000000e+00 -1.130714773e+00 2.986718736e-01 9.543558623e-01 0.000000000e+00 1.194803207e+01 0.000000000e+00 0.000000000e+00 1.000000000e+00 0.000000000e+00
9.795138592e-01 -2.013767603e-01 0.000000000e+00 -1.155239603e+00 2.013767603e-01 9.795138592e-01 0.000000000e+00 1.219125986e+01 0.000000000e+00 0.000000000e+00 1.000000000e+00 0.000000000e+00
9.955966037e-01 -9.374114707e-02 0.000000000e+00 -1.158110521e+00 9.374114707e-02 9.955966037e-01 0.000000000e+00 1.241699686e+01 0.000000000e+00 0.000000000e+00 1.000000000e+00 0.000000000e+00
9.999177312e-01 1.282695804e-02 0.000000000e+00 -1.091257887e+00 -1.282695804e-02 9.999177312e-01 0.000000000e+00 1.261901114e+01 0.000000000e+00 0.000000000e+00 1.000000000e+00 0.000000000e+00
9.926709392e-01 1.208486921e-01 0.000000000e+00 -9.960411513e-01 -1.208486921e-01 9.926709392e-01 0.000000000e+00 1.282797778e+01 0.000000000e+00 0.000000000e+00 1.000000000e+00 0.000000000e+00
9.742466789e-01 2.254848302e-01 0.000000000e+00 -8.800138348e-01 -2.254848302e-01 9.742466789e-01 0.000000000e+00 1.302442723e+01 0.000000000e+00 0.000000000e+00 1.000000000e+00 0.000000000e+00
9.469556622e-01 3.213642385e-01 0.000000000e+00 -7.667006985e-01 -3.213642385e-01 9.469556622e-01 0.000000000e+00 1.324071594e+01 0.000000000e+00 0.000000000e+00 1.000000000e+00 0.000000000e+00
9.140304287e-01 4.056456278e-01 0.000000000e+00 -6.490022862e-01 -4.056456278e-01 9.140304287e-01 0.000000000e+00 1.346448038e+01 0.000000000e+00 0.000000000e+00 1.000000000e+00 0.000000000e+00
8.769893151e-01 4.805098764e-01 0.000000000e+00 -5.212514641e-01 -4.805098764e-01 8.769893151e-01 0.000000000e+00 1.367508556e+01 0.000000000e+00 0.000000000e+00 1.000000000e+00 0.000000000e+00
8.418396408e-01 5.397277269e-01 0.000000000e+00 -3.772014581e-01 -5.397277269e-01 8.418396408e-01 0.000000000e+00 1.387605308e+01 0.000000000e+00 0.000000000e+00 1.000000000e+00 0.000000000e+00
8.119253046e-01 5.837613380e-01 0.000000000e+00 -2.102501296e-01 -5.837613380e-01 8.119253046e-01 0.000000000e+00 1.405992620e+01 0.000000000e+00 0.000000000e+00 1.000000000e+00 0.000000000e+00
7.884648161e-01 6.150798596e-01 0.000000000e+00 -3.417255882e-02 -6.150798596e-01 7.884648161e-01 0.000000000e+00 1.424406587e+01 0.000000000e+00 0.000000000e+00 1.000000000e+00 0.000000000e+00
7.750545874e-01 6.318942843e-01 0.000000000e+00 1.728391258e-01 -6.318942843e-01 7.750545874e-01 0.000000000e+00 1.439272480e+01 0.000000000e+00 0.000000000e+00 1.000000000e+00 0.000000000e+00
7.718040770e-01 6.358604145e-01 0.000000000e+00 3.687976112e-01 -6.358604145e-01 7.718040770e-01 0.000000000e+00 1.454600012e+01 0.000000000e+00 0.000000000e+00 1.000000000e+00 0.000000000e+00
7.793783932e-01 6.265535254e-01 0.000000000e+00 5.651616046e-01 -6.265535254e-01 7.793783932e-01 0.000000000e+00 1.470406480e+01 0.000000000e+00 0.000000000e+00 1.000000000e+00 0.000000000e+00
7.979357937e-01 6.027424567e-01 0.000000000e+00 7.903935323e-01 -6.027424567e-01 7.979357937e-01 0.000000000e+00 1.483579363e+01 0.000000000e+00 0.000000000e+00 1.000000000e+00 0.000000000e+00
8.234945980e-01 5.673241111e-01 0.000000000e+00 9.425134271e-01 -5.673241111e-01 8.234945980e-01 0.000000000e+00 1.502361585e+01 0.000000000e+00 0.000000000e+00 1.000000000e+00 0.000000000e+00
8.544685536e-01 5.195031192e-01 0.000000000e+00 1.093849207e+00 -5.195031192e-01 8.544685536e-01 0.000000000e+00 1.521227561e+01 0.000000000e+00 0.000000000e+00 1.000000000e+00 0.000000000e+00
8.932230703e-01 4.496137751e-01 0.000000000e+00 1.253683670e+00 -4.496137751e-01 8.932230703e-01 0.000000000e+00 1.539662485e+01 0.000000000e+00 0.000000000e+00 1.000000000e+00 0.000000000e+00
9.270895709e-01 3.748398692e-01 0.000000000e+00 1.368811050e+00 -3.748398692e-01 9.270895709e-01 0.000000000e+00 1.559716242e+01 0.000000000e+00 0.000000000e+00 1.000000000e+00 0.000000000e+00
9.588018902e-01 2.840755804e-01 0.000000000e+00 1.461962296e+00 -2.840755804e-01 9.588018902e-01 0.000000000e+00 1.581101251e+01 0.000000000e+00 0.000000000e+00 1.000000000e+00 0.000000000e+00
9.824777913e-01 1.863796922e-01 0.000000000e+00 1.527138889e+00 -1.863796922e-01 9.824777913e-01 0.000000000e+00 1.603397892e+01 0.000000000e+00 0.000000000e+00 1.000000000e+00 0.000000000e+00
9.965608662e-01 8.286398512e-02 0.000000000e+00 1.575832045e+00 -8.286398512e-02 9.965608662e-01 0.000000000e+00 1.625233822e+01 0.000000000e+00 0.000000000e+00 1.000000000e+00 0.000000000e+00
9.996018475e-01 -2.821606820e-02 0.000000000e+00 1.620999818e+00 2.821606820e-02 9.996018475e-01 0.000000000e+00 1.644971303e+01 0.000000000e+00 0.000000000e+00 1.000000000e+00 0.000000000e+00
