0.000000e+00
4.000000e-01
8.000000e-01
1.200000e+00
1.600000e+00
2.000000e+00
2.400000e+00
2.800000e+00
3.200000e+00
3.600000e+00
4.000000e+00
4.400000e+00
4.800000e+00
5.200000e+00
5.600000e+00
6.000000e+00
6.400000e+00
6.800000e+00
7.200000e+00
7.600000e+00
8.000000e+00
8.400000e+00
8.800000e+00
9.200000e+00
9.600000e+00
1.000000e+01
1.040000e+01
1.080000e+01
1.120000e+01
1.160000e+01
1.200000e+01
1.240000e+01
1.280000e+01
1.320000e+01
1.360000e+01
1.400000e+01
1.440000e+01
1.480000e+01
1.520000e+01
1.560000e+01
1.600000e+01
1.640000e+01
1.680000e+01
1.720000e+01
1.760000e+01
1.800000e+01
1.840000e+01
1.880000e+01
1.920000e+01
1.960000e+01
2.000000e+01
2.040000e+01
2.080000e+01
2.120000e+01
2.160000e+01
2.200000e+01
2.240000e+01
2.280000e+01
2.320000e+01
2.360000e+01
2.400000e+01
2.440000e+01
2.480000e+01
2.520000e+01
2.560000e+01
2.600000e+01
2.640000e+01
2.680000e+01
2.720000e+01
2.760000e+01
2.800000e+01
2.840000e+01
2.880000e+01
2.920000e+01
2.960000e+01
3.000000e+01
3.040000e+01
3.080000e+01
3.120000e+01
3.160000e+01
3.200000e+01
3.240000e+01
3.280000e+01
3.320000e+01
3.360000e+01
3.400000e+01
3.440000e+01
3.480000e+01
3.520000e+01
3.560000e+01
3.600000e+01
3.640000e+01
3.680000e+01
3.720000e+01
3.760000e+01
3.800000e+01
3.840000e+01
3.880000e+01
3.920000e+01
3.960000e+01
4.000000e+01
