1.000000000e+00 0.000000000e+00 0.000000000e+00 0.000000000e+00 0.000000000e+00 1.000000000e+00 0.000000000e+00 0.000000000e+00 0.000000000e+00 0.000000000e+00 1.000000000e+00 0.000000000e+00
9.999999655e-01 -2.627738361e-04 0.000000000e+00 4.722742685e-04 2.627738361e-04 9.999999655e-01 0.000000000e+00 4.604140453e-04 0.000000000e+00 0.000000000e+00 1.000000000e+00 0.000000000e+00
9.999992636e-01 1.213625160e-03 0.000000000e+00 -1.996730433e-03 -1.213625160e-03 9.999992636e-01 0.000000000e+00 8.083015260e-04 0.000000000e+00 0.000000000e+00 1.000000000e+00 0.000000000e+00
9.999999800e-01 -1.998691905e-04 0.000000000e+00 9.740797832e-04 1.998691905e-04 9.999999800e-01 0.000000000e+00 -2.876582675e-03 0.000000000e+00 0.000000000e+00 1.000000000e+00 0.000000000e+00
9.999955781e-01 2.973854583e-03 0.000000000e+00 -4.161433916e-03 -2.973854583e-03 9.999955781e-01 0.000000000e+00 -3.692908162e-03 0.000000000e+00 0.000000000e+00 1.000000000e+00 0.000000000e+00
9.999999949e-01 -1.013367177e-04 0.000000000e+00 9.782434702e-04 1.013367177e-04 9.999999949e-01 0.000000000e+00 -4.012685408e-03 0.000000000e+00 0.000000000e+00 1.000000000e+00 0.000000000e+00
9.999967042e-01 -2.567420069e-03 0.000000000e+00 4.586023911e-03 2.567420069e-03 9.999967042e-01 0.000000000e+00 -3.014882694e-03 0.000000000e+00 0.000000000e+00 1.000000000e+00 0.000000000e+00
9.999908495e-01 -4.277951950e-03 0.000000000e+00 6.734606857e-03 4.277951950e-03 9.999908495e-01 0.000000000e+00 5.378064018e-04 0.000000000e+00 0.000000000e+00 1.000000000e+00 0.000000000e+00
9.999974481e-01 -2.259167723e-03 0.000000000e+00 4.317232761e-03 2.259167723e-03 9.999974481e-01 0.000000000e+00 -2.577506231e-03 0.000000000e+00 0.000000000e+00 1.000000000e+00 0.000000000e+00
9.999996261e-01 -8.647183003e-04 0.000000000e+00 1.725306446e-03 8.647183003e-04 9.999996261e-01 0.000000000e+00 -4.772818911e-04 0.000000000e+00 0.000000000e+00 1.000000000e+00 0.000000000e+00
9.999972243e-01 -2.356154618e-03 0.000000000e+00 3.920678454e-03 2.356154618e-03 9.999972243e-01 0.000000000e+00 1.006940195e-03 0.000000000e+00 0.000000000e+00 1.000000000e+00 0.000000000e+00
9.999986262e-01 -1.657613052e-03 0.000000000e+00 4.378331684e-03 1.657613052e-03 9.999986262e-01 0.000000000e+00 -1.811922948e-03 0.000000000e+00 0.000000000e+00 1.000000000e+00 0.000000000e+00
9.999998236e-01 5.939911625e-04 0.000000000e+00 6.835865574e-04 -5.939911625e-04 9.999998236e-01 0.000000000e+00 -2.131922285e-04 0.000000000e+00 0.000000000e+00 1.000000000e+00 0.000000000e+00
9.999980146e-01 1.992676973e-03 0.000000000e+00 -2.057033116e-03 -1.992676973e-03 9.999980146e-01 0.000000000e+00 2.862175104e-03 0.000000000e+00 0.000000000e+00 1.000000000e+00 0.000000000e+00
9.999623880e-01 -8.673091564e-03 0.000000000e+00 1.305585856e-02 8.673091564e-03 9.999623880e-01 0.000000000e+00 3.630003749e-03 0.000000000e+00 0.000000000e+00 1.000000000e+00 0.000000000e+00
9.999080845e-01 -1.355811628e-02 0.000000000e+00 1.889535516e-02 1.355811628e-02 9.999080845e-01 0.000000000e+00 5.231089359e-03 0.000000000e+00 0.000000000e+00 1.000000000e+00 0.000000000e+00
9.998018952e-01 -1.990402750e-02 0.000000000e+00 2.761033340e-02 1.990402750e-02 9.998018952e-01 0.000000000e+00 5.398785186e-03 0.000000000e+00 0.000000000e+00 1.000000000e+00 0.000000000e+00
9.997476461e-01 -2.246428742e-02 0.000000000e+00 3.066004720e-02 2.246428742e-02 9.997476461e-01 0.000000000e+00 7.926860729e-03 0.000000000e+00 0.000000000e+00 1.000000000e+00 0.000000000e+00
9.996479986e-01 -2.653071603e-02 0.000000000e+00 3.688869744e-02 2.653071603e-02 9.996479986e-01 0.000000000e+00 9.056014495e-03 0.000000000e+00 0.000000000e+00 1.000000000e+00 0.000000000e+00
9.995102129e-01 -3.129431608e-02 0.000000000e+00 4.280111794e-02 3.129431608e-02 9.995102129e-01 0.000000000e+00 9.216003550e-03 0.000000000e+00 0.000000000e+00 1.000000000e+00 0.000000000e+00
9.994282869e-01 -3.380975304e-02 0.000000000e+00 4.701775451e-02 3.380975304e-02 9.994282869e-01 0.000000000e+00 1.184445491e-02 0.000000000e+00 0.000000000e+00 1.000000000e+00 0.000000000e+00
9.994045717e-01 -3.450365161e-02 0.000000000e+00 4.887413034e-02 3.450365161e-02 9.994045717e-01 0.000000000e+00 1.269566847e-02 0.000000000e+00 0.000000000e+00 1.000000000e+00 0.000000000e+00
9.999177946e-01 -1.282201738e-02 0.000000000e+00 2.233397414e-02 1.282201738e-02 9.999177946e-01 0.000000000e+00 -3.073890592e-03 0.000000000e+00 0.000000000e+00 1.000000000e+00 0.000000000e+00
9.999174495e-01 -1.284889857e-02 0.000000000e+00 2.155801559e-02 1.284889857e-02 9.999174495e-01 0.000000000e+00 -4.201932169e-04 0.000000000e+00 0.000000000e+00 1.000000000e+00 0.000000000e+00
9.999258812e-01 -1.217506433e-02 0.000000000e+00 2.088578958e-02 1.217506433e-02 9.999258812e-01 0.000000000e+00 1.424700396e-03 0.000000000e+00 0.000000000e+00 1.000000000e+00 0.000000000e+00
9.999330406e-01 -1.157213513e-02 0.000000000e+00 1.856877549e-02 1.157213513e-02 9.999330406e-01 0.000000000e+00 1.508000418e-02 0.000000000e+00 0.000000000e+00 1.000000000e+00 0.000000000e+00
9.999040251e-01 -1.385425929e-02 0.000000000e+00 2.177575486e-02 1.385425929e-02 9.999040251e-01 0.000000000e+00 1.677561732e-02 0.000000000e+00 0.000000000e+00 1.000000000e+00 0.000000000e+00
9.999673942e-01 -8.075298027e-03 0.000000000e+00 1.507438156e-02 8.075298027e-03 9.999673942e-01 0.000000000e+00 1.412427095e-02 0.000000000e+00 0.000000000e+00 1.000000000e+00 0.000000000e+00
9.999564588e-01 -9.331693269e-03 0.000000000e+00 1.737389922e-02 9.331693269e-03 9.999564588e-01 0.000000000e+00 1.614853044e-02 0.000000000e+00 0.000000000e+00 1.000000000e+00 0.000000000e+00
9.999639807e-01 -8.487482004e-03 0.000000000e+00 1.519614769e-02 8.487482004e-03 9.999639807e-01 0.000000000e+00 1.816351473e-02 0.000000000e+00 0.000000000e+00 1.000000000e+00 0.000000000e+00
9.998775420e-01 -1.564931066e-02 0.000000000e+00 1.870344159e-02 1.564931066e-02 9.998775420e-01 0.000000000e+00 2.153072382e-02 0.000000000e+00 0.000000000e+00 1.000000000e+00 0.000000000e+00
9.997997475e-01 -2.001161695e-02 0.000000000e+00 2.567967112e-02 2.001161695e-02 9.997997475e-01 0.000000000e+00 2.140198910e-02 0.000000000e+00 0.000000000e+00 1.000000000e+00 0.000000000e+00
9.997386997e-01 -2.285896562e-02 0.000000000e+00 3.031950793e-02 2.285896562e-02 9.997386997e-01 0.000000000e+00 2.344082889e-02 0.000000000e+00 0.000000000e+00 1.000000000e+00 0.000000000e+00
9.999922897e-01 -3.926894609e-03 0.000000000e+00 9.734512207e-03 3.926894609e-03 9.999922897e-01 0.000000000e+00 1.419249479e-02 0.000000000e+00 0.000000000e+00 1.000000000e+00 0.000000000e+00
9.999939882e-01 -3.467511714e-03 0.000000000e+00 9.099226423e-03 3.467511714e-03 9.999939882e-01 0.000000000e+00 1.647967981e-02 0.000000000e+00 0.000000000e+00 1.000000000e+00 0.000000000e+00
9.999890173e-01 -4.686718520e-03 0.000000000e+00 1.154592177e-02 4.686718520e-03 9.999890173e-01 0.000000000e+00 1.871389801e-02 0.000000000e+00 0.000000000e+00 1.000000000e+00 0.000000000e+00
9.999716640e-01 7.528024314e-03 0.000000000e+00 -1.755663880e-02 -7.528024314e-03 9.999716640e-01 0.000000000e+00 7.900651052e-03 0.000000000e+00 0.000000000e+00 1.000000000e+00 0.000000000e+00
9.999836058e-01 5.726099447e-03 0.000000000e+00 -1.519875074e-02 -5.726099447e-03 9.999836058e-01 0.000000000e+00 1.112637611e-02 0.000000000e+00 0.000000000e+00 1.000000000e+00 0.000000000e+00
9.999100687e-01 1.341098345e-02 0.000000000e+00 -2.720424112e-02 -1.341098345e-02 9.999100687e-01 0.000000000e+00 9.253702252e-03 0.000000000e+00 0.000000000e+00 1.000000000e+00 0.000000000e+00
9.998384535e-01 1.797406324e-02 0.000000000e+00 -3.380786737e-02 -1.797406324e-02 9.998384535e-01 0.000000000e+00 1.180895516e-02 0.000000000e+00 0.000000000e+00 1.000000000e+00 0.000000000e+00
9.999025615e-01 1.395949689e-02 0.000000000e+00 -2.751382604e-02 -1.395949689e-02 9.999025615e-01 0.000000000e+00 1.365193124e-02 0.000000000e+00 0.000000000e+00 1.000000000e+00 0.000000000e+00
9.999683410e-01 7.957193526e-03 0.000000000e+00 -2.038823457e-02 -7.957193526e-03 9.999683410e-01 0.000000000e+00 8.489343287e-03 0.000000000e+00 0.000000000e+00 1.000000000e+00 0.000000000e+00
9.999632592e-01 8.572063839e-03 0.000000000e+00 -2.172840176e-02 -8.572063839e-03 9.999632592e-01 0.000000000e+00 1.148974145e-02 0.000000000e+00 0.000000000e+00 1.000000000e+00 0.000000000e+00
9.999285450e-01 1.195428587e-02 0.000000000e+00 -2.588967243e-02 -1.195428587e-02 9.999285450e-01 0.000000000e+00 1.230428711e-02 0.000000000e+00 0.000000000e+00 1.000000000e+00 0.000000000e+00
9.999900986e-01 4.450022711e-03 0.000000000e+00 -1.228898346e-02 -4.450022711e-03 9.999900986e-01 0.000000000e+00 1.107934742e-02 0.000000000e+00 0.000000000e+00 1.000000000e+00 0.000000000e+00
9.999838405e-01 5.684954640e-03 0.000000000e+00 -1.422587039e-02 -5.684954640e-03 9.999838405e-01 0.000000000e+00 1.249043670e-02 0.000000000e+00 0.000000000e+00 1.000000000e+00 0.000000000e+00
9.999994380e-01 1.060161215e-03 0.000000000e+00 -7.905486544e-03 -1.060161215e-03 9.999994380e-01 0.000000000e+00 1.377488817e-02 0.000000000e+00 0.000000000e+00 1.000000000e+00 0.000000000e+00
9.999880710e-01 -4.884445089e-03 0.000000000e+00 1.340578722e-03 4.884445089e-03 9.999880710e-01 0.000000000e+00 1.072406405e-02 0.000000000e+00 0.000000000e+00 1.000000000e+00 0.000000000e+00
9.999989490e-01 -1.449822835e-03 0.000000000e+00 -3.551990822e-03 1.449822835e-03 9.999989490e-01 0.000000000e+00 1.253841084e-02 0.000000000e+00 0.000000000e+00 1.000000000e+00 0.000000000e+00
9.999996289e-01 8.615431724e-04 0.000000000e+00 -2.298552430e-03 -8.615431724e-04 9.999996289e-01 0.000000000e+00 1.598131132e-02 0.000000000e+00 0.000000000e+00 1.000000000e+00 0.000000000e+00
9.999861239e-01 5.268023404e-03 0.000000000e+00 -9.388806469e-03 -5.268023404e-03 9.999861239e-01 0.000000000e+00 1.732183685e-02 0.000000000e+00 0.000000000e+00 1.000000000e+00 0.000000000e+00
9.999980106e-01 1.994701070e-03 0.000000000e+00 -4.661502824e-03 -1.994701070e-03 9.999980106e-01 0.000000000e+00 1.948217471e-02 0.000000000e+00 0.000000000e+00 1.000000000e+00 0.000000000e+00
9.997633959e-01 2.175206020e-02 0.000000000e+00 -3.251133661e-02 -2.175206020e-02 9.997633959e-01 0.000000000e+00 1.127358490e-02 0.000000000e+00 0.000000000e+00 1.000000000e+00 0.000000000e+00
9.998584301e-01 1.682616260e-02 0.000000000e+00 -2.437284182e-02 -1.682616260e-02 9.998584301e-01 0.000000000e+00 1.236466748e-02 0.000000000e+00 0.000000000e+00 1.000000000e+00 0.000000000e+00
9.998465965e-01 1.751523511e-02 0.000000000e+00 -2.603453543e-02 -1.751523511e-02 9.998465965e-01 0.000000000e+00 1.489191291e-02 0.000000000e+00 0.000000000e+00 1.000000000e+00 0.000000000e+00
9.999912600e-01 4.180892097e-03 0.000000000e+00 -1.101806729e-02 -4.180892097e-03 9.999912600e-01 0.000000000e+00 2.689567412e-02 0.000000000e+00 0.000000000e+00 1.000000000e+00 0.000000000e+00
9.999991380e-01 1.313044206e-03 0.000000000e+00 -8.075567382e-03 -1.313044206e-03 9.999991380e-01 0.000000000e+00 2.915368089e-02 0.000000000e+00 0.000000000e+00 1.000000000e+00 0.000000000e+00
9.999885431e-01 4.786812413e-03 0.000000000e+00 -1.154266400e-02 -4.786812413e-03 9.999885431e-01 0.000000000e+00 1.686518329e-02 0.000000000e+00 0.000000000e+00 1.000000000e+00 0.000000000e+00
9.999991280e-01 1.320623883e-03 0.000000000e+00 -8.263637471e-03 -1.320623883e-03 9.999991280e-01 0.000000000e+00 1.866723492e-02 0.000000000e+00 0.000000000e+00 1.000000000e+00 0.000000000e+00
9.999996472e-01 8.400297053e-04 0.000000000e+00 -6.622135736e-03 -8.400297053e-04 9.999996472e-01 0.000000000e+00 2.074059146e-02 0.000000000e+00 0.000000000e+00 1.000000000e+00 0.000000000e+00
9.999999671e-01 2.566303465e-04 0.000000000e+00 -4.658016069e-03 -2.566303465e-04 9.999999671e-01 0.000000000e+00 2.239041640e-02 0.000000000e+00 0.000000000e+00 1.000000000e+00 0.000000000e+00
9.999994132e-01 1.083327554e-03 0.000000000e+00 -5.923620222e-03 -1.083327554e-03 9.999994132e-01 0.000000000e+00 2.415451484e-02 0.000000000e+00 0.000000000e+00 1.000000000e+00 0.000000000e+00
9.999926923e-01 3.822990238e-03 0.000000000e+00 -1.093264602e-02 -3.822990238e-03 9.999926923e-01 0.000000000e+00 2.614368470e-02 0.000000000e+00 0.000000000e+00 1.000000000e+00 0.000000000e+00
9.999915339e-01 -4.114862155e-03 0.000000000e+00 3.461038907e-03 4.114862155e-03 9.999915339e-01 0.000000000e+00 2.454218354e-02 0.000000000e+00 0.000000000e+00 1.000000000e+00 0.000000000e+00
9.999928282e-01 -3.787294563e-03 0.000000000e+00 3.380348416e-03 3.787294563e-03 9.999928282e-01 0.000000000e+00 2.554664138e-02 0.000000000e+00 0.000000000e+00 1.000000000e+00 0.000000000e+00
9.999849963e-01 -5.477879958e-03 0.000000000e+00 5.351581694e-03 5.477879958e-03 9.999849963e-01 0.000000000e+00 2.668217716e-02 0.000000000e+00 0.000000000e+00 1.000000000e+00 0.000000000e+00
9.999977277e-01 2.131790929e-03 0.000000000e+00 -1.865648867e-02 -2.131790929e-03 9.999977277e-01 0.000000000e+00 2.792109062e-02 0.000000000e+00 0.000000000e+00 1.000000000e+00 0.000000000e+00
9.999962488e-01 2.739054989e-03 0.000000000e+00 -2.157162220e-02 -2.739054989e-03 9.999962488e-01 0.000000000e+00 2.950890542e-02 0.000000000e+00 0.000000000e+00 1.000000000e+00 0.000000000e+00
9.999976035e-01 2.189297701e-03 0.000000000e+00 -1.196585056e-02 -2.189297701e-03 9.999976035e-01 0.000000000e+00 3.659129691e-02 0.000000000e+00 0.000000000e+00 1.000000000e+00 0.000000000e+00
9.999995902e-01 9.053296780e-04 0.000000000e+00 -1.159385162e-02 -9.053296780e-04 9.999995902e-01 0.000000000e+00 3.759908219e-02 0.000000000e+00 0.000000000e+00 1.000000000e+00 0.000000000e+00
9.999999829e-01 -1.846867165e-04 0.000000000e+00 -9.231688063e-03 1.846867165e-04 9.999999829e-01 0.000000000e+00 4.003840769e-02 0.000000000e+00 0.000000000e+00 1.000000000e+00 0.000000000e+00
9.999895700e-01 4.567266491e-03 0.000000000e+00 -1.405769976e-02 -4.567266491e-03 9.999895700e-01 0.000000000e+00 4.678507857e-02 0.000000000e+00 0.000000000e+00 1.000000000e+00 0.000000000e+00
9.999904044e-01 4.380754976e-03 0.000000000e+00 -1.344523384e-02 -4.380754976e-03 9.999904044e-01 0.000000000e+00 4.908009883e-02 0.000000000e+00 0.000000000e+00 1.000000000e+00 0.000000000e+00
9.999917348e-01 4.065748516e-03 0.000000000e+00 -1.436723957e-02 -4.065748516e-03 9.999917348e-01 0.000000000e+00 5.017400409e-02 0.000000000e+00 0.000000000e+00 1.000000000e+00 0.000000000e+00
9.999647341e-01 -8.398242270e-03 0.000000000e+00 -3.733367303e-03 8.398242270e-03 9.999647341e-01 0.000000000e+00 4.372508257e-02 0.000000000e+00 0.000000000e+00 1.000000000e+00 0.000000000e+00
9.999824272e-01 -5.928343293e-03 0.000000000e+00 -8.213286318e-03 5.928343293e-03 9.999824272e-01 0.000000000e+00 4.613052984e-02 0.000000000e+00 0.000000000e+00 1.000000000e+00 0.000000000e+00
9.999897527e-01 -4.527092369e-03 0.000000000e+00 -1.136626125e-02 4.527092369e-03 9.999897527e-01 0.000000000e+00 4.693088667e-02 0.000000000e+00 0.000000000e+00 1.000000000e+00 0.000000000e+00
9.999999846e-01 -1.753347240e-04 0.000000000e+00 -1.729974762e-02 1.753347240e-04 9.999999846e-01 0.000000000e+00 4.490364074e-02 0.000000000e+00 0.000000000e+00 1.000000000e+00 0.000000000e+00
9.999997988e-01 -6.343034274e-04 0.000000000e+00 -1.684709635e-02 6.343034274e-04 9.999997988e-01 0.000000000e+00 4.644154009e-02 0.000000000e+00 0.000000000e+00 1.000000000e+00 0.000000000e+00
9.999377803e-01 1.115506721e-02 0.000000000e+00 -3.914823397e-02 -1.115506721e-02 9.999377803e-01 0.000000000e+00 4.202065008e-02 0.000000000e+00 0.000000000e+00 1.000000000e+00 0.000000000e+00
9.999007538e-01 1.408838026e-02 0.000000000e+00 -4.489613049e-02 -1.408838026e-02 9.999007538e-01 0.000000000e+00 4.383920525e-02 0.000000000e+00 0.000000000e+00 1.000000000e+00 0.000000000e+00
9.999404176e-01 1.091610035e-02 0.000000000e+00 -4.175623890e-02 -1.091610035e-02 9.999404176e-01 0.000000000e+00 4.596988048e-02 0.000000000e+00 0.000000000e+00 1.000000000e+00 0.000000000e+00
9.996979868e-01 2.457509410e-02 0.000000000e+00 -5.273321994e-02 -2.457509410e-02 9.996979868e-01 0.000000000e+00 4.323171376e-02 0.000000000e+00 0.000000000e+00 1.000000000e+00 0.000000000e+00
9.996612558e-01 2.602640449e-02 0.000000000e+00 -5.426558555e-02 -2.602640449e-02 9.996612558e-01 0.000000000e+00 4.481586907e-02 0.000000000e+00 0.000000000e+00 1.000000000e+00 0.000000000e+00
9.995976318e-01 2.836502104e-02 0.000000000e+00 -5.784058071e-02 -2.836502104e-02 9.995976318e-01 0.000000000e+00 4.723830102e-02 0.000000000e+00 0.000000000e+00 1.000000000e+00 0.000000000e+00
9.998096085e-01 1.951273178e-02 0.000000000e+00 -5.229656066e-02 -1.951273178e-02 9.998096085e-01 0.000000000e+00 4.564523955e-02 0.000000000e+00 0.000000000e+00 1.000000000e+00 0.000000000e+00
9.998793683e-01 1.553218479e-02 0.000000000e+00 -4.696968690e-02 -1.553218479e-02 9.998793683e-01 0.000000000e+00 4.666530752e-02 0.000000000e+00 0.000000000e+00 1.000000000e+00 0.000000000e+00
9.997865445e-01 2.066072310e-02 0.000000000e+00 -5.417413703e-02 -2.066072310e-02 9.997865445e-01 0.000000000e+00 4.741531806e-02 0.000000000e+00 0.000000000e+00 1.000000000e+00 0.000000000e+00
9.995595028e-01 2.967828194e-02 0.000000000e+00 -5.443218001e-02 -2.967828194e-02 9.995595028e-01 0.000000000e+00 4.373905767e-02 0.000000000e+00 0.000000000e+00 1.000000000e+00 0.000000000e+00
9.995860024e-01 2.877192602e-02 0.000000000e+00 -5.267655683e-02 -2.877192602e-02 9.995860024e-01 0.000000000e+00 4.601752853e-02 0.000000000e+00 0.000000000e+00 1.000000000e+00 0.000000000e+00
9.997900543e-01 2.049017554e-02 0.000000000e+00 -4.959225096e-02 -2.049017554e-02 9.997900543e-01 0.000000000e+00 4.217448664e-02 0.000000000e+00 0.000000000e+00 1.000000000e+00 0.000000000e+00
9.998499423e-01 1.732319031e-02 0.000000000e+00 -4.609072623e-02 -1.732319031e-02 9.998499423e-01 0.000000000e+00 4.475272129e-02 0.000000000e+00 0.000000000e+00 1.000000000e+00 0.000000000e+00
9.998292788e-01 1.847737290e-02 0.000000000e+00 -4.835047861e-02 -1.847737290e-02 9.998292788e-01 0.000000000e+00 4.649777670e-02 0.000000000e+00 0.000000000e+00 1.000000000e+00 0.000000000e+00
9.999610189e-01 8.829538539e-03 0.000000000e+00 -3.688076905e-02 -8.829538539e-03 9.999610189e-01 0.000000000e+00 4.601797353e-02 0.000000000e+00 0.000000000e+00 1.000000000e+00 0.000000000e+00
9.998679364e-01 1.625145401e-02 0.000000000e+00 -4.697524394e-02 -1.625145401e-02 9.998679364e-01 0.000000000e+00 4.811436765e-02 0.000000000e+00 0.000000000e+00 1.000000000e+00 0.000000000e+00
9.998396162e-01 1.790926943e-02 0.000000000e+00 -4.816836522e-02 -1.790926943e-02 9.998396162e-01 0.000000000e+00 5.001591855e-02 0.000000000e+00 0.000000000e+00 1.000000000e+00 0.000000000e+00
9.993780767e-01 3.526272629e-02 0.000000000e+00 -6.955777099e-02 -3.526272629e-02 9.993780767e-01 0.000000000e+00 4.299461601e-02 0.000000000e+00 0.000000000e+00 1.000000000e+00 0.000000000e+00
9.991982721e-01 4.003514857e-02 0.000000000e+00 -7.636546302e-02 -4.003514857e-02 9.991982721e-01 0.000000000e+00 4.518654684e-02 0.000000000e+00 0.000000000e+00 1.000000000e+00 0.000000000e+00
9.989454312e-01 4.591323867e-02 0.000000000e+00 -8.535508745e-02 -4.591323867e-02 9.989454312e-01 0.000000000e+00 4.729156599e-02 0.000000000e+00 0.000000000e+00 1.000000000e+00 0.000000000e+00
9.997153915e-01 2.385657032e-02 0.000000000e+00 -5.185284485e-02 -2.385657032e-02 9.997153915e-01 0.000000000e+00 4.986766350e-02 0.000000000e+00 0.000000000e+00 1.000000000e+00 0.000000000e+00
9.996774011e-01 2.539869730e-02 0.000000000e+00 -5.457571245e-02 -2.539869730e-02 9.996774011e-01 0.000000000e+00 5.128598406e-02 0.000000000e+00 0.000000000e+00 1.000000000e+00 0.000000000e+00
9.993959932e-01 3.475124005e-02 0.000000000e+00 -7.091554131e-02 -3.475124005e-02 9.993959932e-01 0.000000000e+00 5.570450295e-02 0.000000000e+00 0.000000000e+00 1.000000000e+00 0.000000000e+00
9.992384498e-01 3.901948698e-02 0.000000000e+00 -7.773091472e-02 -3.901948698e-02 9.992384498e-01 0.000000000e+00 5.752989261e-02 0.000000000e+00 0.000000000e+00 1.000000000e+00 0.000000000e+00
9.991192760e-01 4.196036716e-02 0.000000000e+00 -7.975767434e-02 -4.196036716e-02 9.991192760e-01 0.000000000e+00 5.816322084e-02 0.000000000e+00 0.000000000e+00 1.000000000e+00 0.000000000e+00
9.990989610e-01 4.244132593e-02 0.000000000e+00 -8.126075514e-02 -4.244132593e-02 9.990989610e-01 0.000000000e+00 6.701862866e-02 0.000000000e+00 0.000000000e+00 1.000000000e+00 0.000000000e+00
9.989829522e-01 4.508947926e-02 0.000000000e+00 -8.490253143e-02 -4.508947926e-02 9.989829522e-01 0.000000000e+00 6.862051420e-02 0.000000000e+00 0.000000000e+00 1.000000000e+00 0.000000000e+00
9.988981408e-01 4.693084584e-02 0.000000000e+00 -8.846527322e-02 -4.693084584e-02 9.988981408e-01 0.000000000e+00 7.181295729e-02 0.000000000e+00 0.000000000e+00 1.000000000e+00 0.000000000e+00
9.991395031e-01 4.147593582e-02 0.000000000e+00 -8.080950532e-02 -4.147593582e-02 9.991395031e-01 0.000000000e+00 7.745087842e-02 0.000000000e+00 0.000000000e+00 1.000000000e+00 0.000000000e+00
9.987394400e-01 5.019492980e-02 0.000000000e+00 -9.116185952e-02 -5.019492980e-02 9.987394400e-01 0.000000000e+00 8.023063693e-02 0.000000000e+00 0.000000000e+00 1.000000000e+00 0.000000000e+00
9.992261550e-01 3.933307968e-02 0.000000000e+00 -7.484742127e-02 -3.933307968e-02 9.992261550e-01 0.000000000e+00 8.264462502e-02 0.000000000e+00 0.000000000e+00 1.000000000e+00 0.000000000e+00
9.976761195e-01 6.813487072e-02 0.000000000e+00 -1.216005163e-01 -6.813487072e-02 9.976761195e-01 0.000000000e+00 7.459269790e-02 0.000000000e+00 0.000000000e+00 1.000000000e+00 0.000000000e+00
9.974009287e-01 7.205128299e-02 0.000000000e+00 -1.261954797e-01 -7.205128299e-02 9.974009287e-01 0.000000000e+00 7.692436222e-02 0.000000000e+00 0.000000000e+00 1.000000000e+00 0.000000000e+00
9.974718045e-01 7.106334595e-02 0.000000000e+00 -1.323306147e-01 -7.106334595e-02 9.974718045e-01 0.000000000e+00 7.759255248e-02 0.000000000e+00 0.000000000e+00 1.000000000e+00 0.000000000e+00
9.979232305e-01 6.441448629e-02 0.000000000e+00 -1.240353613e-01 -6.441448629e-02 9.979232305e-01 0.000000000e+00 7.980918456e-02 0.000000000e+00 0.000000000e+00 1.000000000e+00 0.000000000e+00
9.979262669e-01 6.436742902e-02 0.000000000e+00 -1.226450022e-01 -6.436742902e-02 9.979262669e-01 0.000000000e+00 8.102549961e-02 0.000000000e+00 0.000000000e+00 1.000000000e+00 0.000000000e+00
9.967672807e-01 8.034294134e-02 0.000000000e+00 -1.338082895e-01 -8.034294134e-02 9.967672807e-01 0.000000000e+00 7.266485793e-02 0.000000000e+00 0.000000000e+00 1.000000000e+00 0.000000000e+00
9.969081329e-01 7.857591617e-02 0.000000000e+00 -1.359364014e-01 -7.857591617e-02 9.969081329e-01 0.000000000e+00 7.530132928e-02 0.000000000e+00 0.000000000e+00 1.000000000e+00 0.000000000e+00
9.967553663e-01 8.049061943e-02 0.000000000e+00 -1.374786930e-01 -8.049061943e-02 9.967553663e-01 0.000000000e+00 7.646286001e-02 0.000000000e+00 0.000000000e+00 1.000000000e+00 0.000000000e+00
9.967004596e-01 8.116768921e-02 0.000000000e+00 -1.424358577e-01 -8.116768921e-02 9.967004596e-01 0.000000000e+00 7.105538073e-02 0.000000000e+00 0.000000000e+00 1.000000000e+00 0.000000000e+00
9.969848158e-01 7.759688858e-02 0.000000000e+00 -1.385051578e-01 -7.759688858e-02 9.969848158e-01 0.000000000e+00 7.214051729e-02 0.000000000e+00 0.000000000e+00 1.000000000e+00 0.000000000e+00
9.966113877e-01 8.225412976e-02 0.000000000e+00 -1.420856151e-01 -8.225412976e-02 9.966113877e-01 0.000000000e+00 7.206090419e-02 0.000000000e+00 0.000000000e+00 1.000000000e+00 0.000000000e+00
9.967060923e-01 8.109849271e-02 0.000000000e+00 -1.408767201e-01 -8.109849271e-02 9.967060923e-01 0.000000000e+00 7.325978198e-02 0.000000000e+00 0.000000000e+00 1.000000000e+00 0.000000000e+00
9.964824237e-01 8.380202374e-02 0.000000000e+00 -1.433662376e-01 -8.380202374e-02 9.964824237e-01 0.000000000e+00 7.374709842e-02 0.000000000e+00 0.000000000e+00 1.000000000e+00 0.000000000e+00
9.972274373e-01 7.441396539e-02 0.000000000e+00 -1.193791973e-01 -7.441396539e-02 9.972274373e-01 0.000000000e+00 7.202131387e-02 0.000000000e+00 0.000000000e+00 1.000000000e+00 0.000000000e+00
9.974560714e-01 7.128383871e-02 0.000000000e+00 -1.141691696e-01 -7.128383871e-02 9.974560714e-01 0.000000000e+00 7.289218822e-02 0.000000000e+00 0.000000000e+00 1.000000000e+00 0.000000000e+00
9.971384884e-01 7.559652731e-02 0.000000000e+00 -1.202151193e-01 -7.559652731e-02 9.971384884e-01 0.000000000e+00 7.337262487e-02 0.000000000e+00 0.000000000e+00 1.000000000e+00 0.000000000e+00
9.964907646e-01 8.370278395e-02 0.000000000e+00 -1.305119049e-01 -8.370278395e-02 9.964907646e-01 0.000000000e+00 8.137309478e-02 0.000000000e+00 0.000000000e+00 1.000000000e+00 0.000000000e+00
9.965936371e-01 8.246891829e-02 0.000000000e+00 -1.302612644e-01 -8.246891829e-02 9.965936371e-01 0.000000000e+00 8.155889879e-02 0.000000000e+00 0.000000000e+00 1.000000000e+00 0.000000000e+00
9.964827604e-01 8.379801992e-02 0.000000000e+00 -1.315257386e-01 -8.379801992e-02 9.964827604e-01 0.000000000e+00 8.329716339e-02 0.000000000e+00 0.000000000e+00 1.000000000e+00 0.000000000e+00
9.978490240e-01 6.555398793e-02 0.000000000e+00 -1.113314488e-01 -6.555398793e-02 9.978490240e-01 0.000000000e+00 8.297993726e-02 0.000000000e+00 0.000000000e+00 1.000000000e+00 0.000000000e+00
9.980428626e-01 6.253354655e-02 0.000000000e+00 -1.067393577e-01 -6.253354655e-02 9.980428626e-01 0.000000000e+00 8.498031527e-02 0.000000000e+00 0.000000000e+00 1.000000000e+00 0.000000000e+00
9.992768507e-01 3.802335595e-02 0.000000000e+00 -8.679346268e-02 -3.802335595e-02 9.992768507e-01 0.000000000e+00 8.244892002e-02 0.000000000e+00 0.000000000e+00 1.000000000e+00 0.000000000e+00
9.992436384e-01 3.888638740e-02 0.000000000e+00 -8.879665037e-02 -3.888638740e-02 9.992436384e-01 0.000000000e+00 8.471938434e-02 0.000000000e+00 0.000000000e+00 1.000000000e+00 0.000000000e+00
9.992257027e-01 3.934456902e-02 0.000000000e+00 -9.077563782e-02 -3.934456902e-02 9.992257027e-01 0.000000000e+00 8.490273525e-02 0.000000000e+00 0.000000000e+00 1.000000000e+00 0.000000000e+00
9.985412039e-01 5.399503740e-02 0.000000000e+00 -9.526815202e-02 -5.399503740e-02 9.985412039e-01 0.000000000e+00 7.930982901e-02 0.000000000e+00 0.000000000e+00 1.000000000e+00 0.000000000e+00
9.985755779e-01 5.335555549e-02 0.000000000e+00 -9.486037058e-02 -5.335555549e-02 9.985755779e-01 0.000000000e+00 8.093345168e-02 0.000000000e+00 0.000000000e+00 1.000000000e+00 0.000000000e+00
9.983157086e-01 5.801504994e-02 0.000000000e+00 -1.009330910e-01 -5.801504994e-02 9.983157086e-01 0.000000000e+00 8.408688043e-02 0.000000000e+00 0.000000000e+00 1.000000000e+00 0.000000000e+00
9.989168345e-01 4.653125485e-02 0.000000000e+00 -1.000597252e-01 -4.653125485e-02 9.989168345e-01 0.000000000e+00 8.161052461e-02 0.000000000e+00 0.000000000e+00 1.000000000e+00 0.000000000e+00
9.989431118e-01 4.596367424e-02 0.000000000e+00 -9.959426417e-02 -4.596367424e-02 9.989431118e-01 0.000000000e+00 8.296015495e-02 0.000000000e+00 0.000000000e+00 1.000000000e+00 0.000000000e+00
9.989987466e-01 4.473817524e-02 0.000000000e+00 -9.670745824e-02 -4.473817524e-02 9.989987466e-01 0.000000000e+00 8.444706420e-02 0.000000000e+00 0.000000000e+00 1.000000000e+00 0.000000000e+00
9.991606590e-01 4.096312408e-02 0.000000000e+00 -1.003938393e-01 -4.096312408e-02 9.991606590e-01 0.000000000e+00 8.317287410e-02 0.000000000e+00 0.000000000e+00 1.000000000e+00 0.000000000e+00
9.992722395e-01 3.814434786e-02 0.000000000e+00 -9.658934358e-02 -3.814434786e-02 9.992722395e-01 0.000000000e+00 8.499398852e-02 0.000000000e+00 0.000000000e+00 1.000000000e+00 0.000000000e+00
9.990089939e-01 4.450876393e-02 0.000000000e+00 -9.784291565e-02 -4.450876393e-02 9.990089939e-01 0.000000000e+00 8.340684372e-02 0.000000000e+00 0.000000000e+00 1.000000000e+00 0.000000000e+00
9.990651235e-01 4.323053431e-02 0.000000000e+00 -9.570703151e-02 -4.323053431e-02 9.990651235e-01 0.000000000e+00 8.474105524e-02 0.000000000e+00 0.000000000e+00 1.000000000e+00 0.000000000e+00
9.989948675e-01 4.482471170e-02 0.000000000e+00 -9.745940121e-02 -4.482471170e-02 9.989948675e-01 0.000000000e+00 8.593043255e-02 0.000000000e+00 0.000000000e+00 1.000000000e+00 0.000000000e+00
9.984780188e-01 5.515111892e-02 0.000000000e+00 -1.039711039e-01 -5.515111892e-02 9.984780188e-01 0.000000000e+00 8.173275307e-02 0.000000000e+00 0.000000000e+00 1.000000000e+00 0.000000000e+00
9.984475928e-01 5.569923130e-02 0.000000000e+00 -1.037190558e-01 -5.569923130e-02 9.984475928e-01 0.000000000e+00 8.392675431e-02 0.000000000e+00 0.000000000e+00 1.000000000e+00 0.000000000e+00
9.983122368e-01 5.807476130e-02 0.000000000e+00 -1.077414207e-01 -5.807476130e-02 9.983122368e-01 0.000000000e+00 8.601152899e-02 0.000000000e+00 0.000000000e+00 1.000000000e+00 0.000000000e+00
9.977141377e-01 6.757587926e-02 0.000000000e+00 -1.141930420e-01 -6.757587926e-02 9.977141377e-01 0.000000000e+00 7.877100028e-02 0.000000000e+00 0.000000000e+00 1.000000000e+00 0.000000000e+00
9.977356540e-01 6.725745072e-02 0.000000000e+00 -1.131052967e-01 -6.725745072e-02 9.977356540e-01 0.000000000e+00 8.032616434e-02 0.000000000e+00 0.000000000e+00 1.000000000e+00 0.000000000e+00
9.977143908e-01 6.757214199e-02 0.000000000e+00 -1.142678956e-01 -6.757214199e-02 9.977143908e-01 0.000000000e+00 8.128838167e-02 0.000000000e+00 0.000000000e+00 1.000000000e+00 0.000000000e+00
9.993138483e-01 3.703825829e-02 0.000000000e+00 -8.436229997e-02 -3.703825829e-02 9.993138483e-01 0.000000000e+00 7.496399571e-02 0.000000000e+00 0.000000000e+00 1.000000000e+00 0.000000000e+00
9.994712009e-01 3.251643655e-02 0.000000000e+00 -7.865422967e-02 -3.251643655e-02 9.994712009e-01 0.000000000e+00 7.459046332e-02 0.000000000e+00 0.000000000e+00 1.000000000e+00 0.000000000e+00
9.995605217e-01 2.964394612e-02 0.000000000e+00 -7.751660135e-02 -2.964394612e-02 9.995605217e-01 0.000000000e+00 7.631808284e-02 0.000000000e+00 0.000000000e+00 1.000000000e+00 0.000000000e+00
9.994959866e-01 3.174543598e-02 0.000000000e+00 -8.378492369e-02 -3.174543598e-02 9.994959866e-01 0.000000000e+00 7.847214137e-02 0.000000000e+00 0.000000000e+00 1.000000000e+00 0.000000000e+00
9.993629956e-01 3.568757485e-02 0.000000000e+00 -8.748043044e-02 -3.568757485e-02 9.993629956e-01 0.000000000e+00 7.923204437e-02 0.000000000e+00 0.000000000e+00 1.000000000e+00 0.000000000e+00
9.987449347e-01 5.008548119e-02 0.000000000e+00 -1.009358736e-01 -5.008548119e-02 9.987449347e-01 0.000000000e+00 8.877929977e-02 0.000000000e+00 0.000000000e+00 1.000000000e+00 0.000000000e+00
9.987771782e-01 4.943832751e-02 0.000000000e+00 -1.009952044e-01 -4.943832751e-02 9.987771782e-01 0.000000000e+00 8.895441982e-02 0.000000000e+00 0.000000000e+00 1.000000000e+00 0.000000000e+00
9.987672659e-01 4.963817572e-02 0.000000000e+00 -9.916872472e-02 -4.963817572e-02 9.987672659e-01 0.000000000e+00 9.024955012e-02 0.000000000e+00 0.000000000e+00 1.000000000e+00 0.000000000e+00
9.986941759e-01 5.108760173e-02 0.000000000e+00 -1.062070514e-01 -5.108760173e-02 9.986941759e-01 0.000000000e+00 9.184234508e-02 0.000000000e+00 0.000000000e+00 1.000000000e+00 0.000000000e+00
9.985300967e-01 5.420005599e-02 0.000000000e+00 -1.102278326e-01 -5.420005599e-02 9.985300967e-01 0.000000000e+00 9.401044045e-02 0.000000000e+00 0.000000000e+00 1.000000000e+00 0.000000000e+00
9.985853856e-01 5.317168070e-02 0.000000000e+00 -1.097809484e-01 -5.317168070e-02 9.985853856e-01 0.000000000e+00 9.624413050e-02 0.000000000e+00 0.000000000e+00 1.000000000e+00 0.000000000e+00
9.984662773e-01 5.536328246e-02 0.000000000e+00 -1.140789267e-01 -5.536328246e-02 9.984662773e-01 0.000000000e+00 1.044454921e-01 0.000000000e+00 0.000000000e+00 1.000000000e+00 0.000000000e+00
9.982879832e-01 5.849019269e-02 0.000000000e+00 -1.189065421e-01 -5.849019269e-02 9.982879832e-01 0.000000000e+00 1.064973573e-01 0.000000000e+00 0.000000000e+00 1.000000000e+00 0.000000000e+00
9.980803952e-01 6.193161374e-02 0.000000000e+00 -1.253865165e-01 -6.193161374e-02 9.980803952e-01 0.000000000e+00 1.114604689e-01 0.000000000e+00 0.000000000e+00 1.000000000e+00 0.000000000e+00
9.980121898e-01 6.302117895e-02 0.000000000e+00 -1.277318174e-01 -6.302117895e-02 9.980121898e-01 0.000000000e+00 1.139868312e-01 0.000000000e+00 0.000000000e+00 1.000000000e+00 0.000000000e+00
9.979576999e-01 6.387823811e-02 0.000000000e+00 -1.296548191e-01 -6.387823811e-02 9.979576999e-01 0.000000000e+00 1.161911123e-01 0.000000000e+00 0.000000000e+00 1.000000000e+00 0.000000000e+00
9.960309932e-01 8.900708173e-02 0.000000000e+00 -1.417477019e-01 -8.900708173e-02 9.960309932e-01 0.000000000e+00 1.236190668e-01 0.000000000e+00 0.000000000e+00 1.000000000e+00 0.000000000e+00
9.960377582e-01 8.893134531e-02 0.000000000e+00 -1.430803435e-01 -8.893134531e-02 9.960377582e-01 0.000000000e+00 1.256677491e-01 0.000000000e+00 0.000000000e+00 1.000000000e+00 0.000000000e+00
9.958311041e-01 9.121629348e-02 0.000000000e+00 -1.438350715e-01 -9.121629348e-02 9.958311041e-01 0.000000000e+00 1.250542518e-01 0.000000000e+00 0.000000000e+00 1.000000000e+00 0.000000000e+00
9.967682879e-01 8.033044404e-02 0.000000000e+00 -1.350799209e-01 -8.033044404e-02 9.967682879e-01 0.000000000e+00 1.312747370e-01 0.000000000e+00 0.000000000e+00 1.000000000e+00 0.000000000e+00
9.972409968e-01 7.423202965e-02 0.000000000e+00 -1.287817642e-01 -7.423202965e-02 9.972409968e-01 0.000000000e+00 1.313746504e-01 0.000000000e+00 0.000000000e+00 1.000000000e+00 0.000000000e+00
9.998536300e-01 1.710901785e-02 0.000000000e+00 -6.722001037e-02 -1.710901785e-02 9.998536300e-01 0.000000000e+00 1.308029258e-01 0.000000000e+00 0.000000000e+00 1.000000000e+00 0.000000000e+00
9.998253302e-01 1.868981428e-02 0.000000000e+00 -7.044276561e-02 -1.868981428e-02 9.998253302e-01 0.000000000e+00 1.331473960e-01 0.000000000e+00 0.000000000e+00 1.000000000e+00 0.000000000e+00
9.997991287e-01 2.004251190e-02 0.000000000e+00 -7.314755008e-02 -2.004251190e-02 9.997991287e-01 0.000000000e+00 1.353823893e-01 0.000000000e+00 0.000000000e+00 1.000000000e+00 0.000000000e+00
9.997852648e-01 2.072255307e-02 0.000000000e+00 -7.051938116e-02 -2.072255307e-02 9.997852648e-01 0.000000000e+00 1.388965920e-01 0.000000000e+00 0.000000000e+00 1.000000000e+00 0.000000000e+00
9.998101200e-01 1.948650602e-02 0.000000000e+00 -7.008563832e-02 -1.948650602e-02 9.998101200e-01 0.000000000e+00 1.394895273e-01 0.000000000e+00 0.000000000e+00 1.000000000e+00 0.000000000e+00
9.997556913e-01 2.210334134e-02 0.000000000e+00 -7.438237574e-02 -2.210334134e-02 9.997556913e-01 0.000000000e+00 1.411862164e-01 0.000000000e+00 0.000000000e+00 1.000000000e+00 0.000000000e+00
9.996139529e-01 2.778389997e-02 0.000000000e+00 -8.148970862e-02 -2.778389997e-02 9.996139529e-01 0.000000000e+00 1.409469868e-01 0.000000000e+00 0.000000000e+00 1.000000000e+00 0.000000000e+00
9.995653159e-01 2.948184678e-02 0.000000000e+00 -8.350456121e-02 -2.948184678e-02 9.995653159e-01 0.000000000e+00 1.431611617e-01 0.000000000e+00 0.000000000e+00 1.000000000e+00 0.000000000e+00
9.996043194e-01 2.812835890e-02 0.000000000e+00 -8.076936160e-02 -2.812835890e-02 9.996043194e-01 0.000000000e+00 1.443856289e-01 0.000000000e+00 0.000000000e+00 1.000000000e+00 0.000000000e+00
9.996070601e-01 2.803079407e-02 0.000000000e+00 -7.800403267e-02 -2.803079407e-02 9.996070601e-01 0.000000000e+00 1.423018627e-01 0.000000000e+00 0.000000000e+00 1.000000000e+00 0.000000000e+00
9.997133791e-01 2.394075229e-02 0.000000000e+00 -7.208671520e-02 -2.394075229e-02 9.997133791e-01 0.000000000e+00 1.429658186e-01 0.000000000e+00 0.000000000e+00 1.000000000e+00 0.000000000e+00
9.993716060e-01 3.544563600e-02 0.000000000e+00 -8.681321194e-02 -3.544563600e-02 9.993716060e-01 0.000000000e+00 1.392034545e-01 0.000000000e+00 0.000000000e+00 1.000000000e+00 0.000000000e+00
9.995412074e-01 3.028819433e-02 0.000000000e+00 -8.118008497e-02 -3.028819433e-02 9.995412074e-01 0.000000000e+00 1.406210870e-01 0.000000000e+00 0.000000000e+00 1.000000000e+00 0.000000000e+00
9.996647585e-01 2.589151631e-02 0.000000000e+00 -7.405171004e-02 -2.589151631e-02 9.996647585e-01 0.000000000e+00 1.415132685e-01 0.000000000e+00 0.000000000e+00 1.000000000e+00 0.000000000e+00
9.997693305e-01 2.147756712e-02 0.000000000e+00 -6.661658365e-02 -2.147756712e-02 9.997693305e-01 0.000000000e+00 1.435549326e-01 0.000000000e+00 0.000000000e+00 1.000000000e+00 0.000000000e+00
9.997474492e-01 2.247304712e-02 0.000000000e+00 -6.909856078e-02 -2.247304712e-02 9.997474492e-01 0.000000000e+00 1.445629964e-01 0.000000000e+00 0.000000000e+00 1.000000000e+00 0.000000000e+00
9.997994049e-01 2.002872639e-02 0.000000000e+00 -6.670261783e-02 -2.002872639e-02 9.997994049e-01 0.000000000e+00 1.460382885e-01 0.000000000e+00 0.000000000e+00 1.000000000e+00 0.000000000e+00
9.984833158e-01 5.505513734e-02 0.000000000e+00 -8.883070079e-02 -5.505513734e-02 9.984833158e-01 0.000000000e+00 1.567758149e-01 0.000000000e+00 0.000000000e+00 1.000000000e+00 0.000000000e+00
9.989610382e-01 4.557240462e-02 0.000000000e+00 -7.765877651e-02 -4.557240462e-02 9.989610382e-01 0.000000000e+00 1.586608579e-01 0.000000000e+00 0.000000000e+00 1.000000000e+00 0.000000000e+00
9.984702404e-01 5.529176271e-02 0.000000000e+00 -8.969784445e-02 -5.529176271e-02 9.984702404e-01 0.000000000e+00 1.607022515e-01 0.000000000e+00 0.000000000e+00 1.000000000e+00 0.000000000e+00
9.999136002e-01 1.314504190e-02 0.000000000e+00 -6.627045386e-02 -1.314504190e-02 9.999136002e-01 0.000000000e+00 1.722484108e-01 0.000000000e+00 0.000000000e+00 1.000000000e+00 0.000000000e+00
9.999634054e-01 8.554992901e-03 0.000000000e+00 -6.008827141e-02 -8.554992901e-03 9.999634054e-01 0.000000000e+00 1.730544787e-01 0.000000000e+00 0.000000000e+00 1.000000000e+00 0.000000000e+00
9.991374316e-01 4.152580833e-02 0.000000000e+00 -8.265975721e-02 -4.152580833e-02 9.991374316e-01 0.000000000e+00 1.645602060e-01 0.000000000e+00 0.000000000e+00 1.000000000e+00 0.000000000e+00
9.990492232e-01 4.359643962e-02 0.000000000e+00 -8.620614498e-02 -4.359643962e-02 9.990492232e-01 0.000000000e+00 1.656193432e-01 0.000000000e+00 0.000000000e+00 1.000000000e+00 0.000000000e+00
9.994223481e-01 3.398485236e-02 0.000000000e+00 -7.482864105e-02 -3.398485236e-02 9.994223481e-01 0.000000000e+00 1.673984043e-01 0.000000000e+00 0.000000000e+00 1.000000000e+00 0.000000000e+00
9.988719132e-01 4.748579805e-02 0.000000000e+00 -9.636440916e-02 -4.748579805e-02 9.988719132e-01 0.000000000e+00 1.521891215e-01 0.000000000e+00 0.000000000e+00 1.000000000e+00 0.000000000e+00
9.987684624e-01 4.961409666e-02 0.000000000e+00 -9.858531710e-02 -4.961409666e-02 9.987684624e-01 0.000000000e+00 1.543740594e-01 0.000000000e+00 0.000000000e+00 1.000000000e+00 0.000000000e+00
9.988299031e-01 4.836139637e-02 0.000000000e+00 -9.631366773e-02 -4.836139637e-02 9.988299031e-01 0.000000000e+00 1.570469189e-01 0.000000000e+00 0.000000000e+00 1.000000000e+00 0.000000000e+00
9.963254775e-01 8.564778369e-02 0.000000000e+00 -1.249949162e-01 -8.564778369e-02 9.963254775e-01 0.000000000e+00 1.619605446e-01 0.000000000e+00 0.000000000e+00 1.000000000e+00 0.000000000e+00
9.961278805e-01 8.791612928e-02 0.000000000e+00 -1.273091941e-01 -8.791612928e-02 9.961278805e-01 0.000000000e+00 1.645785700e-01 0.000000000e+00 0.000000000e+00 1.000000000e+00 0.000000000e+00
9.962042384e-01 8.704662766e-02 0.000000000e+00 -1.268752915e-01 -8.704662766e-02 9.962042384e-01 0.000000000e+00 1.682874915e-01 0.000000000e+00 0.000000000e+00 1.000000000e+00 0.000000000e+00
9.999158804e-01 1.297042966e-02 0.000000000e+00 -7.515079166e-02 -1.297042966e-02 9.999158804e-01 0.000000000e+00 1.748528779e-01 0.000000000e+00 0.000000000e+00 1.000000000e+00 0.000000000e+00
9.999996445e-01 8.432102148e-04 0.000000000e+00 -6.232926502e-02 -8.432102148e-04 9.999996445e-01 0.000000000e+00 1.767254077e-01 0.000000000e+00 0.000000000e+00 1.000000000e+00 0.000000000e+00
9.996474565e-01 2.655113219e-02 0.000000000e+00 -8.066533935e-02 -2.655113219e-02 9.996474565e-01 0.000000000e+00 1.823999547e-01 0.000000000e+00 0.000000000e+00 1.000000000e+00 0.000000000e+00
9.996006451e-01 2.825863093e-02 0.000000000e+00 -8.359142360e-02 -2.825863093e-02 9.996006451e-01 0.000000000e+00 1.843320242e-01 0.000000000e+00 0.000000000e+00 1.000000000e+00 0.000000000e+00
9.995098722e-01 3.130519751e-02 0.000000000e+00 -8.858773796e-02 -3.130519751e-02 9.995098722e-01 0.000000000e+00 1.863041889e-01 0.000000000e+00 0.000000000e+00 1.000000000e+00 0.000000000e+00
9.993474117e-01 3.612133367e-02 0.000000000e+00 -9.321902533e-02 -3.612133367e-02 9.993474117e-01 0.000000000e+00 1.827970617e-01 0.000000000e+00 0.000000000e+00 1.000000000e+00 0.000000000e+00
9.988041490e-01 4.889040733e-02 0.000000000e+00 -1.090452179e-01 -4.889040733e-02 9.988041490e-01 0.000000000e+00 1.856302687e-01 0.000000000e+00 0.000000000e+00 1.000000000e+00 0.000000000e+00
9.989676627e-01 4.542696124e-02 0.000000000e+00 -1.054781696e-01 -4.542696124e-02 9.989676627e-01 0.000000000e+00 1.858315235e-01 0.000000000e+00 0.000000000e+00 1.000000000e+00 0.000000000e+00
9.997515897e-01 2.228809057e-02 0.000000000e+00 -8.638021229e-02 -2.228809057e-02 9.997515897e-01 0.000000000e+00 1.886957301e-01 0.000000000e+00 0.000000000e+00 1.000000000e+00 0.000000000e+00
9.997545502e-01 2.215489508e-02 0.000000000e+00 -8.416735167e-02 -2.215489508e-02 9.997545502e-01 0.000000000e+00 1.897610941e-01 0.000000000e+00 0.000000000e+00 1.000000000e+00 0.000000000e+00
9.998570104e-01 1.691031559e-02 0.000000000e+00 -7.815806346e-02 -1.691031559e-02 9.998570104e-01 0.000000000e+00 1.909638651e-01 0.000000000e+00 0.000000000e+00 1.000000000e+00 0.000000000e+00
9.995241253e-01 3.084676655e-02 0.000000000e+00 -8.887445342e-02 -3.084676655e-02 9.995241253e-01 0.000000000e+00 1.817554476e-01 0.000000000e+00 0.000000000e+00 1.000000000e+00 0.000000000e+00
9.995435837e-01 3.020967310e-02 0.000000000e+00 -8.837602438e-02 -3.020967310e-02 9.995435837e-01 0.000000000e+00 1.837149293e-01 0.000000000e+00 0.000000000e+00 1.000000000e+00 0.000000000e+00
9.999544159e-01 9.548095758e-03 0.000000000e+00 -7.094555334e-02 -9.548095758e-03 9.999544159e-01 0.000000000e+00 1.863803685e-01 0.000000000e+00 0.000000000e+00 1.000000000e+00 0.000000000e+00
9.998552369e-01 1.701485512e-02 0.000000000e+00 -8.005445280e-02 -1.701485512e-02 9.998552369e-01 0.000000000e+00 1.885335732e-01 0.000000000e+00 0.000000000e+00 1.000000000e+00 0.000000000e+00
9.999490994e-01 1.008952574e-02 0.000000000e+00 -7.026387996e-02 -1.008952574e-02 9.999490994e-01 0.000000000e+00 1.893489711e-01 0.000000000e+00 0.000000000e+00 1.000000000e+00 0.000000000e+00
9.998691194e-01 1.617850843e-02 0.000000000e+00 -6.850121963e-02 -1.617850843e-02 9.998691194e-01 0.000000000e+00 1.921303525e-01 0.000000000e+00 0.000000000e+00 1.000000000e+00 0.000000000e+00
